Turn
290
0.000 0.006 0.591 59.099 0.000 0.010 0.000 1.125
0.000 0.012 0.591 -0.025 0.000 0.010 0.000 1.125
0.000 0.027 1.476 88.520 0.000 0.010 0.000 1.125
0.001 0.047 2.063 58.697 0.000 0.010 0.001 1.125
0.002 0.074 2.645 58.175 0.000 0.010 0.002 1.125
0.003 0.106 3.218 57.322 0.000 0.010 0.003 1.125
0.004 0.144 3.778 56.056 0.000 0.010 0.004 1.125
0.006 0.187 4.321 54.298 0.000 0.010 0.006 1.125
0.008 0.235 4.841 51.972 0.000 0.010 0.008 1.125
0.011 0.289 5.331 49.002 0.000 0.010 0.011 1.125
0.015 0.346 5.784 45.320 0.000 0.010 0.015 1.125
0.019 0.406 5.911 12.649 0.000 0.010 0.019 1.125
0.023 0.463 5.719 -19.160 0.001 0.010 0.023 1.125
0.029 0.518 5.500 -21.960 0.001 0.010 0.029 1.125
0.034 0.570 5.253 -24.706 0.001 0.010 0.034 1.125
0.040 0.620 4.979 -27.395 0.002 0.010 0.040 1.125
0.047 0.667 4.678 -30.027 0.003 0.010 0.047 1.125
0.054 0.710 4.352 -32.604 0.004 0.010 0.054 1.125
0.062 0.750 4.001 -35.129 0.005 0.010 0.062 1.125
0.070 0.787 3.625 -37.607 0.006 0.010 0.070 1.125
0.078 0.819 3.225 -40.043 0.008 0.010 0.078 1.125
0.086 0.847 2.800 -42.445 0.010 0.010 0.086 1.125
0.095 0.870 2.352 -44.820 0.012 0.010 0.095 1.125
0.104 0.889 1.880 -47.175 0.015 0.010 0.104 1.125
0.113 0.903 1.385 -49.516 0.018 0.010 0.113 1.126
0.122 0.912 0.867 -51.847 0.022 0.010 0.122 1.126
0.131 0.915 0.325 -54.170 0.026 0.010 0.131 1.126
0.140 0.913 -0.240 -56.480 0.031 0.010 0.140 1.126
0.149 0.904 -0.828 -58.768 0.037 0.010 0.149 1.127
0.158 0.890 -1.438 -61.013 0.043 0.010 0.158 1.127
0.167 0.869 -2.070 -63.184 0.050 0.010 0.167 1.127
0.175 0.842 -2.722 -65.238 0.058 0.010 0.175 1.128
0.183 0.808 -3.393 -67.109 0.066 0.010 0.183 1.128
0.191 0.767 -4.080 -68.713 0.076 0.010 0.191 1.129
0.198 0.719 -4.780 -69.938 0.087 0.010 0.198 1.129
0.205 0.665 -5.486 -70.641 0.098 0.010 0.205 1.130
0.211 0.603 -6.192 -70.646 0.111 0.010 0.211 1.131
0.216 0.534 -6.890 -69.736 0.125 0.010 0.216 1.131
0.221 0.458 -7.566 -67.657 0.141 0.010 0.221 1.132
0.225 0.376 -8.208 -64.113 0.157 0.010 0.224 1.132
0.227 0.288 -8.795 -58.777 0.175 0.010 0.227 1.133
0.229 0.195 -9.308 -51.300 0.194 0.010 0.229 1.133
0.230 0.098 -9.722 -41.327 0.215 0.010 0.230 1.133
0.230 0.002 -9.539 18.285 0.238 0.010 0.230 1.133
0.231 0.104 10.133 1967.157 0.261 0.010 0.229 1.133
0.234 0.204 10.069 -6.349 0.287 0.010 0.227 1.133
0.237 0.302 9.783 -28.686 0.313 0.010 0.224 1.132
0.240 0.395 9.244 -53.852 0.341 0.010 0.220 1.131
0.245 0.479 8.430 -81.352 0.371 0.010 0.216 1.129
0.251 0.552 7.328 -110.295 0.401 0.010 0.211 1.127
0.257 0.612 5.933 -139.474 0.433 0.010 0.205 1.124
0.263 0.654 4.259 -167.421 0.466 0.010 0.199 1.121
0.270 0.677 2.333 -192.514 0.499 0.010 0.193 1.118
0.277 0.679 0.202 -213.134 0.533 0.010 0.187 1.115
0.284 0.659 -2.076 -227.849 0.568 0.010 0.182 1.111
0.290 0.614 -4.432 -235.604 0.602 0.010 0.177 1.108
0.295 0.546 -6.791 -235.859 0.637 0.010 0.172 1.105
0.300 0.456 -9.078 -228.671 0.671 0.010 0.169 1.102
0.303 0.343 -11.225 -214.679 0.705 0.010 0.166 1.100
0.305 0.212 -13.175 -195.009 0.739 0.010 0.164 1.099
0.306 0.063 -14.886 -171.113 0.771 0.010 0.164 1.098
0.307 0.100 3.761 1864.679 0.803 0.010 0.165 1.099
0.310 0.275 17.503 1374.158 0.834 0.010 0.166 1.101
0.314 0.460 18.401 89.869 0.864 0.010 0.170 1.104
0.321 0.650 19.043 64.133 0.892 0.010 0.174 1.109
0.329 0.844 19.449 40.683 0.920 0.010 0.179 1.116
0.340 1.041 19.650 20.021 0.946 0.010 0.185 1.124
0.352 1.238 19.673 2.380 0.971 0.010 0.192 1.134
0.366 1.433 19.551 -12.223 0.995 0.010 0.200 1.146
0.383 1.626 19.312 -23.936 1.018 0.010 0.209 1.160
0.401 1.816 18.982 -33.007 1.039 0.010 0.218 1.176
0.421 2.002 18.584 -39.745 1.060 0.010 0.228 1.193
0.443 2.183 18.140 -44.480 1.080 0.010 0.239 1.212
0.466 2.360 17.664 -47.537 1.098 0.010 0.250 1.233
0.492 2.532 17.172 -49.225 1.116 0.010 0.261 1.256
0.519 2.698 16.674 -49.817 1.133 0.010 0.273 1.280
0.547 2.860 16.178 -49.549 1.149 0.010 0.284 1.306
0.577 3.017 15.692 -48.630 1.164 0.010 0.297 1.334
0.609 3.169 15.220 -47.227 1.178 0.010 0.309 1.363
0.642 3.317 14.765 -45.479 1.192 0.010 0.321 1.394
0.677 3.460 14.330 -43.496 1.204 0.010 0.334 1.426
0.713 3.599 13.916 -41.369 1.217 0.010 0.347 1.460
0.750 3.735 13.525 -39.164 1.228 0.010 0.359 1.495
0.789 3.866 13.155 -36.936 1.239 0.010 0.372 1.531
0.829 3.994 12.808 -34.721 1.250 0.010 0.385 1.569
0.870 4.119 12.483 -32.551 1.260 0.010 0.398 1.608
0.912 4.241 12.178 -30.443 1.269 0.010 0.411 1.649
0.956 4.360 11.894 -28.413 1.278 0.010 0.423 1.690
1.001 4.476 11.629 -26.468 1.286 0.010 0.436 1.733
1.047 4.590 11.383 -24.612 1.294 0.010 0.449 1.777
1.094 4.702 11.155 -22.849 1.302 0.010 0.462 1.823
1.142 4.811 10.943 -21.175 1.309 0.010 0.474 1.869
1.191 4.918 10.747 -19.590 1.316 0.010 0.487 1.917
1.241 5.024 10.566 -18.088 1.323 0.010 0.499 1.965
1.292 5.128 10.400 -16.666 1.329 0.010 0.512 2.015
1.345 5.231 10.246 -15.317 1.334 0.010 0.524 2.066
1.398 5.332 10.106 -14.039 1.340 0.010 0.536 2.118
1.452 5.431 9.978 -12.820 1.345 0.010 0.549 2.171
1.508 5.530 9.861 -11.661 1.350 0.010 0.561 2.225
1.564 5.628 9.756 -10.550 1.355 0.010 0.573 2.279
1.621 5.724 9.661 -9.484 1.359 0.010 0.585 2.335
1.679 5.820 9.576 -8.457 1.363 0.010 0.597 2.392
1.739 5.915 9.502 -7.459 1.367 0.010 0.609 2.450
1.799 6.009 9.437 -6.489 1.370 0.010 0.622 2.509
1.860 6.103 9.381 -5.535 1.373 0.010 0.634 2.569
1.922 6.197 9.335 -4.594 1.376 0.010 0.646 2.630
1.985 6.289 9.299 -3.656 1.379 0.010 0.658 2.691
2.048 6.382 9.272 -2.717 1.382 0.010 0.670 2.754
2.113 6.475 9.254 -1.766 1.384 0.010 0.682 2.818
2.179 6.567 9.246 -0.795 1.386 0.010 0.694 2.882
2.245 6.660 9.248 0.203 1.388 0.010 0.706 2.948
2.313 6.752 9.261 1.241 1.389 0.010 0.718 3.014
2.381 6.845 9.284 2.328 1.390 0.010 0.731 3.081
2.451 6.938 9.319 3.479 1.392 0.010 0.743 3.150
2.521 7.032 9.366 4.707 1.392 0.010 0.756 3.219
2.592 7.126 9.426 6.030 1.393 0.010 0.768 3.289
2.665 7.221 9.501 7.467 1.393 0.010 0.781 3.360
2.738 7.317 9.591 9.040 1.393 0.010 0.794 3.432
2.812 7.414 9.699 10.777 1.393 0.010 0.807 3.505
2.887 7.512 9.826 12.709 1.392 0.010 0.821 3.579
2.963 7.612 9.975 14.875 1.391 0.010 0.834 3.654
3.040 7.714 10.148 17.319 1.390 0.010 0.848 3.730
3.118 7.817 10.349 20.098 1.388 0.010 0.862 3.807
3.198 7.923 10.582 23.280 1.386 0.010 0.876 3.885
3.278 8.031 10.851 26.946 1.384 0.010 0.891 3.964
3.359 8.143 11.163 31.203 1.381 0.010 0.907 4.044
3.442 8.258 11.525 36.177 1.378 0.010 0.922 4.125
3.526 8.378 11.945 42.031 1.374 0.010 0.938 4.207
3.611 8.502 12.435 48.970 1.370 0.010 0.955 4.290
3.697 8.632 13.008 57.257 1.365 0.010 0.973 4.375
3.785 8.769 13.680 67.232 1.360 0.010 0.991 4.461
3.874 8.914 14.473 79.335 1.354 0.010 1.010 4.548
3.965 9.068 15.415 94.149 1.347 0.010 1.029 4.636
4.057 9.233 16.539 112.447 1.339 0.010 1.050 4.726
4.151 9.409 17.559 102.029 1.330 0.010 1.072 4.818
4.247 9.594 18.512 95.274 1.320 0.010 1.096 4.911
4.345 9.792 19.785 127.327 1.309 0.010 1.120 5.005
4.445 10.007 21.467 168.146 1.296 0.010 1.147 5.102
4.547 10.243 23.674 220.702 1.282 0.010 1.175 5.200
4.652 10.509 26.565 289.152 1.265 0.010 1.206 5.301
4.761 10.813 30.359 379.406 1.246 0.010 1.240 5.403
4.872 11.166 35.359 499.959 1.224 0.010 1.276 5.509
4.988 11.586 41.990 663.086 1.198 0.010 1.317 5.617
5.109 12.095 50.856 886.625 1.168 0.010 1.363 5.729
5.236 12.719 62.474 1161.763 1.132 0.010 1.415 5.845
5.371 13.502 78.314 1584.054 1.090 0.010 1.475 5.966
5.516 14.506 100.393 2207.815 1.038 0.010 1.545 6.093
5.674 15.811 130.503 3011.035 0.974 0.010 1.630 6.227
5.850 17.519 170.752 4024.920 0.896 0.010 1.734 6.368
6.047 19.733 221.375 5062.281 0.797 0.010 1.864 6.516
6.272 22.486 275.353 5397.857 0.673 0.010 2.031 6.667
6.527 25.564 307.801 3244.720 0.521 0.010 2.242 6.811
6.810 28.259 269.436 -3836.496 0.345 0.010 2.499 6.929
7.105 29.455 119.602 -14983.354 0.158 0.010 2.784 7.003
7.389 28.479 -97.527 -21712.883 6.262 0.010 3.068 7.022
7.648 25.846 -263.366 -16583.948 6.106 0.010 3.325 6.996
7.875 22.676 -316.966 -5359.995 5.977 0.010 3.545 6.942
8.072 19.763 -291.325 2564.113 5.874 0.010 3.730 6.872
8.246 17.382 -238.065 5326.019 5.792 0.010 3.887 6.797
8.401 15.525 -185.754 5231.049 5.725 0.010 4.021 6.719
8.542 14.091 -143.357 4239.735 5.671 0.010 4.139 6.641
8.672 12.978 -111.298 3205.926 5.626 0.010 4.243 6.564
8.793 12.102 -87.593 2370.429 5.588 0.010 4.337 6.488
8.907 11.401 -70.098 1749.577 5.556 0.010 4.424 6.414
9.015 10.830 -57.085 1301.265 5.528 0.010 4.504 6.340
9.119 10.357 -47.292 979.278 5.504 0.010 4.578 6.269
9.218 9.959 -39.824 746.837 5.483 0.010 4.648 6.198
9.315 9.619 -34.051 577.316 5.464 0.010 4.715 6.128
9.408 9.323 -29.529 452.189 5.448 0.010 4.778 6.060
9.499 9.064 -25.943 358.605 5.433 0.010 4.838 5.992
9.587 8.833 -23.066 287.719 5.420 0.010 4.896 5.925
9.673 8.626 -20.732 233.356 5.407 0.010 4.952 5.859
9.757 8.438 -18.820 191.157 5.396 0.010 5.005 5.794
9.840 8.265 -17.240 158.050 5.386 0.010 5.057 5.730
9.921 8.106 -15.922 131.790 5.377 0.010 5.107 5.666
10.001 7.958 -14.814 110.765 5.369 0.010 5.156 5.603
10.079 7.819 -13.877 93.776 5.361 0.010 5.204 5.541
10.156 7.688 -13.077 79.928 5.354 0.010 5.250 5.480
10.232 7.564 -12.392 68.562 5.347 0.010 5.295 5.419
10.306 7.446 -11.800 59.148 5.341 0.010 5.339 5.359
10.379 7.334 -11.287 51.308 5.335 0.010 5.382 5.299
10.452 7.225 -10.840 44.737 5.329 0.010 5.424 5.241
10.523 7.121 -10.448 39.189 5.324 0.010 5.465 5.182
10.593 7.020 -10.103 34.487 5.319 0.010 5.505 5.125
10.662 6.922 -9.798 30.472 5.315 0.010 5.544 5.068
10.730 6.826 -9.528 27.034 5.311 0.010 5.583 5.012
10.798 6.734 -9.287 24.070 5.307 0.010 5.621 4.956
10.864 6.643 -9.072 21.508 5.303 0.010 5.658 4.901
10.930 6.554 -8.879 19.283 5.299 0.010 5.694 4.846
10.994 6.467 -8.706 17.343 5.296 0.010 5.730 4.792
11.058 6.381 -8.550 15.643 5.293 0.010 5.765 4.739
11.121 6.297 -8.408 14.149 5.290 0.010 5.799 4.686
11.183 6.215 -8.280 12.836 5.287 0.010 5.833 4.634
11.245 6.133 -8.163 11.670 5.285 0.010 5.867 4.583
11.305 6.052 -8.057 10.640 5.282 0.010 5.899 4.532
11.365 5.973 -7.959 9.722 5.280 0.010 5.931 4.481
11.424 5.894 -7.870 8.904 5.277 0.010 5.963 4.432
11.482 5.816 -7.789 8.172 5.275 0.010 5.994 4.383
11.539 5.739 -7.713 7.515 5.273 0.010 6.025 4.334
11.596 5.663 -7.644 6.928 5.271 0.010 6.055 4.286
11.652 5.587 -7.580 6.395 5.269 0.010 6.084 4.239
11.707 5.512 -7.521 5.917 5.268 0.010 6.113 4.192
11.761 5.437 -7.466 5.482 5.266 0.010 6.142 4.146
11.815 5.363 -7.415 5.093 5.264 0.010 6.170 4.100
11.868 5.289 -7.368 4.732 5.263 0.010 6.198 4.055
11.920 5.216 -7.324 4.412 5.261 0.010 6.225 4.010
11.972 5.143 -7.283 4.112 5.260 0.010 6.252 3.966
12.022 5.071 -7.244 3.846 5.259 0.010 6.278 3.923
12.072 4.999 -7.208 3.597 5.257 0.010 6.304 3.880
12.121 4.927 -7.175 3.374 5.256 0.010 6.330 3.838
12.170 4.855 -7.143 3.165 5.255 0.010 6.355 3.797
12.218 4.784 -7.113 2.976 5.254 0.010 6.380 3.756
12.265 4.713 -7.085 2.802 5.253 0.010 6.404 3.715
12.311 4.643 -7.059 2.641 5.252 0.010 6.428 3.676
12.357 4.572 -7.034 2.493 5.251 0.010 6.451 3.636
12.402 4.502 -7.010 2.356 5.250 0.010 6.474 3.598
12.447 4.432 -6.988 2.230 5.249 0.010 6.497 3.560
12.490 4.363 -6.967 2.113 5.248 0.010 6.519 3.522
12.533 4.293 -6.947 2.005 5.248 0.010 6.541 3.485
12.575 4.224 -6.928 1.905 5.247 0.010 6.563 3.449
12.617 4.155 -6.910 1.811 5.246 0.010 6.584 3.413
12.658 4.086 -6.892 1.725 5.246 0.010 6.605 3.378
12.698 4.017 -6.876 1.646 5.245 0.010 6.625 3.343
12.737 3.949 -6.860 1.570 5.244 0.010 6.645 3.309
12.776 3.880 -6.845 1.499 5.244 0.010 6.665 3.276
12.814 3.812 -6.831 1.437 5.243 0.010 6.684 3.243
12.852 3.744 -6.817 1.373 5.243 0.010 6.703 3.211
12.888 3.676 -6.804 1.318 5.242 0.010 6.722 3.179
12.925 3.608 -6.791 1.265 5.242 0.010 6.740 3.148
12.960 3.540 -6.779 1.214 5.241 0.010 6.758 3.117
12.995 3.472 -6.767 1.169 5.241 0.010 6.775 3.087
13.029 3.405 -6.756 1.123 5.241 0.010 6.792 3.058
13.062 3.337 -6.745 1.083 5.240 0.010 6.809 3.029
13.095 3.270 -6.735 1.044 5.240 0.010 6.826 3.001
13.127 3.203 -6.725 1.007 5.240 0.010 6.842 2.973
13.158 3.136 -6.715 0.972 5.239 0.010 6.858 2.946
13.189 3.069 -6.706 0.939 5.239 0.010 6.873 2.919
13.219 3.002 -6.697 0.908 5.239 0.010 6.888 2.894
13.248 2.935 -6.688 0.878 5.239 0.010 6.903 2.868
13.277 2.868 -6.679 0.851 5.238 0.010 6.917 2.843
13.305 2.801 -6.671 0.823 5.238 0.010 6.931 2.819
13.332 2.735 -6.663 0.798 5.238 0.010 6.945 2.795
13.359 2.668 -6.655 0.774 5.238 0.010 6.958 2.772
13.385 2.601 -6.648 0.749 5.238 0.010 6.971 2.750
13.410 2.535 -6.641 0.727 5.237 0.010 6.984 2.728
13.435 2.469 -6.634 0.705 5.237 0.010 6.997 2.707
13.459 2.402 -6.627 0.684 5.237 0.010 7.009 2.686
13.482 2.336 -6.620 0.663 5.237 0.010 7.020 2.666
13.505 2.270 -6.614 0.643 5.237 0.010 7.032 2.646
13.527 2.204 -6.607 0.624 5.237 0.010 7.043 2.627
13.549 2.138 -6.601 0.605 5.237 0.010 7.053 2.608
13.569 2.072 -6.596 0.586 5.237 0.010 7.064 2.590
13.589 2.006 -6.590 0.568 5.237 0.010 7.074 2.573
13.609 1.940 -6.584 0.550 5.237 0.010 7.084 2.556
13.627 1.875 -6.579 0.532 5.236 0.010 7.093 2.540
13.646 1.809 -6.574 0.515 5.236 0.010 7.102 2.524
13.663 1.743 -6.569 0.497 5.236 0.010 7.111 2.509
13.680 1.677 -6.564 0.480 5.236 0.010 7.119 2.495
13.696 1.612 -6.560 0.462 5.236 0.010 7.127 2.481
13.711 1.546 -6.555 0.445 5.236 0.010 7.135 2.467
13.726 1.481 -6.551 0.428 5.236 0.010 7.142 2.455
13.740 1.415 -6.547 0.411 5.236 0.010 7.149 2.442
13.754 1.350 -6.543 0.394 5.236 0.010 7.156 2.431
13.767 1.285 -6.539 0.377 5.236 0.010 7.163 2.419
13.779 1.219 -6.535 0.359 5.236 0.010 7.169 2.409
13.790 1.154 -6.532 0.342 5.236 0.010 7.174 2.399
13.801 1.089 -6.529 0.325 5.236 0.010 7.180 2.389
13.811 1.023 -6.526 0.307 5.236 0.010 7.185 2.381
13.821 0.958 -6.523 0.289 5.236 0.010 7.190 2.372
13.830 0.893 -6.520 0.272 5.236 0.010 7.194 2.365
13.838 0.828 -6.518 0.254 5.236 0.010 7.198 2.357
13.846 0.763 -6.515 0.236 5.236 0.010 7.202 2.351
13.853 0.697 -6.513 0.218 5.236 0.010 7.206 2.345
13.859 0.632 -6.511 0.200 5.236 0.010 7.209 2.339
13.865 0.567 -6.509 0.181 5.236 0.010 7.212 2.334
13.870 0.502 -6.508 0.163 5.236 0.010 7.214 2.330
13.874 0.437 -6.506 0.145 5.236 0.010 7.216 2.326
13.878 0.372 -6.505 0.126 5.236 0.010 7.218 2.323
13.881 0.309 -6.274 23.093 5.236 0.010 7.220 2.320
13.884 0.252 -5.748 52.623 5.236 0.010 7.221 2.318
13.886 0.200 -5.156 59.167 5.236 0.010 7.222 2.316
13.887 0.155 -4.565 59.147 5.236 0.010 7.223 2.315
13.888 0.115 -3.973 59.132 5.236 0.010 7.223 2.314
13.889 0.081 -3.382 59.120 5.236 0.010 7.224 2.313
13.890 0.053 -2.791 59.111 5.236 0.010 7.224 2.313
13.890 0.031 -2.200 59.105 5.236 0.010 7.224 2.313
13.890 0.015 -1.609 59.102 5.236 0.010 7.224 2.313
13.890 0.005 -1.018 59.100 5.236 0.010 7.224 2.313
13.890 0.001 -0.427 59.099 5.236 0.010 7.224 2.313
13.890 0.000 -0.066 36.117 5.236 0.010 7.224 2.313
0.000 0.006 0.591 59.099 0.000 0.010 0.000 -1.125
0.000 0.012 0.591 0.025 0.000 0.010 0.000 -1.125
0.000 0.027 1.479 88.776 0.000 0.010 0.000 -1.125
0.001 0.047 2.074 59.500 0.000 0.010 0.001 -1.125
0.002 0.074 2.674 60.022 0.000 0.010 0.002 -1.125
0.003 0.107 3.283 60.875 0.000 0.010 0.003 -1.125
0.004 0.146 3.904 62.141 0.000 0.010 0.004 -1.125
0.006 0.191 4.543 63.899 0.000 0.010 0.006 -1.125
0.009 0.243 5.206 66.225 0.000 0.010 0.009 -1.125
0.012 0.302 5.898 69.195 0.000 0.010 0.012 -1.125
0.015 0.369 6.626 72.877 0.000 0.010 0.015 -1.125
0.020 0.440 7.091 46.450 0.000 0.010 0.020 -1.125
0.025 0.512 7.282 19.160 0.001 0.010 0.025 -1.125
0.031 0.587 7.502 21.960 0.001 0.010 0.031 -1.125
0.037 0.665 7.749 24.706 0.001 0.010 0.037 -1.125
0.045 0.745 8.023 27.395 0.002 0.010 0.045 -1.125
0.053 0.828 8.323 30.027 0.003 0.010 0.053 -1.125
0.062 0.915 8.649 32.604 0.004 0.010 0.062 -1.125
0.072 1.005 9.001 35.129 0.005 0.010 0.072 -1.125
0.083 1.099 9.377 37.606 0.006 0.010 0.083 -1.125
0.095 1.196 9.777 40.043 0.008 0.010 0.095 -1.125
0.108 1.298 10.202 42.444 0.010 0.010 0.108 -1.125
0.122 1.405 10.650 44.819 0.012 0.010 0.122 -1.124
0.137 1.516 11.122 47.174 0.015 0.010 0.137 -1.124
0.154 1.632 11.617 49.515 0.018 0.010 0.154 -1.124
0.171 1.754 12.135 51.846 0.022 0.010 0.171 -1.124
0.190 1.880 12.677 54.169 0.026 0.010 0.190 -1.123
0.210 2.013 13.242 56.479 0.031 0.010 0.210 -1.123
0.232 2.151 13.829 58.765 0.037 0.010 0.232 -1.122
0.255 2.296 14.439 61.010 0.043 0.010 0.255 -1.121
0.279 2.446 15.071 63.181 0.050 0.010 0.279 -1.120
0.305 2.604 15.723 65.234 0.058 0.010 0.305 -1.118
0.333 2.767 16.395 67.104 0.066 0.010 0.333 -1.117
0.362 2.938 17.082 68.707 0.076 0.010 0.362 -1.115
0.393 3.116 17.781 69.931 0.087 0.010 0.393 -1.112
0.426 3.301 18.487 70.633 0.098 0.010 0.426 -1.109
0.461 3.493 19.194 70.637 0.111 0.010 0.461 -1.105
0.498 3.692 19.891 69.726 0.125 0.010 0.497 -1.101
0.537 3.897 20.567 67.645 0.141 0.010 0.536 -1.096
0.578 4.110 21.208 64.100 0.157 0.010 0.577 -1.090
0.622 4.328 21.796 58.763 0.175 0.010 0.619 -1.083
0.667 4.551 22.309 51.284 0.194 0.010 0.664 -1.074
0.715 4.778 22.722 41.311 0.215 0.010 0.711 -1.065
0.765 5.008 23.007 28.519 0.238 0.010 0.760 -1.053
0.817 5.239 23.134 12.649 0.261 0.010 0.810 -1.040
0.872 5.470 23.069 -6.437 0.287 0.010 0.863 -1.026
0.929 5.698 22.782 -28.701 0.313 0.010 0.917 -1.009
0.988 5.920 22.244 -53.864 0.341 0.010 0.973 -0.990
1.049 6.134 21.430 -81.359 0.371 0.010 1.031 -0.968
1.113 6.338 20.327 -110.297 0.401 0.010 1.090 -0.945
1.178 6.527 18.932 -139.470 0.433 0.010 1.149 -0.918
1.245 6.700 17.258 -167.411 0.466 0.010 1.210 -0.889
1.314 6.853 15.333 -192.496 0.499 0.010 1.270 -0.857
1.384 6.985 13.202 -213.109 0.533 0.010 1.331 -0.823
1.454 7.094 10.924 -227.818 0.568 0.010 1.392 -0.786
1.526 7.180 8.568 -235.568 0.602 0.010 1.451 -0.746
1.599 7.242 6.210 -235.819 0.637 0.010 1.510 -0.704
1.671 7.281 3.924 -228.631 0.671 0.010 1.568 -0.660
1.744 7.299 1.777 -214.640 0.705 0.010 1.625 -0.613
1.817 7.297 -0.172 -194.974 0.739 0.010 1.679 -0.565
1.890 7.278 -1.883 -171.088 0.771 0.010 1.732 -0.515
1.963 7.245 -3.329 -144.592 0.803 0.010 1.783 -0.464
2.035 7.200 -4.500 -117.044 0.834 0.010 1.833 -0.411
2.106 7.146 -5.398 -89.850 0.864 0.010 1.880 -0.358
2.177 7.086 -6.039 -64.120 0.892 0.010 1.925 -0.303
2.247 7.021 -6.446 -40.678 0.920 0.010 1.968 -0.248
2.317 6.955 -6.646 -20.020 0.946 0.010 2.010 -0.192
2.386 6.888 -6.670 -2.383 0.971 0.010 2.049 -0.136
2.454 6.823 -6.548 12.220 0.995 0.010 2.087 -0.079
2.521 6.760 -6.309 23.929 1.018 0.010 2.123 -0.022
2.588 6.700 -5.979 33.000 1.039 0.010 2.158 0.036
2.655 6.644 -5.581 39.735 1.060 0.010 2.191 0.093
2.721 6.593 -5.137 44.470 1.080 0.010 2.223 0.151
2.786 6.546 -4.661 47.530 1.098 0.010 2.253 0.209
2.851 6.504 -4.169 49.216 1.116 0.010 2.282 0.267
2.916 6.468 -3.671 49.806 1.133 0.010 2.310 0.326
2.980 6.436 -3.176 49.543 1.149 0.010 2.337 0.384
3.044 6.409 -2.689 48.622 1.164 0.010 2.363 0.443
3.108 6.387 -2.217 47.220 1.178 0.010 2.388 0.502
3.172 6.369 -1.763 45.471 1.192 0.010 2.412 0.561
3.236 6.356 -1.328 43.491 1.204 0.010 2.435 0.620
3.299 6.347 -0.914 41.362 1.217 0.010 2.457 0.679
3.362 6.342 -0.522 39.161 1.228 0.010 2.479 0.739
3.426 6.340 -0.153 36.930 1.239 0.010 2.500 0.799
3.489 6.342 0.194 34.717 1.250 0.010 2.520 0.859
3.553 6.347 0.520 32.546 1.260 0.010 2.540 0.919
3.616 6.355 0.824 30.440 1.269 0.010 2.559 0.980
3.680 6.366 1.108 28.410 1.278 0.010 2.578 1.041
3.744 6.380 1.373 26.464 1.286 0.010 2.596 1.102
3.808 6.396 1.619 24.611 1.294 0.010 2.613 1.163
3.872 6.415 1.847 22.846 1.302 0.010 2.631 1.225
3.936 6.435 2.059 21.173 1.309 0.010 2.648 1.287
4.001 6.458 2.255 19.587 1.316 0.010 2.664 1.350
4.066 6.482 2.436 18.086 1.323 0.010 2.680 1.412
4.131 6.508 2.602 16.664 1.329 0.010 2.696 1.475
4.196 6.536 2.756 15.316 1.334 0.010 2.711 1.539
4.262 6.565 2.896 14.036 1.340 0.010 2.727 1.603
4.328 6.595 3.024 12.821 1.345 0.010 2.742 1.667
4.394 6.627 3.141 11.659 1.350 0.010 2.756 1.732
4.461 6.659 3.246 10.550 1.355 0.010 2.771 1.797
4.527 6.692 3.341 9.484 1.359 0.010 2.785 1.862
4.595 6.727 3.426 8.455 1.363 0.010 2.799 1.928
4.662 6.762 3.500 7.460 1.367 0.010 2.813 1.994
4.730 6.797 3.565 6.487 1.370 0.010 2.826 2.061
4.799 6.834 3.620 5.535 1.373 0.010 2.840 2.128
4.867 6.870 3.666 4.593 1.376 0.010 2.853 2.195
4.936 6.907 3.703 3.656 1.379 0.010 2.867 2.263
5.006 6.945 3.730 2.716 1.382 0.010 2.880 2.331
5.076 6.982 3.748 1.765 1.384 0.010 2.893 2.400
5.146 7.020 3.756 0.795 1.386 0.010 2.906 2.469
5.216 7.057 3.754 -0.204 1.388 0.010 2.919 2.538
5.287 7.094 3.741 -1.241 1.389 0.010 2.931 2.608
5.359 7.132 3.718 -2.329 1.390 0.010 2.944 2.678
5.430 7.169 3.683 -3.480 1.392 0.010 2.957 2.748
5.502 7.205 3.636 -4.708 1.392 0.010 2.970 2.819
5.575 7.241 3.576 -6.031 1.393 0.010 2.983 2.891
5.648 7.276 3.501 -7.468 1.393 0.010 2.996 2.962
5.721 7.310 3.411 -9.041 1.393 0.010 3.009 3.034
5.794 7.343 3.303 -10.778 1.393 0.010 3.022 3.106
5.868 7.375 3.176 -12.711 1.392 0.010 3.035 3.179
5.942 7.405 3.027 -14.876 1.391 0.010 3.048 3.252
6.016 7.433 2.854 -17.321 1.390 0.010 3.061 3.325
6.091 7.460 2.653 -20.100 1.388 0.010 3.075 3.398
6.166 7.484 2.420 -23.282 1.386 0.010 3.088 3.472
6.241 7.506 2.150 -26.950 1.384 0.010 3.102 3.546
6.316 7.524 1.838 -31.206 1.381 0.010 3.116 3.620
6.391 7.539 1.477 -36.181 1.378 0.010 3.131 3.694
6.467 7.549 1.056 -42.035 1.374 0.010 3.145 3.768
6.542 7.555 0.566 -48.976 1.370 0.010 3.160 3.842
6.618 7.555 -0.006 -57.265 1.365 0.010 3.175 3.916
6.693 7.548 -0.679 -67.241 1.360 0.010 3.191 3.990
6.769 7.533 -1.472 -79.348 1.354 0.010 3.207 4.063
6.844 7.509 -2.414 -94.165 1.347 0.010 3.223 4.137
6.919 7.474 -3.538 -112.467 1.339 0.010 3.240 4.209
6.993 7.422 -5.150 -161.154 1.330 0.010 3.258 4.281
7.066 7.349 -7.285 -213.507 1.320 0.010 3.275 4.353
7.139 7.252 -9.741 -245.569 1.309 0.010 3.294 4.423
7.210 7.126 -12.605 -286.408 1.296 0.010 3.313 4.492
7.280 6.966 -15.995 -338.985 1.282 0.010 3.332 4.559
7.347 6.765 -20.069 -407.468 1.265 0.010 3.352 4.623
7.413 6.515 -25.047 -497.776 1.246 0.010 3.372 4.685
7.475 6.203 -31.231 -618.400 1.224 0.010 3.392 4.744
7.533 5.812 -39.048 -781.646 1.198 0.010 3.413 4.798
7.586 5.321 -49.101 -1005.373 1.168 0.010 3.433 4.847
7.633 4.697 -62.369 -1326.765 1.132 0.010 3.452 4.890
7.672 3.899 -79.864 -1749.544 1.090 0.010 3.469 4.925
7.701 2.867 -103.146 -2328.163 1.038 0.010 3.483 4.950
7.716 1.523 -134.473 -3132.677 0.974 0.010 3.491 4.963
7.718 0.237 -128.520 595.288 0.896 0.010 3.490 4.962
7.743 2.516 227.838 35635.789 0.797 0.010 3.473 4.943
7.797 5.347 283.166 5532.794 0.673 0.010 3.433 4.907
7.882 8.517 316.943 3377.717 0.521 0.010 3.363 4.859
7.995 11.315 279.778 -3716.488 0.345 0.010 3.260 4.812
8.121 12.623 130.839 -14893.924 0.158 0.010 3.138 4.781
8.239 11.767 -85.606 -21644.459 6.262 0.010 3.020 4.772
8.332 9.257 -251.046 -16544.048 6.106 0.010 2.928 4.781
8.394 6.211 -304.520 -5347.393 5.977 0.010 2.868 4.796
8.428 3.424 -278.733 2578.667 5.874 0.010 2.836 4.808
8.440 1.171 -225.326 5340.766 5.792 0.010 2.825 4.813
8.445 0.559 -61.223 16410.288 5.725 0.010 2.830 4.810
8.464 1.863 130.450 19167.258 5.671 0.010 2.845 4.800
8.492 2.847 98.358 -3209.179 5.626 0.010 2.868 4.783
8.528 3.593 74.632 -2372.628 5.588 0.010 2.896 4.760
8.570 4.164 57.122 -1750.944 5.556 0.010 2.928 4.733
8.616 4.605 44.101 -1302.115 5.528 0.010 2.962 4.702
8.665 4.948 34.303 -979.829 5.504 0.010 2.997 4.668
8.718 5.217 26.831 -747.191 5.483 0.010 3.034 4.631
8.772 5.427 21.055 -577.566 5.464 0.010 3.071 4.591
8.828 5.592 16.532 -452.349 5.448 0.010 3.109 4.550
8.885 5.722 12.945 -358.723 5.433 0.010 3.147 4.507
8.943 5.822 10.067 -287.805 5.420 0.010 3.185 4.463
9.002 5.900 7.732 -233.413 5.407 0.010 3.223 4.418
9.062 5.958 5.820 -191.207 5.396 0.010 3.261 4.372
9.122 6.000 4.240 -158.080 5.386 0.010 3.299 4.326
9.182 6.030 2.921 -131.817 5.377 0.010 3.336 4.278
9.243 6.048 1.814 -110.785 5.369 0.010 3.373 4.231
9.303 6.057 0.876 -93.790 5.361 0.010 3.410 4.182
9.364 6.057 0.076 -79.944 5.354 0.010 3.447 4.134
9.424 6.051 -0.609 -68.565 5.347 0.010 3.483 4.085
9.485 6.039 -1.201 -59.157 5.341 0.010 3.518 4.037
9.545 6.022 -1.714 -51.317 5.335 0.010 3.554 3.988
9.605 6.000 -2.162 -44.740 5.329 0.010 3.588 3.939
9.665 5.975 -2.554 -39.195 5.324 0.010 3.623 3.890
9.724 5.946 -2.898 -34.487 5.319 0.010 3.657 3.841
9.783 5.914 -3.203 -30.476 5.315 0.010 3.691 3.793
9.842 5.879 -3.474 -27.035 5.311 0.010 3.724 3.744
9.900 5.842 -3.714 -24.073 5.307 0.010 3.757 3.696
9.958 5.803 -3.929 -21.511 5.303 0.010 3.789 3.648
10.016 5.761 -4.122 -19.284 5.299 0.010 3.821 3.600
10.073 5.719 -4.296 -17.342 5.296 0.010 3.853 3.552
10.130 5.674 -4.452 -15.644 5.293 0.010 3.884 3.505
10.186 5.628 -4.594 -14.152 5.290 0.010 3.915 3.458
10.242 5.581 -4.722 -12.834 5.287 0.010 3.945 3.411
10.297 5.532 -4.839 -11.673 5.285 0.010 3.975 3.364
10.352 5.483 -4.945 -10.640 5.282 0.010 4.005 3.318
10.407 5.433 -5.042 -9.723 5.280 0.010 4.034 3.273
10.460 5.381 -5.131 -8.904 5.277 0.010 4.063 3.227
10.514 5.329 -5.213 -8.172 5.275 0.010 4.091 3.182
10.566 5.276 -5.288 -7.517 5.273 0.010 4.119 3.137
10.619 5.223 -5.357 -6.925 5.271 0.010 4.147 3.093
10.670 5.168 -5.421 -6.397 5.269 0.010 4.174 3.049
10.722 5.114 -5.481 -5.916 5.268 0.010 4.201 3.006
10.772 5.058 -5.535 -5.485 5.266 0.010 4.228 2.963
10.822 5.002 -5.586 -5.089 5.264 0.010 4.254 2.920
10.872 4.946 -5.634 -4.736 5.263 0.010 4.280 2.878
10.920 4.889 -5.678 -4.407 5.261 0.010 4.306 2.836
10.969 4.832 -5.719 -4.117 5.260 0.010 4.331 2.795
11.017 4.775 -5.757 -3.843 5.259 0.010 4.356 2.754
11.064 4.717 -5.793 -3.600 5.257 0.010 4.380 2.714
11.110 4.658 -5.827 -3.372 5.256 0.010 4.404 2.674
11.156 4.600 -5.859 -3.167 5.255 0.010 4.428 2.635
11.202 4.541 -5.889 -2.976 5.254 0.010 4.451 2.596
11.247 4.482 -5.917 -2.801 5.253 0.010 4.475 2.558
11.291 4.422 -5.943 -2.641 5.252 0.010 4.497 2.520
11.334 4.363 -5.968 -2.493 5.251 0.010 4.520 2.482
11.377 4.303 -5.991 -2.356 5.250 0.010 4.542 2.445
11.420 4.243 -6.014 -2.230 5.249 0.010 4.563 2.409
11.462 4.182 -6.035 -2.113 5.248 0.010 4.585 2.373
11.503 4.122 -6.055 -2.005 5.248 0.010 4.606 2.337
11.543 4.061 -6.074 -1.904 5.247 0.010 4.627 2.302
11.583 4.000 -6.092 -1.812 5.246 0.010 4.647 2.268
11.623 3.939 -6.109 -1.726 5.246 0.010 4.667 2.234
11.662 3.878 -6.126 -1.644 5.245 0.010 4.687 2.201
11.700 3.816 -6.141 -1.570 5.244 0.010 4.706 2.168
11.737 3.755 -6.157 -1.502 5.244 0.010 4.725 2.135
11.774 3.693 -6.171 -1.434 5.243 0.010 4.744 2.104
11.811 3.631 -6.185 -1.376 5.243 0.010 4.762 2.072
11.846 3.569 -6.198 -1.317 5.242 0.010 4.780 2.042
11.881 3.507 -6.210 -1.264 5.242 0.010 4.798 2.011
11.916 3.445 -6.223 -1.215 5.241 0.010 4.815 1.982
11.950 3.382 -6.234 -1.167 5.241 0.010 4.832 1.952
11.983 3.320 -6.245 -1.125 5.241 0.010 4.849 1.924
12.015 3.257 -6.256 -1.082 5.240 0.010 4.866 1.896
12.047 3.195 -6.267 -1.044 5.240 0.010 4.882 1.868
12.079 3.132 -6.277 -1.007 5.240 0.010 4.897 1.841
12.109 3.069 -6.287 -0.972 5.239 0.010 4.913 1.814
12.139 3.006 -6.296 -0.939 5.239 0.010 4.928 1.788
12.169 2.943 -6.305 -0.908 5.239 0.010 4.943 1.763
12.198 2.880 -6.314 -0.879 5.239 0.010 4.957 1.738
12.226 2.817 -6.322 -0.850 5.238 0.010 4.971 1.714
12.253 2.753 -6.331 -0.824 5.238 0.010 4.985 1.690
12.280 2.690 -6.339 -0.798 5.238 0.010 4.999 1.667
12.306 2.627 -6.346 -0.773 5.238 0.010 5.012 1.644
12.332 2.563 -6.354 -0.750 5.238 0.010 5.025 1.622
12.357 2.499 -6.361 -0.727 5.237 0.010 5.037 1.600
12.381 2.436 -6.368 -0.705 5.237 0.010 5.049 1.579
12.405 2.372 -6.375 -0.684 5.237 0.010 5.061 1.558
12.428 2.308 -6.382 -0.663 5.237 0.010 5.073 1.538
12.451 2.244 -6.388 -0.643 5.237 0.010 5.084 1.519
12.473 2.180 -6.394 -0.624 5.237 0.010 5.095 1.500
12.494 2.116 -6.400 -0.605 5.237 0.010 5.106 1.482
12.514 2.052 -6.406 -0.586 5.237 0.010 5.116 1.464
12.534 1.988 -6.412 -0.568 5.237 0.010 5.126 1.447
12.553 1.924 -6.417 -0.550 5.237 0.010 5.136 1.430
12.572 1.860 -6.423 -0.532 5.236 0.010 5.145 1.414
12.590 1.796 -6.428 -0.514 5.236 0.010 5.154 1.399
12.607 1.731 -6.433 -0.497 5.236 0.010 5.162 1.384
12.624 1.667 -6.438 -0.480 5.236 0.010 5.171 1.369
12.640 1.602 -6.442 -0.462 5.236 0.010 5.179 1.355
12.655 1.538 -6.447 -0.445 5.236 0.010 5.187 1.342
12.670 1.473 -6.451 -0.428 5.236 0.010 5.194 1.329
12.684 1.409 -6.455 -0.411 5.236 0.010 5.201 1.317
12.698 1.344 -6.459 -0.394 5.236 0.010 5.208 1.305
12.710 1.280 -6.463 -0.376 5.236 0.010 5.214 1.294
12.722 1.215 -6.466 -0.359 5.236 0.010 5.220 1.284
12.734 1.150 -6.470 -0.342 5.236 0.010 5.226 1.274
12.745 1.086 -6.473 -0.325 5.236 0.010 5.231 1.264
12.755 1.021 -6.476 -0.307 5.236 0.010 5.236 1.256
12.765 0.956 -6.479 -0.289 5.236 0.010 5.241 1.247
12.774 0.891 -6.482 -0.272 5.236 0.010 5.246 1.240
12.782 0.826 -6.484 -0.254 5.236 0.010 5.250 1.232
12.789 0.762 -6.487 -0.236 5.236 0.010 5.254 1.226
12.796 0.697 -6.489 -0.218 5.236 0.010 5.257 1.220
12.803 0.632 -6.491 -0.200 5.236 0.010 5.260 1.214
12.808 0.567 -6.493 -0.181 5.236 0.010 5.263 1.209
12.813 0.502 -6.494 -0.163 5.236 0.010 5.266 1.205
12.818 0.437 -6.496 -0.145 5.236 0.010 5.268 1.201
12.821 0.372 -6.497 -0.126 5.236 0.010 5.270 1.198
12.825 0.309 -6.268 22.871 5.236 0.010 5.271 1.195
12.827 0.252 -5.744 52.440 5.236 0.010 5.272 1.193
12.829 0.200 -5.153 59.030 5.236 0.010 5.273 1.191
12.831 0.155 -4.563 59.050 5.236 0.010 5.274 1.190
12.832 0.115 -3.972 59.065 5.236 0.010 5.275 1.189
12.833 0.081 -3.382 59.077 5.236 0.010 5.275 1.188
12.833 0.053 -2.791 59.086 5.236 0.010 5.275 1.188
12.833 0.031 -2.200 59.092 5.236 0.010 5.276 1.188
12.834 0.015 -1.609 59.095 5.236 0.010 5.276 1.188
12.834 0.005 -1.018 59.097 5.236 0.010 5.276 1.188
12.834 0.001 -0.427 59.098 5.236 0.010 5.276 1.188
12.834 0.000 -0.066 36.117 5.236 0.010 5.276 1.188
