Backwards
152
0.000 0.006 0.599 59.897 0.000 0.010 0.000 1.042
0.000 0.012 0.599 0.000 0.000 0.010 0.000 1.042
0.000 0.027 1.497 89.846 0.000 0.010 0.000 1.042
0.001 0.048 2.096 59.897 0.000 0.010 0.001 1.042
0.002 0.075 2.695 59.897 0.000 0.010 0.002 1.042
0.003 0.108 3.294 59.897 0.000 0.010 0.003 1.042
0.004 0.147 3.893 59.897 0.000 0.010 0.004 1.042
0.006 0.192 4.492 59.897 0.000 0.010 0.006 1.042
0.009 0.243 5.091 59.897 0.000 0.010 0.009 1.042
0.012 0.299 5.690 59.897 0.000 0.010 0.012 1.042
0.015 0.359 5.990 29.949 0.000 0.010 0.015 1.042
0.019 0.419 5.990 -0.000 0.000 0.010 0.019 1.042
0.024 0.479 5.990 -0.000 0.000 0.010 0.024 1.042
0.029 0.539 5.990 -0.000 0.000 0.010 0.029 1.042
0.035 0.599 5.990 0.000 0.000 0.010 0.035 1.042
0.042 0.659 5.990 0.000 0.000 0.010 0.042 1.042
0.049 0.719 5.990 -0.000 0.000 0.010 0.049 1.042
0.057 0.779 5.990 0.000 0.000 0.010 0.057 1.042
0.065 0.839 5.990 0.000 0.000 0.010 0.065 1.042
0.074 0.898 5.990 -0.000 0.000 0.010 0.074 1.042
0.084 0.958 5.990 0.000 0.000 0.010 0.084 1.042
0.094 1.018 5.990 -0.000 0.000 0.010 0.094 1.042
0.105 1.078 5.990 -0.000 0.000 0.010 0.105 1.042
0.116 1.138 5.990 0.000 0.000 0.010 0.116 1.042
0.128 1.198 5.990 0.000 0.000 0.010 0.128 1.042
0.141 1.258 5.990 -0.000 0.000 0.010 0.141 1.042
0.154 1.318 5.990 -0.000 0.000 0.010 0.154 1.042
0.168 1.378 5.990 0.000 0.000 0.010 0.168 1.042
0.182 1.438 5.990 -0.000 0.000 0.010 0.182 1.042
0.197 1.497 5.990 0.000 0.000 0.010 0.197 1.042
0.213 1.557 5.990 -0.000 0.000 0.010 0.213 1.042
0.229 1.617 5.990 -0.000 0.000 0.010 0.229 1.042
0.246 1.677 5.990 0.000 0.000 0.010 0.246 1.042
0.263 1.737 5.990 -0.000 0.000 0.010 0.263 1.042
0.281 1.797 5.990 -0.000 0.000 0.010 0.281 1.042
0.300 1.857 5.990 0.000 0.000 0.010 0.300 1.042
0.319 1.917 5.990 0.000 0.000 0.010 0.319 1.042
0.339 1.977 5.990 -0.000 0.000 0.010 0.339 1.042
0.359 2.037 5.990 0.000 0.000 0.010 0.359 1.042
0.380 2.096 5.990 -0.000 0.000 0.010 0.380 1.042
0.401 2.156 5.990 -0.000 0.000 0.010 0.401 1.042
0.424 2.216 5.990 0.000 0.000 0.010 0.424 1.042
0.446 2.276 5.990 -0.000 0.000 0.010 0.446 1.042
0.470 2.336 5.990 0.000 0.000 0.010 0.470 1.042
0.494 2.396 5.990 0.000 0.000 0.010 0.494 1.042
0.518 2.456 5.990 -0.000 0.000 0.010 0.518 1.042
0.543 2.516 5.990 0.000 0.000 0.010 0.543 1.042
0.569 2.576 5.990 -0.000 0.000 0.010 0.569 1.042
0.596 2.635 5.990 0.000 0.000 0.010 0.596 1.042
0.622 2.695 5.990 -0.000 0.000 0.010 0.622 1.042
0.650 2.755 5.990 0.000 0.000 0.010 0.650 1.042
0.678 2.815 5.990 -0.000 0.000 0.010 0.678 1.042
0.707 2.875 5.990 0.000 0.000 0.010 0.707 1.042
0.736 2.935 5.990 -0.000 0.000 0.010 0.736 1.042
0.766 2.995 5.990 -0.000 0.000 0.010 0.766 1.042
0.797 3.055 5.990 0.000 0.000 0.010 0.797 1.042
0.828 3.115 5.990 -0.000 0.000 0.010 0.828 1.042
0.860 3.175 5.990 -0.000 0.000 0.010 0.860 1.042
0.892 3.234 5.990 0.000 0.000 0.010 0.892 1.042
0.925 3.294 5.990 -0.000 0.000 0.010 0.925 1.042
0.959 3.354 5.990 0.000 0.000 0.010 0.959 1.042
0.993 3.414 5.990 -0.000 0.000 0.010 0.993 1.042
1.027 3.474 5.990 0.000 0.000 0.010 1.027 1.042
1.063 3.534 5.990 0.000 0.000 0.010 1.063 1.042
1.099 3.594 5.990 -0.000 0.000 0.010 1.099 1.042
1.135 3.654 5.990 0.000 0.000 0.010 1.135 1.042
1.172 3.711 5.690 -29.949 0.000 0.010 1.172 1.042
1.210 3.762 5.091 -59.897 0.000 0.010 1.210 1.042
1.248 3.806 4.492 -59.897 0.000 0.010 1.248 1.042
1.286 3.845 3.893 -59.897 0.000 0.010 1.286 1.042
1.325 3.878 3.294 -59.897 0.000 0.010 1.325 1.042
1.364 3.905 2.695 -59.897 0.000 0.010 1.364 1.042
1.404 3.926 2.096 -59.897 0.000 0.010 1.404 1.042
1.443 3.941 1.497 -59.897 0.000 0.010 1.443 1.042
1.482 3.950 0.898 -59.897 0.000 0.010 1.482 1.042
1.522 3.953 0.266 -63.275 0.000 0.010 1.522 1.042
1.561 3.949 -0.367 -63.275 0.000 0.010 1.561 1.042
1.601 3.940 -0.966 -59.897 0.000 0.010 1.601 1.042
1.640 3.924 -1.565 -59.897 0.000 0.010 1.640 1.042
1.679 3.902 -2.164 -59.897 0.000 0.010 1.679 1.042
1.718 3.875 -2.763 -59.897 0.000 0.010 1.718 1.042
1.756 3.841 -3.362 -59.897 0.000 0.010 1.756 1.042
1.794 3.801 -3.961 -59.897 0.000 0.010 1.794 1.042
1.832 3.756 -4.560 -59.897 0.000 0.010 1.832 1.042
1.869 3.704 -5.159 -59.897 0.000 0.010 1.869 1.042
1.905 3.647 -5.724 -56.520 0.000 0.010 1.905 1.042
1.941 3.587 -5.990 -26.572 0.000 0.010 1.941 1.042
1.977 3.527 -5.990 -0.000 0.000 0.010 1.977 1.042
2.011 3.467 -5.990 0.000 0.000 0.010 2.011 1.042
2.045 3.407 -5.990 0.000 0.000 0.010 2.045 1.042
2.079 3.348 -5.990 -0.000 0.000 0.010 2.079 1.042
2.112 3.288 -5.990 0.000 0.000 0.010 2.112 1.042
2.144 3.228 -5.990 -0.000 0.000 0.010 2.144 1.042
2.176 3.168 -5.990 0.000 0.000 0.010 2.176 1.042
2.207 3.108 -5.990 0.000 0.000 0.010 2.207 1.042
2.237 3.048 -5.990 -0.000 0.000 0.010 2.237 1.042
2.267 2.988 -5.990 0.000 0.000 0.010 2.267 1.042
2.296 2.928 -5.990 -0.000 0.000 0.010 2.296 1.042
2.325 2.868 -5.990 0.000 0.000 0.010 2.325 1.042
2.353 2.808 -5.990 0.000 0.000 0.010 2.353 1.042
2.381 2.749 -5.990 0.000 0.000 0.010 2.381 1.042
2.407 2.689 -5.990 -0.000 0.000 0.010 2.407 1.042
2.434 2.629 -5.990 0.000 0.000 0.010 2.434 1.042
2.459 2.569 -5.990 0.000 0.000 0.010 2.459 1.042
2.485 2.509 -5.990 -0.000 0.000 0.010 2.485 1.042
2.509 2.449 -5.990 0.000 0.000 0.010 2.509 1.042
2.533 2.389 -5.990 -0.000 0.000 0.010 2.533 1.042
2.556 2.329 -5.990 0.000 0.000 0.010 2.556 1.042
2.579 2.269 -5.990 -0.000 0.000 0.010 2.579 1.042
2.601 2.209 -5.990 0.000 0.000 0.010 2.601 1.042
2.622 2.150 -5.990 0.000 0.000 0.010 2.622 1.042
2.643 2.090 -5.990 0.000 0.000 0.010 2.643 1.042
2.664 2.030 -5.990 -0.000 0.000 0.010 2.664 1.042
2.683 1.970 -5.990 0.000 0.000 0.010 2.683 1.042
2.702 1.910 -5.990 -0.000 0.000 0.010 2.702 1.042
2.721 1.850 -5.990 0.000 0.000 0.010 2.721 1.042
2.739 1.790 -5.990 -0.000 0.000 0.010 2.739 1.042
2.756 1.730 -5.990 -0.000 0.000 0.010 2.756 1.042
2.773 1.670 -5.990 -0.000 0.000 0.010 2.773 1.042
2.789 1.610 -5.990 0.000 0.000 0.010 2.789 1.042
2.804 1.551 -5.990 -0.000 0.000 0.010 2.804 1.042
2.819 1.491 -5.990 -0.000 0.000 0.010 2.819 1.042
2.834 1.431 -5.990 0.000 0.000 0.010 2.834 1.042
2.847 1.371 -5.990 -0.000 0.000 0.010 2.847 1.042
2.861 1.311 -5.990 0.000 0.000 0.010 2.861 1.042
2.873 1.251 -5.990 -0.000 0.000 0.010 2.873 1.042
2.885 1.191 -5.990 0.000 0.000 0.010 2.885 1.042
2.896 1.131 -5.990 -0.000 0.000 0.010 2.896 1.042
2.907 1.071 -5.990 0.000 0.000 0.010 2.907 1.042
2.917 1.012 -5.990 0.000 0.000 0.010 2.917 1.042
2.927 0.952 -5.990 0.000 0.000 0.010 2.927 1.042
2.936 0.892 -5.990 -0.000 0.000 0.010 2.936 1.042
2.944 0.832 -5.990 -0.000 0.000 0.010 2.944 1.042
2.952 0.772 -5.990 0.000 0.000 0.010 2.952 1.042
2.959 0.712 -5.990 -0.000 0.000 0.010 2.959 1.042
2.965 0.652 -5.990 -0.000 0.000 0.010 2.965 1.042
2.971 0.592 -5.990 0.000 0.000 0.010 2.971 1.042
2.976 0.532 -5.990 -0.000 0.000 0.010 2.976 1.042
2.981 0.472 -5.990 0.000 0.000 0.010 2.981 1.042
2.985 0.413 -5.990 0.000 0.000 0.010 2.985 1.042
2.989 0.353 -5.990 -0.000 0.000 0.010 2.989 1.042
2.992 0.293 -5.956 3.377 0.000 0.010 2.992 1.042
2.994 0.237 -5.623 33.326 0.000 0.010 2.994 1.042
2.996 0.187 -5.024 59.897 0.000 0.010 2.996 1.042
2.997 0.142 -4.425 59.897 0.000 0.010 2.997 1.042
2.998 0.104 -3.826 59.897 0.000 0.010 2.998 1.042
2.999 0.072 -3.227 59.897 0.000 0.010 2.999 1.042
3.000 0.046 -2.628 59.897 0.000 0.010 3.000 1.042
3.000 0.025 -2.029 59.897 0.000 0.010 3.000 1.042
3.000 0.011 -1.430 59.897 0.000 0.010 3.000 1.042
3.000 0.003 -0.831 59.897 0.000 0.010 3.000 1.042
3.000 0.000 -0.266 56.520 0.000 0.010 3.000 1.042
0.000 0.006 0.599 59.897 0.000 0.010 0.000 -1.042
0.000 0.012 0.599 0.000 0.000 0.010 0.000 -1.042
0.000 0.027 1.497 89.846 0.000 0.010 0.000 -1.042
0.001 0.048 2.096 59.897 0.000 0.010 0.001 -1.042
0.002 0.075 2.695 59.897 0.000 0.010 0.002 -1.042
0.003 0.108 3.294 59.897 0.000 0.010 0.003 -1.042
0.004 0.147 3.893 59.897 0.000 0.010 0.004 -1.042
0.006 0.192 4.492 59.897 0.000 0.010 0.006 -1.042
0.009 0.243 5.091 59.897 0.000 0.010 0.009 -1.042
0.012 0.299 5.690 59.897 0.000 0.010 0.012 -1.042
0.015 0.359 5.990 29.949 0.000 0.010 0.015 -1.042
0.019 0.419 5.990 -0.000 0.000 0.010 0.019 -1.042
0.024 0.479 5.990 -0.000 0.000 0.010 0.024 -1.042
0.029 0.539 5.990 -0.000 0.000 0.010 0.029 -1.042
0.035 0.599 5.990 0.000 0.000 0.010 0.035 -1.042
0.042 0.659 5.990 0.000 0.000 0.010 0.042 -1.042
0.049 0.719 5.990 -0.000 0.000 0.010 0.049 -1.042
0.057 0.779 5.990 0.000 0.000 0.010 0.057 -1.042
0.065 0.839 5.990 0.000 0.000 0.010 0.065 -1.042
0.074 0.898 5.990 -0.000 0.000 0.010 0.074 -1.042
0.084 0.958 5.990 0.000 0.000 0.010 0.084 -1.042
0.094 1.018 5.990 -0.000 0.000 0.010 0.094 -1.042
0.105 1.078 5.990 -0.000 0.000 0.010 0.105 -1.042
0.116 1.138 5.990 0.000 0.000 0.010 0.116 -1.042
0.128 1.198 5.990 0.000 0.000 0.010 0.128 -1.042
0.141 1.258 5.990 -0.000 0.000 0.010 0.141 -1.042
0.154 1.318 5.990 -0.000 0.000 0.010 0.154 -1.042
0.168 1.378 5.990 0.000 0.000 0.010 0.168 -1.042
0.182 1.438 5.990 -0.000 0.000 0.010 0.182 -1.042
0.197 1.497 5.990 0.000 0.000 0.010 0.197 -1.042
0.213 1.557 5.990 -0.000 0.000 0.010 0.213 -1.042
0.229 1.617 5.990 -0.000 0.000 0.010 0.229 -1.042
0.246 1.677 5.990 0.000 0.000 0.010 0.246 -1.042
0.263 1.737 5.990 -0.000 0.000 0.010 0.263 -1.042
0.281 1.797 5.990 -0.000 0.000 0.010 0.281 -1.042
0.300 1.857 5.990 0.000 0.000 0.010 0.300 -1.042
0.319 1.917 5.990 0.000 0.000 0.010 0.319 -1.042
0.339 1.977 5.990 -0.000 0.000 0.010 0.339 -1.042
0.359 2.037 5.990 0.000 0.000 0.010 0.359 -1.042
0.380 2.096 5.990 -0.000 0.000 0.010 0.380 -1.042
0.401 2.156 5.990 -0.000 0.000 0.010 0.401 -1.042
0.424 2.216 5.990 0.000 0.000 0.010 0.424 -1.042
0.446 2.276 5.990 -0.000 0.000 0.010 0.446 -1.042
0.470 2.336 5.990 0.000 0.000 0.010 0.470 -1.042
0.494 2.396 5.990 0.000 0.000 0.010 0.494 -1.042
0.518 2.456 5.990 -0.000 0.000 0.010 0.518 -1.042
0.543 2.516 5.990 0.000 0.000 0.010 0.543 -1.042
0.569 2.576 5.990 -0.000 0.000 0.010 0.569 -1.042
0.596 2.635 5.990 0.000 0.000 0.010 0.596 -1.042
0.622 2.695 5.990 -0.000 0.000 0.010 0.622 -1.042
0.650 2.755 5.990 0.000 0.000 0.010 0.650 -1.042
0.678 2.815 5.990 -0.000 0.000 0.010 0.678 -1.042
0.707 2.875 5.990 0.000 0.000 0.010 0.707 -1.042
0.736 2.935 5.990 -0.000 0.000 0.010 0.736 -1.042
0.766 2.995 5.990 -0.000 0.000 0.010 0.766 -1.042
0.797 3.055 5.990 0.000 0.000 0.010 0.797 -1.042
0.828 3.115 5.990 -0.000 0.000 0.010 0.828 -1.042
0.860 3.175 5.990 -0.000 0.000 0.010 0.860 -1.042
0.892 3.234 5.990 0.000 0.000 0.010 0.892 -1.042
0.925 3.294 5.990 -0.000 0.000 0.010 0.925 -1.042
0.959 3.354 5.990 0.000 0.000 0.010 0.959 -1.042
0.993 3.414 5.990 -0.000 0.000 0.010 0.993 -1.042
1.027 3.474 5.990 0.000 0.000 0.010 1.027 -1.042
1.063 3.534 5.990 0.000 0.000 0.010 1.063 -1.042
1.099 3.594 5.990 -0.000 0.000 0.010 1.099 -1.042
1.135 3.654 5.990 0.000 0.000 0.010 1.135 -1.042
1.172 3.711 5.690 -29.949 0.000 0.010 1.172 -1.042
1.210 3.762 5.091 -59.897 0.000 0.010 1.210 -1.042
1.248 3.806 4.492 -59.897 0.000 0.010 1.248 -1.042
1.286 3.845 3.893 -59.897 0.000 0.010 1.286 -1.042
1.325 3.878 3.294 -59.897 0.000 0.010 1.325 -1.042
1.364 3.905 2.695 -59.897 0.000 0.010 1.364 -1.042
1.404 3.926 2.096 -59.897 0.000 0.010 1.404 -1.042
1.443 3.941 1.497 -59.897 0.000 0.010 1.443 -1.042
1.482 3.950 0.898 -59.897 0.000 0.010 1.482 -1.042
1.522 3.953 0.266 -63.275 0.000 0.010 1.522 -1.042
1.561 3.949 -0.367 -63.275 0.000 0.010 1.561 -1.042
1.601 3.940 -0.966 -59.897 0.000 0.010 1.601 -1.042
1.640 3.924 -1.565 -59.897 0.000 0.010 1.640 -1.042
1.679 3.902 -2.164 -59.897 0.000 0.010 1.679 -1.042
1.718 3.875 -2.763 -59.897 0.000 0.010 1.718 -1.042
1.756 3.841 -3.362 -59.897 0.000 0.010 1.756 -1.042
1.794 3.801 -3.961 -59.897 0.000 0.010 1.794 -1.042
1.832 3.756 -4.560 -59.897 0.000 0.010 1.832 -1.042
1.869 3.704 -5.159 -59.897 0.000 0.010 1.869 -1.042
1.905 3.647 -5.724 -56.520 0.000 0.010 1.905 -1.042
1.941 3.587 -5.990 -26.572 0.000 0.010 1.941 -1.042
1.977 3.527 -5.990 -0.000 0.000 0.010 1.977 -1.042
2.011 3.467 -5.990 0.000 0.000 0.010 2.011 -1.042
2.045 3.407 -5.990 0.000 0.000 0.010 2.045 -1.042
2.079 3.348 -5.990 -0.000 0.000 0.010 2.079 -1.042
2.112 3.288 -5.990 0.000 0.000 0.010 2.112 -1.042
2.144 3.228 -5.990 -0.000 0.000 0.010 2.144 -1.042
2.176 3.168 -5.990 0.000 0.000 0.010 2.176 -1.042
2.207 3.108 -5.990 0.000 0.000 0.010 2.207 -1.042
2.237 3.048 -5.990 -0.000 0.000 0.010 2.237 -1.042
2.267 2.988 -5.990 0.000 0.000 0.010 2.267 -1.042
2.296 2.928 -5.990 -0.000 0.000 0.010 2.296 -1.042
2.325 2.868 -5.990 0.000 0.000 0.010 2.325 -1.042
2.353 2.808 -5.990 0.000 0.000 0.010 2.353 -1.042
2.381 2.749 -5.990 0.000 0.000 0.010 2.381 -1.042
2.407 2.689 -5.990 -0.000 0.000 0.010 2.407 -1.042
2.434 2.629 -5.990 0.000 0.000 0.010 2.434 -1.042
2.459 2.569 -5.990 0.000 0.000 0.010 2.459 -1.042
2.485 2.509 -5.990 -0.000 0.000 0.010 2.485 -1.042
2.509 2.449 -5.990 0.000 0.000 0.010 2.509 -1.042
2.533 2.389 -5.990 -0.000 0.000 0.010 2.533 -1.042
2.556 2.329 -5.990 0.000 0.000 0.010 2.556 -1.042
2.579 2.269 -5.990 -0.000 0.000 0.010 2.579 -1.042
2.601 2.209 -5.990 0.000 0.000 0.010 2.601 -1.042
2.622 2.150 -5.990 0.000 0.000 0.010 2.622 -1.042
2.643 2.090 -5.990 0.000 0.000 0.010 2.643 -1.042
2.664 2.030 -5.990 -0.000 0.000 0.010 2.664 -1.042
2.683 1.970 -5.990 0.000 0.000 0.010 2.683 -1.042
2.702 1.910 -5.990 -0.000 0.000 0.010 2.702 -1.042
2.721 1.850 -5.990 0.000 0.000 0.010 2.721 -1.042
2.739 1.790 -5.990 -0.000 0.000 0.010 2.739 -1.042
2.756 1.730 -5.990 -0.000 0.000 0.010 2.756 -1.042
2.773 1.670 -5.990 -0.000 0.000 0.010 2.773 -1.042
2.789 1.610 -5.990 0.000 0.000 0.010 2.789 -1.042
2.804 1.551 -5.990 -0.000 0.000 0.010 2.804 -1.042
2.819 1.491 -5.990 -0.000 0.000 0.010 2.819 -1.042
2.834 1.431 -5.990 0.000 0.000 0.010 2.834 -1.042
2.847 1.371 -5.990 -0.000 0.000 0.010 2.847 -1.042
2.861 1.311 -5.990 0.000 0.000 0.010 2.861 -1.042
2.873 1.251 -5.990 -0.000 0.000 0.010 2.873 -1.042
2.885 1.191 -5.990 0.000 0.000 0.010 2.885 -1.042
2.896 1.131 -5.990 -0.000 0.000 0.010 2.896 -1.042
2.907 1.071 -5.990 0.000 0.000 0.010 2.907 -1.042
2.917 1.012 -5.990 0.000 0.000 0.010 2.917 -1.042
2.927 0.952 -5.990 0.000 0.000 0.010 2.927 -1.042
2.936 0.892 -5.990 -0.000 0.000 0.010 2.936 -1.042
2.944 0.832 -5.990 -0.000 0.000 0.010 2.944 -1.042
2.952 0.772 -5.990 0.000 0.000 0.010 2.952 -1.042
2.959 0.712 -5.990 -0.000 0.000 0.010 2.959 -1.042
2.965 0.652 -5.990 -0.000 0.000 0.010 2.965 -1.042
2.971 0.592 -5.990 0.000 0.000 0.010 2.971 -1.042
2.976 0.532 -5.990 -0.000 0.000 0.010 2.976 -1.042
2.981 0.472 -5.990 0.000 0.000 0.010 2.981 -1.042
2.985 0.413 -5.990 0.000 0.000 0.010 2.985 -1.042
2.989 0.353 -5.990 -0.000 0.000 0.010 2.989 -1.042
2.992 0.293 -5.956 3.377 0.000 0.010 2.992 -1.042
2.994 0.237 -5.623 33.326 0.000 0.010 2.994 -1.042
2.996 0.187 -5.024 59.897 0.000 0.010 2.996 -1.042
2.997 0.142 -4.425 59.897 0.000 0.010 2.997 -1.042
2.998 0.104 -3.826 59.897 0.000 0.010 2.998 -1.042
2.999 0.072 -3.227 59.897 0.000 0.010 2.999 -1.042
3.000 0.046 -2.628 59.897 0.000 0.010 3.000 -1.042
3.000 0.025 -2.029 59.897 0.000 0.010 3.000 -1.042
3.000 0.011 -1.430 59.897 0.000 0.010 3.000 -1.042
3.000 0.003 -0.831 59.897 0.000 0.010 3.000 -1.042
3.000 0.000 -0.266 56.520 0.000 0.010 3.000 -1.042
