CenterRightSwitchRev
126
0.000 0.006 0.599 59.945 5.236 0.010 0.902 0.521
0.000 0.012 0.599 0.000 5.236 0.010 0.902 0.521
0.000 0.027 1.499 89.917 5.236 0.010 0.902 0.520
0.001 0.048 2.098 59.945 5.236 0.010 0.903 0.520
0.002 0.075 2.698 59.945 5.236 0.010 0.903 0.519
0.003 0.108 3.297 59.945 5.236 0.010 0.903 0.518
0.004 0.147 3.896 59.945 5.236 0.010 0.904 0.517
0.006 0.192 4.496 59.945 5.236 0.010 0.905 0.516
0.009 0.243 5.095 59.945 5.236 0.010 0.906 0.513
0.012 0.300 5.695 59.945 5.236 0.010 0.908 0.511
0.015 0.360 5.994 29.972 5.236 0.010 0.910 0.508
0.019 0.420 5.994 0.000 5.236 0.010 0.912 0.504
0.024 0.480 5.994 -0.000 5.236 0.010 0.914 0.500
0.030 0.540 5.994 0.000 5.236 0.010 0.917 0.495
0.036 0.599 5.994 -0.000 5.236 0.010 0.920 0.490
0.042 0.659 5.994 0.000 5.236 0.010 0.923 0.484
0.049 0.719 5.994 0.000 5.236 0.010 0.927 0.478
0.057 0.779 5.994 -0.000 5.236 0.010 0.931 0.471
0.065 0.839 5.994 -0.000 5.236 0.010 0.935 0.464
0.074 0.899 5.994 -0.000 5.236 0.010 0.939 0.456
0.084 0.959 5.994 0.000 5.236 0.010 0.944 0.448
0.094 1.019 5.994 -0.000 5.236 0.010 0.949 0.439
0.105 1.079 5.994 0.000 5.236 0.010 0.955 0.430
0.116 1.139 5.994 0.000 5.236 0.010 0.960 0.420
0.128 1.199 5.994 0.000 5.236 0.010 0.966 0.410
0.141 1.259 5.994 0.000 5.236 0.010 0.973 0.399
0.154 1.319 5.994 -0.000 5.236 0.010 0.979 0.387
0.168 1.379 5.994 0.000 5.236 0.010 0.986 0.375
0.182 1.439 5.994 -0.000 5.236 0.010 0.993 0.363
0.197 1.499 5.994 0.000 5.236 0.010 1.001 0.350
0.213 1.559 5.994 -0.000 5.236 0.010 1.009 0.336
0.229 1.619 5.994 -0.000 5.236 0.010 1.017 0.322
0.246 1.678 5.994 0.000 5.236 0.010 1.025 0.308
0.263 1.738 5.994 -0.000 5.236 0.010 1.034 0.293
0.281 1.798 5.994 0.000 5.236 0.010 1.043 0.277
0.300 1.858 5.994 0.000 5.236 0.010 1.052 0.261
0.319 1.918 5.994 0.000 5.236 0.010 1.062 0.245
0.339 1.978 5.994 -0.000 5.236 0.010 1.072 0.227
0.359 2.038 5.994 0.000 5.236 0.010 1.082 0.210
0.380 2.098 5.994 0.000 5.236 0.010 1.092 0.192
0.402 2.158 5.994 -0.000 5.236 0.010 1.103 0.173
0.424 2.218 5.994 0.000 5.236 0.010 1.114 0.154
0.447 2.278 5.994 0.000 5.236 0.010 1.125 0.134
0.470 2.338 5.994 -0.000 5.236 0.010 1.137 0.114
0.494 2.398 5.994 0.000 5.236 0.010 1.149 0.093
0.519 2.458 5.994 -0.000 5.236 0.010 1.161 0.072
0.544 2.518 5.994 0.000 5.236 0.010 1.174 0.050
0.570 2.578 5.994 -0.000 5.236 0.010 1.187 0.028
0.596 2.638 5.994 0.000 5.236 0.010 1.200 0.005
0.623 2.698 5.994 -0.000 5.236 0.010 1.214 -0.019
0.651 2.757 5.994 -0.000 5.236 0.010 1.227 -0.043
0.679 2.817 5.994 0.000 5.236 0.010 1.241 -0.067
0.707 2.877 5.994 0.000 5.236 0.010 1.256 -0.092
0.737 2.934 5.695 -29.972 5.236 0.010 1.271 -0.117
0.767 2.985 5.095 -59.945 5.236 0.010 1.285 -0.143
0.797 3.030 4.496 -59.945 5.236 0.010 1.301 -0.169
0.828 3.069 3.896 -59.945 5.236 0.010 1.316 -0.196
0.859 3.102 3.297 -59.945 5.236 0.010 1.331 -0.223
0.890 3.129 2.698 -59.945 5.236 0.010 1.347 -0.250
0.921 3.150 2.098 -59.945 5.236 0.010 1.363 -0.277
0.953 3.165 1.499 -59.945 5.236 0.010 1.379 -0.305
0.985 3.174 0.899 -59.945 5.236 0.010 1.395 -0.332
1.017 3.177 0.285 -61.409 5.236 0.010 1.410 -0.360
1.048 3.174 -0.329 -61.409 5.236 0.010 1.426 -0.387
1.080 3.164 -0.928 -59.945 5.236 0.010 1.442 -0.415
1.112 3.149 -1.528 -59.945 5.236 0.010 1.458 -0.442
1.143 3.128 -2.127 -59.945 5.236 0.010 1.474 -0.469
1.174 3.101 -2.727 -59.945 5.236 0.010 1.489 -0.496
1.204 3.067 -3.326 -59.945 5.236 0.010 1.504 -0.522
1.235 3.028 -3.926 -59.945 5.236 0.010 1.519 -0.549
1.265 2.983 -4.525 -59.945 5.236 0.010 1.534 -0.574
1.294 2.932 -5.125 -59.945 5.236 0.010 1.549 -0.600
1.323 2.874 -5.709 -58.480 5.236 0.010 1.563 -0.625
1.351 2.814 -5.994 -28.508 5.236 0.010 1.578 -0.649
1.378 2.755 -5.994 0.000 5.236 0.010 1.591 -0.673
1.405 2.695 -5.994 -0.000 5.236 0.010 1.605 -0.696
1.432 2.635 -5.994 0.000 5.236 0.010 1.618 -0.719
1.457 2.575 -5.994 -0.000 5.236 0.010 1.631 -0.741
1.483 2.515 -5.994 0.000 5.236 0.010 1.643 -0.763
1.507 2.455 -5.994 -0.000 5.236 0.010 1.656 -0.784
1.531 2.395 -5.994 0.000 5.236 0.010 1.668 -0.805
1.554 2.335 -5.994 -0.000 5.236 0.010 1.679 -0.825
1.577 2.275 -5.994 0.000 5.236 0.010 1.691 -0.845
1.599 2.215 -5.994 -0.000 5.236 0.010 1.702 -0.864
1.621 2.155 -5.994 -0.000 5.236 0.010 1.713 -0.883
1.642 2.095 -5.994 0.000 5.236 0.010 1.723 -0.901
1.662 2.035 -5.994 0.000 5.236 0.010 1.733 -0.919
1.682 1.975 -5.994 -0.000 5.236 0.010 1.743 -0.936
1.701 1.915 -5.994 0.000 5.236 0.010 1.753 -0.952
1.720 1.855 -5.994 -0.000 5.236 0.010 1.762 -0.968
1.738 1.795 -5.994 0.000 5.236 0.010 1.771 -0.984
1.755 1.735 -5.994 -0.000 5.236 0.010 1.780 -0.999
1.772 1.676 -5.994 0.000 5.236 0.010 1.788 -1.013
1.788 1.616 -5.994 -0.000 5.236 0.010 1.796 -1.027
1.803 1.556 -5.994 -0.000 5.236 0.010 1.804 -1.041
1.818 1.496 -5.994 0.000 5.236 0.010 1.811 -1.054
1.833 1.436 -5.994 -0.000 5.236 0.010 1.818 -1.066
1.846 1.376 -5.994 0.000 5.236 0.010 1.825 -1.078
1.860 1.316 -5.994 -0.000 5.236 0.010 1.832 -1.090
1.872 1.256 -5.994 0.000 5.236 0.010 1.838 -1.100
1.884 1.196 -5.994 -0.000 5.236 0.010 1.844 -1.111
1.895 1.136 -5.994 -0.000 5.236 0.010 1.850 -1.121
1.906 1.076 -5.994 0.000 5.236 0.010 1.855 -1.130
1.916 1.016 -5.994 0.000 5.236 0.010 1.860 -1.139
1.926 0.956 -5.994 -0.000 5.236 0.010 1.865 -1.147
1.935 0.896 -5.994 0.000 5.236 0.010 1.870 -1.155
1.943 0.836 -5.994 -0.000 5.236 0.010 1.874 -1.162
1.951 0.776 -5.994 0.000 5.236 0.010 1.878 -1.169
1.958 0.716 -5.994 0.000 5.236 0.010 1.881 -1.175
1.965 0.656 -5.994 -0.000 5.236 0.010 1.884 -1.181
1.971 0.597 -5.994 0.000 5.236 0.010 1.887 -1.186
1.976 0.537 -5.994 -0.000 5.236 0.010 1.890 -1.191
1.981 0.477 -5.994 -0.000 5.236 0.010 1.893 -1.195
1.985 0.417 -5.994 0.000 5.236 0.010 1.895 -1.198
1.989 0.357 -5.994 0.000 5.236 0.010 1.896 -1.201
1.992 0.297 -5.980 1.465 5.236 0.010 1.898 -1.204
1.994 0.240 -5.665 31.437 5.236 0.010 1.899 -1.206
1.996 0.190 -5.066 59.945 5.236 0.010 1.900 -1.208
1.997 0.145 -4.467 59.945 5.236 0.010 1.901 -1.209
1.998 0.106 -3.867 59.945 5.236 0.010 1.901 -1.210
1.999 0.074 -3.268 59.945 5.236 0.010 1.902 -1.210
2.000 0.047 -2.668 59.945 5.236 0.010 1.902 -1.211
2.000 0.026 -2.069 59.945 5.236 0.010 1.902 -1.211
2.000 0.012 -1.469 59.945 5.236 0.010 1.902 -1.211
2.000 0.003 -0.870 59.945 5.236 0.010 1.902 -1.211
2.000 0.000 -0.285 58.480 5.236 0.010 1.902 -1.211
0.000 0.006 0.599 59.945 5.236 0.010 -0.902 -0.521
0.000 0.012 0.599 0.000 5.236 0.010 -0.902 -0.521
0.000 0.027 1.499 89.917 5.236 0.010 -0.902 -0.521
0.001 0.048 2.098 59.945 5.236 0.010 -0.902 -0.522
0.002 0.075 2.698 59.945 5.236 0.010 -0.901 -0.522
0.003 0.108 3.297 59.945 5.236 0.010 -0.901 -0.523
0.004 0.147 3.896 59.945 5.236 0.010 -0.900 -0.524
0.006 0.192 4.496 59.945 5.236 0.010 -0.899 -0.526
0.009 0.243 5.095 59.945 5.236 0.010 -0.898 -0.528
0.012 0.300 5.695 59.945 5.236 0.010 -0.896 -0.531
0.015 0.360 5.994 29.972 5.236 0.010 -0.895 -0.534
0.019 0.420 5.994 0.000 5.236 0.010 -0.892 -0.538
0.024 0.480 5.994 -0.000 5.236 0.010 -0.890 -0.542
0.030 0.540 5.994 0.000 5.236 0.010 -0.887 -0.546
0.036 0.599 5.994 -0.000 5.236 0.010 -0.884 -0.552
0.042 0.659 5.994 -0.000 5.236 0.010 -0.881 -0.557
0.049 0.719 5.994 0.000 5.236 0.010 -0.877 -0.564
0.057 0.779 5.994 -0.000 5.236 0.010 -0.874 -0.570
0.065 0.839 5.994 -0.000 5.236 0.010 -0.869 -0.578
0.074 0.899 5.994 -0.000 5.236 0.010 -0.865 -0.585
0.084 0.959 5.994 0.000 5.236 0.010 -0.860 -0.594
0.094 1.019 5.994 -0.000 5.236 0.010 -0.855 -0.602
0.105 1.079 5.994 -0.000 5.236 0.010 -0.850 -0.612
0.116 1.139 5.994 0.000 5.236 0.010 -0.844 -0.622
0.128 1.199 5.994 0.000 5.236 0.010 -0.838 -0.632
0.141 1.259 5.994 0.000 5.236 0.010 -0.832 -0.643
0.154 1.319 5.994 -0.000 5.236 0.010 -0.825 -0.654
0.168 1.379 5.994 0.000 5.236 0.010 -0.818 -0.666
0.182 1.439 5.994 0.000 5.236 0.010 -0.811 -0.679
0.197 1.499 5.994 0.000 5.236 0.010 -0.803 -0.692
0.213 1.559 5.994 0.000 5.236 0.010 -0.796 -0.705
0.229 1.619 5.994 -0.000 5.236 0.010 -0.788 -0.719
0.246 1.678 5.994 0.000 5.236 0.010 -0.779 -0.734
0.263 1.738 5.994 -0.000 5.236 0.010 -0.770 -0.749
0.281 1.798 5.994 0.000 5.236 0.010 -0.761 -0.764
0.300 1.858 5.994 0.000 5.236 0.010 -0.752 -0.781
0.319 1.918 5.994 0.000 5.236 0.010 -0.743 -0.797
0.339 1.978 5.994 -0.000 5.236 0.010 -0.733 -0.814
0.359 2.038 5.994 -0.000 5.236 0.010 -0.723 -0.832
0.380 2.098 5.994 0.000 5.236 0.010 -0.712 -0.850
0.402 2.158 5.994 -0.000 5.236 0.010 -0.701 -0.869
0.424 2.218 5.994 0.000 5.236 0.010 -0.690 -0.888
0.447 2.278 5.994 0.000 5.236 0.010 -0.679 -0.908
0.470 2.338 5.994 -0.000 5.236 0.010 -0.667 -0.928
0.494 2.398 5.994 0.000 5.236 0.010 -0.655 -0.949
0.519 2.458 5.994 0.000 5.236 0.010 -0.643 -0.970
0.544 2.518 5.994 -0.000 5.236 0.010 -0.630 -0.992
0.570 2.578 5.994 0.000 5.236 0.010 -0.617 -1.014
0.596 2.638 5.994 -0.000 5.236 0.010 -0.604 -1.037
0.623 2.698 5.994 0.000 5.236 0.010 -0.591 -1.060
0.651 2.757 5.994 -0.000 5.236 0.010 -0.577 -1.084
0.679 2.817 5.994 0.000 5.236 0.010 -0.563 -1.109
0.707 2.877 5.994 0.000 5.236 0.010 -0.548 -1.134
0.737 2.934 5.695 -29.972 5.236 0.010 -0.534 -1.159
0.767 2.985 5.095 -59.945 5.236 0.010 -0.519 -1.185
0.797 3.030 4.496 -59.945 5.236 0.010 -0.504 -1.211
0.828 3.069 3.896 -59.945 5.236 0.010 -0.488 -1.238
0.859 3.102 3.297 -59.945 5.236 0.010 -0.473 -1.264
0.890 3.129 2.698 -59.945 5.236 0.010 -0.457 -1.292
0.921 3.150 2.098 -59.945 5.236 0.010 -0.441 -1.319
0.953 3.165 1.499 -59.945 5.236 0.010 -0.426 -1.346
0.985 3.174 0.899 -59.945 5.236 0.010 -0.410 -1.374
1.017 3.177 0.285 -61.409 5.236 0.010 -0.394 -1.401
1.048 3.174 -0.329 -61.409 5.236 0.010 -0.378 -1.429
1.080 3.164 -0.928 -59.945 5.236 0.010 -0.362 -1.456
1.112 3.149 -1.528 -59.945 5.236 0.010 -0.346 -1.483
1.143 3.128 -2.127 -59.945 5.236 0.010 -0.331 -1.511
1.174 3.101 -2.727 -59.945 5.236 0.010 -0.315 -1.537
1.204 3.067 -3.326 -59.945 5.236 0.010 -0.300 -1.564
1.235 3.028 -3.926 -59.945 5.236 0.010 -0.285 -1.590
1.265 2.983 -4.525 -59.945 5.236 0.010 -0.270 -1.616
1.294 2.932 -5.125 -59.945 5.236 0.010 -0.255 -1.641
1.323 2.874 -5.709 -58.480 5.236 0.010 -0.241 -1.666
1.351 2.814 -5.994 -28.508 5.236 0.010 -0.227 -1.691
1.378 2.755 -5.994 0.000 5.236 0.010 -0.213 -1.715
1.405 2.695 -5.994 -0.000 5.236 0.010 -0.199 -1.738
1.432 2.635 -5.994 0.000 5.236 0.010 -0.186 -1.761
1.457 2.575 -5.994 -0.000 5.236 0.010 -0.173 -1.783
1.483 2.515 -5.994 0.000 5.236 0.010 -0.161 -1.805
1.507 2.455 -5.994 -0.000 5.236 0.010 -0.149 -1.826
1.531 2.395 -5.994 0.000 5.236 0.010 -0.137 -1.847
1.554 2.335 -5.994 -0.000 5.236 0.010 -0.125 -1.867
1.577 2.275 -5.994 0.000 5.236 0.010 -0.114 -1.887
1.599 2.215 -5.994 -0.000 5.236 0.010 -0.102 -1.906
1.621 2.155 -5.994 -0.000 5.236 0.010 -0.092 -1.925
1.642 2.095 -5.994 0.000 5.236 0.010 -0.081 -1.943
1.662 2.035 -5.994 0.000 5.236 0.010 -0.071 -1.960
1.682 1.975 -5.994 0.000 5.236 0.010 -0.061 -1.977
1.701 1.915 -5.994 0.000 5.236 0.010 -0.052 -1.994
1.720 1.855 -5.994 -0.000 5.236 0.010 -0.042 -2.010
1.738 1.795 -5.994 0.000 5.236 0.010 -0.033 -2.026
1.755 1.735 -5.994 -0.000 5.236 0.010 -0.025 -2.041
1.772 1.676 -5.994 -0.000 5.236 0.010 -0.016 -2.055
1.788 1.616 -5.994 0.000 5.236 0.010 -0.008 -2.069
1.803 1.556 -5.994 -0.000 5.236 0.010 -0.000 -2.083
1.818 1.496 -5.994 0.000 5.236 0.010 0.007 -2.096
1.833 1.436 -5.994 -0.000 5.236 0.010 0.014 -2.108
1.846 1.376 -5.994 -0.000 5.236 0.010 0.021 -2.120
1.860 1.316 -5.994 0.000 5.236 0.010 0.028 -2.131
1.872 1.256 -5.994 0.000 5.236 0.010 0.034 -2.142
1.884 1.196 -5.994 -0.000 5.236 0.010 0.040 -2.153
1.895 1.136 -5.994 -0.000 5.236 0.010 0.046 -2.162
1.906 1.076 -5.994 0.000 5.236 0.010 0.051 -2.172
1.916 1.016 -5.994 -0.000 5.236 0.010 0.056 -2.180
1.926 0.956 -5.994 0.000 5.236 0.010 0.061 -2.189
1.935 0.896 -5.994 0.000 5.236 0.010 0.065 -2.197
1.943 0.836 -5.994 -0.000 5.236 0.010 0.070 -2.204
1.951 0.776 -5.994 0.000 5.236 0.010 0.073 -2.210
1.958 0.716 -5.994 0.000 5.236 0.010 0.077 -2.217
1.965 0.656 -5.994 -0.000 5.236 0.010 0.080 -2.222
1.971 0.597 -5.994 0.000 5.236 0.010 0.083 -2.228
1.976 0.537 -5.994 -0.000 5.236 0.010 0.086 -2.232
1.981 0.477 -5.994 -0.000 5.236 0.010 0.088 -2.236
1.985 0.417 -5.994 0.000 5.236 0.010 0.090 -2.240
1.989 0.357 -5.994 0.000 5.236 0.010 0.092 -2.243
1.992 0.297 -5.980 1.465 5.236 0.010 0.094 -2.246
1.994 0.240 -5.665 31.437 5.236 0.010 0.095 -2.248
1.996 0.190 -5.066 59.945 5.236 0.010 0.096 -2.249
1.997 0.145 -4.467 59.945 5.236 0.010 0.097 -2.251
1.998 0.106 -3.867 59.945 5.236 0.010 0.097 -2.251
1.999 0.074 -3.268 59.945 5.236 0.010 0.097 -2.252
2.000 0.047 -2.668 59.945 5.236 0.010 0.098 -2.253
2.000 0.026 -2.069 59.945 5.236 0.010 0.098 -2.253
2.000 0.012 -1.469 59.945 5.236 0.010 0.098 -2.253
2.000 0.003 -0.870 59.945 5.236 0.010 0.098 -2.253
2.000 0.000 -0.285 58.480 5.236 0.010 0.098 -2.253
