CenterRightSwitchCube
174
0.000 0.006 0.598 59.846 5.236 0.010 0.902 0.521
0.000 0.012 0.598 0.000 5.236 0.010 0.902 0.521
0.000 0.027 1.496 89.769 5.236 0.010 0.902 0.520
0.001 0.048 2.095 59.846 5.236 0.010 0.903 0.520
0.002 0.075 2.693 59.846 5.236 0.010 0.903 0.519
0.003 0.108 3.292 59.846 5.236 0.010 0.903 0.518
0.004 0.147 3.890 59.846 5.236 0.010 0.904 0.517
0.006 0.192 4.488 59.846 5.236 0.010 0.905 0.516
0.009 0.242 5.087 59.846 5.236 0.010 0.906 0.513
0.012 0.299 5.685 59.846 5.236 0.010 0.908 0.511
0.015 0.359 5.985 29.923 5.236 0.010 0.910 0.508
0.019 0.419 5.985 0.000 5.236 0.010 0.912 0.504
0.024 0.479 5.985 -0.000 5.236 0.010 0.914 0.500
0.029 0.539 5.985 0.000 5.236 0.010 0.917 0.495
0.035 0.598 5.985 -0.000 5.236 0.010 0.920 0.490
0.042 0.658 5.985 0.000 5.236 0.010 0.923 0.484
0.049 0.718 5.985 -0.000 5.236 0.010 0.927 0.478
0.057 0.778 5.985 0.000 5.236 0.010 0.931 0.471
0.065 0.838 5.985 -0.000 5.236 0.010 0.935 0.464
0.074 0.898 5.985 0.000 5.236 0.010 0.939 0.456
0.084 0.958 5.985 -0.000 5.236 0.010 0.944 0.448
0.094 1.017 5.985 0.000 5.236 0.010 0.949 0.439
0.105 1.077 5.985 0.000 5.236 0.010 0.955 0.430
0.116 1.137 5.985 -0.000 5.236 0.010 0.960 0.420
0.128 1.197 5.985 -0.000 5.236 0.010 0.966 0.410
0.141 1.257 5.985 -0.000 5.236 0.010 0.973 0.399
0.154 1.317 5.985 0.000 5.236 0.010 0.979 0.388
0.168 1.376 5.985 0.000 5.236 0.010 0.986 0.376
0.182 1.436 5.985 -0.000 5.236 0.010 0.993 0.363
0.197 1.496 5.985 0.000 5.236 0.010 1.001 0.350
0.213 1.556 5.985 -0.000 5.236 0.010 1.008 0.337
0.229 1.616 5.985 0.000 5.236 0.010 1.016 0.323
0.246 1.676 5.985 -0.000 5.236 0.010 1.025 0.308
0.263 1.736 5.985 0.000 5.236 0.010 1.034 0.293
0.281 1.795 5.985 -0.000 5.236 0.010 1.043 0.278
0.299 1.855 5.985 -0.000 5.236 0.010 1.052 0.262
0.319 1.915 5.985 -0.000 5.236 0.010 1.061 0.245
0.338 1.975 5.985 -0.000 5.236 0.010 1.071 0.228
0.359 2.035 5.985 0.000 5.236 0.010 1.081 0.210
0.380 2.095 5.985 -0.000 5.236 0.010 1.092 0.192
0.401 2.154 5.985 0.000 5.236 0.010 1.103 0.173
0.423 2.214 5.985 0.000 5.236 0.010 1.114 0.154
0.446 2.274 5.985 -0.000 5.236 0.010 1.125 0.135
0.469 2.334 5.985 0.000 5.236 0.010 1.137 0.114
0.493 2.394 5.985 -0.000 5.236 0.010 1.149 0.094
0.518 2.454 5.985 -0.000 5.236 0.010 1.161 0.072
0.543 2.514 5.985 0.000 5.236 0.010 1.174 0.051
0.569 2.573 5.985 0.000 5.236 0.010 1.186 0.028
0.595 2.633 5.985 0.000 5.236 0.010 1.200 0.006
0.622 2.693 5.985 -0.000 5.236 0.010 1.213 -0.018
0.649 2.753 5.985 0.000 5.236 0.010 1.227 -0.042
0.678 2.813 5.985 0.000 5.236 0.010 1.241 -0.066
0.706 2.873 5.985 -0.000 5.236 0.010 1.255 -0.091
0.736 2.932 5.985 0.000 5.236 0.010 1.270 -0.116
0.766 2.992 5.985 -0.000 5.236 0.010 1.285 -0.142
0.796 3.052 5.985 -0.000 5.236 0.010 1.300 -0.169
0.827 3.112 5.985 -0.000 5.236 0.010 1.316 -0.196
0.859 3.172 5.985 0.000 5.236 0.010 1.332 -0.223
0.891 3.232 5.985 -0.000 5.236 0.010 1.348 -0.251
0.924 3.292 5.985 -0.000 5.236 0.010 1.364 -0.280
0.958 3.351 5.985 0.000 5.236 0.010 1.381 -0.309
0.992 3.411 5.985 0.000 5.236 0.010 1.398 -0.338
1.027 3.471 5.985 -0.000 5.236 0.010 1.415 -0.368
1.062 3.531 5.985 -0.000 5.236 0.010 1.433 -0.399
1.098 3.591 5.985 0.000 5.236 0.010 1.451 -0.430
1.134 3.651 5.985 -0.000 5.236 0.010 1.469 -0.461
1.171 3.710 5.985 0.000 5.236 0.010 1.488 -0.494
1.209 3.770 5.985 0.000 5.236 0.010 1.507 -0.526
1.247 3.830 5.985 -0.000 5.236 0.010 1.526 -0.559
1.286 3.890 5.985 0.000 5.236 0.010 1.545 -0.593
1.326 3.950 5.985 0.000 5.236 0.010 1.565 -0.627
1.366 4.010 5.985 -0.000 5.236 0.010 1.585 -0.662
1.407 4.070 5.985 0.000 5.236 0.010 1.605 -0.697
1.448 4.129 5.985 -0.000 5.236 0.010 1.626 -0.733
1.490 4.189 5.985 0.000 5.236 0.010 1.647 -0.769
1.532 4.249 5.985 0.000 5.236 0.010 1.668 -0.806
1.575 4.309 5.985 -0.000 5.236 0.010 1.690 -0.843
1.619 4.366 5.685 -29.923 5.236 0.010 1.712 -0.881
1.663 4.417 5.087 -59.846 5.236 0.010 1.734 -0.919
1.708 4.462 4.488 -59.846 5.236 0.010 1.756 -0.958
1.753 4.500 3.890 -59.846 5.236 0.010 1.778 -0.997
1.798 4.533 3.292 -59.846 5.236 0.010 1.801 -1.036
1.844 4.560 2.693 -59.846 5.236 0.010 1.824 -1.076
1.889 4.581 2.095 -59.846 5.236 0.010 1.847 -1.116
1.935 4.596 1.496 -59.846 5.236 0.010 1.870 -1.155
1.982 4.605 0.898 -59.846 5.236 0.010 1.893 -1.195
2.028 4.608 0.240 -65.753 5.236 0.010 1.916 -1.235
2.074 4.603 -0.417 -65.753 5.236 0.010 1.939 -1.275
2.120 4.593 -1.016 -59.846 5.236 0.010 1.962 -1.315
2.165 4.577 -1.614 -59.846 5.236 0.010 1.985 -1.354
2.211 4.555 -2.213 -59.846 5.236 0.010 2.008 -1.394
2.256 4.527 -2.811 -59.846 5.236 0.010 2.030 -1.433
2.301 4.493 -3.410 -59.846 5.236 0.010 2.053 -1.472
2.346 4.453 -4.008 -59.846 5.236 0.010 2.075 -1.511
2.390 4.407 -4.607 -59.846 5.236 0.010 2.097 -1.549
2.433 4.355 -5.205 -59.846 5.236 0.010 2.119 -1.586
2.476 4.297 -5.744 -53.940 5.236 0.010 2.140 -1.624
2.519 4.237 -5.985 -24.017 5.236 0.010 2.161 -1.660
2.560 4.177 -5.985 0.000 5.236 0.010 2.182 -1.696
2.601 4.118 -5.985 -0.000 5.236 0.010 2.203 -1.732
2.642 4.058 -5.985 0.000 5.236 0.010 2.223 -1.767
2.682 3.998 -5.985 -0.000 5.236 0.010 2.243 -1.802
2.721 3.938 -5.985 -0.000 5.236 0.010 2.263 -1.836
2.760 3.878 -5.985 0.000 5.236 0.010 2.282 -1.870
2.798 3.818 -5.985 -0.000 5.236 0.010 2.301 -1.903
2.836 3.758 -5.985 0.000 5.236 0.010 2.320 -1.935
2.873 3.699 -5.985 0.000 5.236 0.010 2.339 -1.967
2.909 3.639 -5.985 -0.000 5.236 0.010 2.357 -1.999
2.945 3.579 -5.985 0.000 5.236 0.010 2.375 -2.030
2.980 3.519 -5.985 -0.000 5.236 0.010 2.392 -2.060
3.015 3.459 -5.985 -0.000 5.236 0.010 2.410 -2.090
3.049 3.399 -5.985 0.000 5.236 0.010 2.427 -2.120
3.082 3.340 -5.985 -0.000 5.236 0.010 2.443 -2.149
3.115 3.280 -5.985 0.000 5.236 0.010 2.460 -2.177
3.147 3.220 -5.985 -0.000 5.236 0.010 2.476 -2.205
3.179 3.160 -5.985 0.000 5.236 0.010 2.492 -2.232
3.210 3.100 -5.985 -0.000 5.236 0.010 2.507 -2.259
3.240 3.040 -5.985 -0.000 5.236 0.010 2.522 -2.285
3.270 2.980 -5.985 0.000 5.236 0.010 2.537 -2.311
3.299 2.921 -5.985 -0.000 5.236 0.010 2.552 -2.336
3.328 2.861 -5.985 0.000 5.236 0.010 2.566 -2.361
3.356 2.801 -5.985 -0.000 5.236 0.010 2.580 -2.386
3.383 2.741 -5.985 0.000 5.236 0.010 2.594 -2.409
3.410 2.681 -5.985 -0.000 5.236 0.010 2.607 -2.432
3.436 2.621 -5.985 -0.000 5.236 0.010 2.620 -2.455
3.462 2.562 -5.985 0.000 5.236 0.010 2.633 -2.477
3.487 2.502 -5.985 -0.000 5.236 0.010 2.646 -2.499
3.511 2.442 -5.985 0.000 5.236 0.010 2.658 -2.520
3.535 2.382 -5.985 -0.000 5.236 0.010 2.670 -2.541
3.558 2.322 -5.985 0.000 5.236 0.010 2.681 -2.561
3.581 2.262 -5.985 -0.000 5.236 0.010 2.693 -2.580
3.603 2.202 -5.985 0.000 5.236 0.010 2.704 -2.600
3.625 2.143 -5.985 -0.000 5.236 0.010 2.714 -2.618
3.645 2.083 -5.985 -0.000 5.236 0.010 2.725 -2.636
3.666 2.023 -5.985 -0.000 5.236 0.010 2.735 -2.654
3.685 1.963 -5.985 0.000 5.236 0.010 2.745 -2.671
3.704 1.903 -5.985 -0.000 5.236 0.010 2.754 -2.687
3.723 1.843 -5.985 -0.000 5.236 0.010 2.763 -2.703
3.741 1.784 -5.985 0.000 5.236 0.010 2.772 -2.719
3.758 1.724 -5.985 -0.000 5.236 0.010 2.781 -2.734
3.774 1.664 -5.985 0.000 5.236 0.010 2.789 -2.748
3.790 1.604 -5.985 -0.000 5.236 0.010 2.797 -2.762
3.806 1.544 -5.985 -0.000 5.236 0.010 2.805 -2.775
3.821 1.484 -5.985 0.000 5.236 0.010 2.812 -2.788
3.835 1.424 -5.985 0.000 5.236 0.010 2.820 -2.800
3.849 1.365 -5.985 -0.000 5.236 0.010 2.826 -2.812
3.862 1.305 -5.985 0.000 5.236 0.010 2.833 -2.823
3.874 1.245 -5.985 -0.000 5.236 0.010 2.839 -2.834
3.886 1.185 -5.985 0.000 5.236 0.010 2.845 -2.845
3.897 1.125 -5.985 -0.000 5.236 0.010 2.851 -2.854
3.908 1.065 -5.985 0.000 5.236 0.010 2.856 -2.864
3.918 1.006 -5.985 -0.000 5.236 0.010 2.861 -2.872
3.927 0.946 -5.985 0.000 5.236 0.010 2.866 -2.880
3.936 0.886 -5.985 0.000 5.236 0.010 2.870 -2.888
3.945 0.826 -5.985 -0.000 5.236 0.010 2.874 -2.895
3.952 0.766 -5.985 -0.000 5.236 0.010 2.878 -2.902
3.959 0.706 -5.985 0.000 5.236 0.010 2.882 -2.908
3.966 0.646 -5.985 -0.000 5.236 0.010 2.885 -2.914
3.972 0.587 -5.985 0.000 5.236 0.010 2.888 -2.919
3.977 0.527 -5.985 -0.000 5.236 0.010 2.891 -2.923
3.982 0.467 -5.985 0.000 5.236 0.010 2.893 -2.927
3.986 0.407 -5.985 0.000 5.236 0.010 2.895 -2.931
3.989 0.347 -5.985 -0.000 5.236 0.010 2.897 -2.934
3.992 0.288 -5.926 5.907 5.236 0.010 2.898 -2.936
3.994 0.232 -5.567 35.830 5.236 0.010 2.899 -2.938
3.996 0.183 -4.969 59.846 5.236 0.010 2.900 -2.940
3.997 0.139 -4.370 59.846 5.236 0.010 2.901 -2.941
3.999 0.101 -3.772 59.846 5.236 0.010 2.901 -2.942
3.999 0.069 -3.173 59.846 5.236 0.010 2.902 -2.943
4.000 0.044 -2.575 59.846 5.236 0.010 2.902 -2.943
4.000 0.024 -1.976 59.846 5.236 0.010 2.902 -2.943
4.000 0.010 -1.378 59.846 5.236 0.010 2.902 -2.943
4.000 0.002 -0.780 59.846 5.236 0.010 2.902 -2.943
4.000 0.000 -0.240 53.940 5.236 0.010 2.902 -2.943
0.000 0.006 0.598 59.846 5.236 0.010 -0.902 -0.521
0.000 0.012 0.598 0.000 5.236 0.010 -0.902 -0.521
0.000 0.027 1.496 89.769 5.236 0.010 -0.902 -0.521
0.001 0.048 2.095 59.846 5.236 0.010 -0.902 -0.522
0.002 0.075 2.693 59.846 5.236 0.010 -0.901 -0.522
0.003 0.108 3.292 59.846 5.236 0.010 -0.901 -0.523
0.004 0.147 3.890 59.846 5.236 0.010 -0.900 -0.524
0.006 0.192 4.488 59.846 5.236 0.010 -0.899 -0.526
0.009 0.242 5.087 59.846 5.236 0.010 -0.898 -0.528
0.012 0.299 5.685 59.846 5.236 0.010 -0.896 -0.531
0.015 0.359 5.985 29.923 5.236 0.010 -0.895 -0.534
0.019 0.419 5.985 0.000 5.236 0.010 -0.892 -0.538
0.024 0.479 5.985 -0.000 5.236 0.010 -0.890 -0.542
0.029 0.539 5.985 0.000 5.236 0.010 -0.887 -0.546
0.035 0.598 5.985 -0.000 5.236 0.010 -0.884 -0.552
0.042 0.658 5.985 0.000 5.236 0.010 -0.881 -0.557
0.049 0.718 5.985 0.000 5.236 0.010 -0.877 -0.563
0.057 0.778 5.985 0.000 5.236 0.010 -0.874 -0.570
0.065 0.838 5.985 -0.000 5.236 0.010 -0.869 -0.577
0.074 0.898 5.985 0.000 5.236 0.010 -0.865 -0.585
0.084 0.958 5.985 -0.000 5.236 0.010 -0.860 -0.594
0.094 1.017 5.985 0.000 5.236 0.010 -0.855 -0.602
0.105 1.077 5.985 0.000 5.236 0.010 -0.850 -0.612
0.116 1.137 5.985 -0.000 5.236 0.010 -0.844 -0.622
0.128 1.197 5.985 -0.000 5.236 0.010 -0.838 -0.632
0.141 1.257 5.985 -0.000 5.236 0.010 -0.832 -0.643
0.154 1.317 5.985 0.000 5.236 0.010 -0.825 -0.654
0.168 1.376 5.985 0.000 5.236 0.010 -0.818 -0.666
0.182 1.436 5.985 -0.000 5.236 0.010 -0.811 -0.679
0.197 1.496 5.985 0.000 5.236 0.010 -0.804 -0.691
0.213 1.556 5.985 -0.000 5.236 0.010 -0.796 -0.705
0.229 1.616 5.985 0.000 5.236 0.010 -0.788 -0.719
0.246 1.676 5.985 0.000 5.236 0.010 -0.779 -0.733
0.263 1.736 5.985 0.000 5.236 0.010 -0.771 -0.748
0.281 1.795 5.985 -0.000 5.236 0.010 -0.762 -0.764
0.299 1.855 5.985 -0.000 5.236 0.010 -0.752 -0.780
0.319 1.915 5.985 0.000 5.236 0.010 -0.743 -0.797
0.338 1.975 5.985 -0.000 5.236 0.010 -0.733 -0.814
0.359 2.035 5.985 0.000 5.236 0.010 -0.723 -0.831
0.380 2.095 5.985 -0.000 5.236 0.010 -0.712 -0.850
0.401 2.154 5.985 0.000 5.236 0.010 -0.702 -0.868
0.423 2.214 5.985 0.000 5.236 0.010 -0.690 -0.887
0.446 2.274 5.985 -0.000 5.236 0.010 -0.679 -0.907
0.469 2.334 5.985 -0.000 5.236 0.010 -0.667 -0.927
0.493 2.394 5.985 0.000 5.236 0.010 -0.655 -0.948
0.518 2.454 5.985 -0.000 5.236 0.010 -0.643 -0.969
0.543 2.514 5.985 0.000 5.236 0.010 -0.631 -0.991
0.569 2.573 5.985 0.000 5.236 0.010 -0.618 -1.013
0.595 2.633 5.985 0.000 5.236 0.010 -0.605 -1.036
0.622 2.693 5.985 -0.000 5.236 0.010 -0.591 -1.059
0.649 2.753 5.985 0.000 5.236 0.010 -0.577 -1.083
0.678 2.813 5.985 0.000 5.236 0.010 -0.563 -1.108
0.706 2.873 5.985 -0.000 5.236 0.010 -0.549 -1.133
0.736 2.932 5.985 0.000 5.236 0.010 -0.534 -1.158
0.766 2.992 5.985 -0.000 5.236 0.010 -0.519 -1.184
0.796 3.052 5.985 0.000 5.236 0.010 -0.504 -1.210
0.827 3.112 5.985 -0.000 5.236 0.010 -0.488 -1.237
0.859 3.172 5.985 0.000 5.236 0.010 -0.473 -1.265
0.891 3.232 5.985 -0.000 5.236 0.010 -0.456 -1.293
0.924 3.292 5.985 -0.000 5.236 0.010 -0.440 -1.321
0.958 3.351 5.985 -0.000 5.236 0.010 -0.423 -1.350
0.992 3.411 5.985 0.000 5.236 0.010 -0.406 -1.380
1.027 3.471 5.985 -0.000 5.236 0.010 -0.389 -1.410
1.062 3.531 5.985 -0.000 5.236 0.010 -0.371 -1.440
1.098 3.591 5.985 0.000 5.236 0.010 -0.353 -1.471
1.134 3.651 5.985 -0.000 5.236 0.010 -0.335 -1.503
1.171 3.710 5.985 0.000 5.236 0.010 -0.316 -1.535
1.209 3.770 5.985 0.000 5.236 0.010 -0.298 -1.568
1.247 3.830 5.985 -0.000 5.236 0.010 -0.278 -1.601
1.286 3.890 5.985 -0.000 5.236 0.010 -0.259 -1.635
1.326 3.950 5.985 0.000 5.236 0.010 -0.239 -1.669
1.366 4.010 5.985 -0.000 5.236 0.010 -0.219 -1.704
1.407 4.070 5.985 0.000 5.236 0.010 -0.199 -1.739
1.448 4.129 5.985 -0.000 5.236 0.010 -0.178 -1.775
1.490 4.189 5.985 0.000 5.236 0.010 -0.157 -1.811
1.532 4.249 5.985 0.000 5.236 0.010 -0.136 -1.848
1.575 4.309 5.985 -0.000 5.236 0.010 -0.114 -1.885
1.619 4.366 5.685 -29.923 5.236 0.010 -0.093 -1.923
1.663 4.417 5.087 -59.846 5.236 0.010 -0.071 -1.961
1.708 4.462 4.488 -59.846 5.236 0.010 -0.048 -2.000
1.753 4.500 3.890 -59.846 5.236 0.010 -0.026 -2.039
1.798 4.533 3.292 -59.846 5.236 0.010 -0.003 -2.078
1.844 4.560 2.693 -59.846 5.236 0.010 0.020 -2.118
1.889 4.581 2.095 -59.846 5.236 0.010 0.043 -2.157
1.935 4.596 1.496 -59.846 5.236 0.010 0.066 -2.197
1.982 4.605 0.898 -59.846 5.236 0.010 0.089 -2.237
2.028 4.608 0.240 -65.753 5.236 0.010 0.112 -2.277
2.074 4.603 -0.417 -65.753 5.236 0.010 0.135 -2.317
2.120 4.593 -1.016 -59.846 5.236 0.010 0.158 -2.356
2.165 4.577 -1.614 -59.846 5.236 0.010 0.181 -2.396
2.211 4.555 -2.213 -59.846 5.236 0.010 0.203 -2.436
2.256 4.527 -2.811 -59.846 5.236 0.010 0.226 -2.475
2.301 4.493 -3.410 -59.846 5.236 0.010 0.248 -2.514
2.346 4.453 -4.008 -59.846 5.236 0.010 0.271 -2.552
2.390 4.407 -4.607 -59.846 5.236 0.010 0.293 -2.590
2.433 4.355 -5.205 -59.846 5.236 0.010 0.314 -2.628
2.476 4.297 -5.744 -53.940 5.236 0.010 0.336 -2.665
2.519 4.237 -5.985 -24.017 5.236 0.010 0.357 -2.702
2.560 4.177 -5.985 0.000 5.236 0.010 0.378 -2.738
2.601 4.118 -5.985 -0.000 5.236 0.010 0.399 -2.774
2.642 4.058 -5.985 0.000 5.236 0.010 0.419 -2.809
2.682 3.998 -5.985 -0.000 5.236 0.010 0.439 -2.844
2.721 3.938 -5.985 -0.000 5.236 0.010 0.459 -2.878
2.760 3.878 -5.985 0.000 5.236 0.010 0.478 -2.911
2.798 3.818 -5.985 -0.000 5.236 0.010 0.497 -2.944
2.836 3.758 -5.985 -0.000 5.236 0.010 0.516 -2.977
2.873 3.699 -5.985 0.000 5.236 0.010 0.534 -3.009
2.909 3.639 -5.985 -0.000 5.236 0.010 0.553 -3.040
2.945 3.579 -5.985 0.000 5.236 0.010 0.570 -3.071
2.980 3.519 -5.985 0.000 5.236 0.010 0.588 -3.102
3.015 3.459 -5.985 -0.000 5.236 0.010 0.605 -3.132
3.049 3.399 -5.985 0.000 5.236 0.010 0.622 -3.161
3.082 3.340 -5.985 -0.000 5.236 0.010 0.639 -3.190
3.115 3.280 -5.985 0.000 5.236 0.010 0.655 -3.219
3.147 3.220 -5.985 -0.000 5.236 0.010 0.672 -3.246
3.179 3.160 -5.985 0.000 5.236 0.010 0.687 -3.274
3.210 3.100 -5.985 -0.000 5.236 0.010 0.703 -3.301
3.240 3.040 -5.985 -0.000 5.236 0.010 0.718 -3.327
3.270 2.980 -5.985 0.000 5.236 0.010 0.733 -3.353
3.299 2.921 -5.985 -0.000 5.236 0.010 0.748 -3.378
3.328 2.861 -5.985 0.000 5.236 0.010 0.762 -3.403
3.356 2.801 -5.985 -0.000 5.236 0.010 0.776 -3.427
3.383 2.741 -5.985 0.000 5.236 0.010 0.790 -3.451
3.410 2.681 -5.985 -0.000 5.236 0.010 0.803 -3.474
3.436 2.621 -5.985 -0.000 5.236 0.010 0.816 -3.497
3.462 2.562 -5.985 0.000 5.236 0.010 0.829 -3.519
3.487 2.502 -5.985 -0.000 5.236 0.010 0.841 -3.541
3.511 2.442 -5.985 0.000 5.236 0.010 0.854 -3.562
3.535 2.382 -5.985 -0.000 5.236 0.010 0.866 -3.582
3.558 2.322 -5.985 0.000 5.236 0.010 0.877 -3.603
3.581 2.262 -5.985 -0.000 5.236 0.010 0.888 -3.622
3.603 2.202 -5.985 0.000 5.236 0.010 0.899 -3.641
3.625 2.143 -5.985 -0.000 5.236 0.010 0.910 -3.660
3.645 2.083 -5.985 0.000 5.236 0.010 0.921 -3.678
3.666 2.023 -5.985 -0.000 5.236 0.010 0.931 -3.695
3.685 1.963 -5.985 0.000 5.236 0.010 0.941 -3.712
3.704 1.903 -5.985 -0.000 5.236 0.010 0.950 -3.729
3.723 1.843 -5.985 -0.000 5.236 0.010 0.959 -3.745
3.741 1.784 -5.985 0.000 5.236 0.010 0.968 -3.760
3.758 1.724 -5.985 -0.000 5.236 0.010 0.977 -3.775
3.774 1.664 -5.985 0.000 5.236 0.010 0.985 -3.790
3.790 1.604 -5.985 0.000 5.236 0.010 0.993 -3.803
3.806 1.544 -5.985 -0.000 5.236 0.010 1.001 -3.817
3.821 1.484 -5.985 0.000 5.236 0.010 1.008 -3.830
3.835 1.424 -5.985 0.000 5.236 0.010 1.015 -3.842
3.849 1.365 -5.985 -0.000 5.236 0.010 1.022 -3.854
3.862 1.305 -5.985 0.000 5.236 0.010 1.029 -3.865
3.874 1.245 -5.985 -0.000 5.236 0.010 1.035 -3.876
3.886 1.185 -5.985 0.000 5.236 0.010 1.041 -3.886
3.897 1.125 -5.985 -0.000 5.236 0.010 1.047 -3.896
3.908 1.065 -5.985 0.000 5.236 0.010 1.052 -3.905
3.918 1.006 -5.985 -0.000 5.236 0.010 1.057 -3.914
3.927 0.946 -5.985 0.000 5.236 0.010 1.062 -3.922
3.936 0.886 -5.985 0.000 5.236 0.010 1.066 -3.930
3.945 0.826 -5.985 0.000 5.236 0.010 1.070 -3.937
3.952 0.766 -5.985 -0.000 5.236 0.010 1.074 -3.944
3.959 0.706 -5.985 0.000 5.236 0.010 1.078 -3.950
3.966 0.646 -5.985 -0.000 5.236 0.010 1.081 -3.955
3.972 0.587 -5.985 0.000 5.236 0.010 1.084 -3.960
3.977 0.527 -5.985 0.000 5.236 0.010 1.086 -3.965
3.982 0.467 -5.985 0.000 5.236 0.010 1.089 -3.969
3.986 0.407 -5.985 -0.000 5.236 0.010 1.091 -3.972
3.989 0.347 -5.985 0.000 5.236 0.010 1.092 -3.975
3.992 0.288 -5.926 5.907 5.236 0.010 1.094 -3.978
3.994 0.232 -5.567 35.830 5.236 0.010 1.095 -3.980
3.996 0.183 -4.969 59.846 5.236 0.010 1.096 -3.982
3.997 0.139 -4.370 59.846 5.236 0.010 1.097 -3.983
3.999 0.101 -3.772 59.846 5.236 0.010 1.097 -3.984
3.999 0.069 -3.173 59.846 5.236 0.010 1.097 -3.984
4.000 0.044 -2.575 59.846 5.236 0.010 1.098 -3.985
4.000 0.024 -1.976 59.846 5.236 0.010 1.098 -3.985
4.000 0.010 -1.378 59.846 5.236 0.010 1.098 -3.985
4.000 0.002 -0.780 59.846 5.236 0.010 1.098 -3.985
4.000 0.000 -0.240 53.940 5.236 0.010 1.098 -3.985
