CenterRightSwitchFront
273
0.000 0.006 0.588 58.824 0.000 0.010 0.000 1.042
0.000 0.012 0.588 -0.002 0.000 0.010 0.000 1.042
0.000 0.026 1.470 88.225 0.000 0.010 0.000 1.042
0.001 0.047 2.058 58.790 0.000 0.010 0.001 1.042
0.002 0.074 2.646 58.747 0.000 0.010 0.002 1.042
0.003 0.106 3.233 58.676 0.000 0.010 0.003 1.042
0.004 0.144 3.818 58.571 0.000 0.010 0.004 1.042
0.006 0.188 4.403 58.424 0.000 0.010 0.006 1.042
0.008 0.238 4.985 58.230 0.000 0.010 0.008 1.042
0.011 0.294 5.565 57.982 0.000 0.010 0.011 1.042
0.015 0.355 6.141 57.673 0.000 0.010 0.015 1.042
0.019 0.422 6.714 57.298 0.000 0.010 0.019 1.042
0.024 0.495 7.283 56.851 0.000 0.010 0.024 1.042
0.030 0.573 7.846 56.326 0.000 0.010 0.030 1.042
0.036 0.657 8.403 55.718 0.000 0.010 0.036 1.042
0.044 0.747 8.954 55.024 0.000 0.010 0.044 1.042
0.052 0.842 9.496 54.238 0.000 0.010 0.052 1.042
0.062 0.939 9.739 24.303 0.000 0.010 0.062 1.042
0.072 1.036 9.685 -5.431 0.000 0.010 0.072 1.042
0.083 1.132 9.625 -5.952 0.001 0.010 0.083 1.042
0.096 1.228 9.561 -6.459 0.001 0.010 0.096 1.042
0.109 1.323 9.491 -6.952 0.001 0.010 0.109 1.042
0.123 1.417 9.417 -7.431 0.001 0.010 0.123 1.042
0.138 1.510 9.338 -7.894 0.002 0.010 0.138 1.042
0.154 1.603 9.254 -8.342 0.002 0.010 0.154 1.042
0.171 1.695 9.167 -8.775 0.003 0.010 0.171 1.042
0.189 1.785 9.075 -9.192 0.003 0.010 0.189 1.042
0.208 1.875 8.979 -9.595 0.004 0.010 0.208 1.042
0.227 1.964 8.879 -9.983 0.005 0.010 0.227 1.042
0.248 2.052 8.775 -10.356 0.006 0.010 0.248 1.042
0.269 2.138 8.668 -10.716 0.007 0.010 0.269 1.042
0.291 2.224 8.558 -11.063 0.008 0.010 0.291 1.042
0.315 2.308 8.444 -11.397 0.010 0.010 0.315 1.043
0.338 2.392 8.326 -11.719 0.011 0.010 0.338 1.043
0.363 2.474 8.206 -12.030 0.013 0.010 0.363 1.043
0.389 2.555 8.083 -12.329 0.015 0.010 0.389 1.044
0.415 2.634 7.957 -12.616 0.017 0.010 0.415 1.044
0.442 2.712 7.828 -12.893 0.019 0.010 0.442 1.044
0.470 2.789 7.696 -13.158 0.022 0.010 0.470 1.045
0.499 2.865 7.562 -13.412 0.024 0.010 0.499 1.046
0.528 2.939 7.426 -13.652 0.027 0.010 0.528 1.046
0.558 3.012 7.287 -13.879 0.030 0.010 0.558 1.047
0.589 3.084 7.146 -14.089 0.034 0.010 0.589 1.048
0.621 3.154 7.003 -14.281 0.038 0.010 0.621 1.049
0.653 3.222 6.859 -14.451 0.042 0.010 0.653 1.051
0.686 3.289 6.713 -14.596 0.046 0.010 0.686 1.052
0.719 3.355 6.565 -14.711 0.051 0.010 0.719 1.054
0.753 3.419 6.418 -14.789 0.056 0.010 0.753 1.056
0.788 3.482 6.269 -14.825 0.062 0.010 0.788 1.058
0.824 3.543 6.121 -14.811 0.067 0.010 0.823 1.060
0.860 3.600 5.725 -39.580 0.074 0.010 0.859 1.062
0.896 3.651 5.092 -63.381 0.080 0.010 0.896 1.065
0.933 3.696 4.475 -61.703 0.087 0.010 0.933 1.068
0.971 3.735 3.875 -59.922 0.095 0.010 0.970 1.072
1.008 3.768 3.295 -58.043 0.102 0.010 1.007 1.075
1.046 3.795 2.734 -56.071 0.111 0.010 1.045 1.080
1.084 3.817 2.194 -54.013 0.119 0.010 1.083 1.084
1.123 3.834 1.675 -51.880 0.128 0.010 1.121 1.089
1.161 3.846 1.178 -49.682 0.137 0.010 1.159 1.094
1.200 3.853 0.704 -47.435 0.147 0.010 1.197 1.099
1.238 3.855 0.253 -45.156 0.157 0.010 1.235 1.105
1.277 3.853 -0.176 -42.865 0.167 0.010 1.273 1.111
1.315 3.848 -0.582 -40.586 0.178 0.010 1.311 1.118
1.354 3.838 -0.965 -38.344 0.189 0.010 1.349 1.125
1.392 3.825 -1.327 -36.168 0.200 0.010 1.386 1.132
1.430 3.808 -1.668 -34.086 0.211 0.010 1.424 1.140
1.468 3.788 -1.989 -32.129 0.223 0.010 1.461 1.148
1.506 3.767 -2.071 -8.226 0.235 0.010 1.497 1.157
1.543 3.748 -1.922 14.951 0.247 0.010 1.534 1.166
1.580 3.730 -1.766 15.620 0.259 0.010 1.570 1.175
1.617 3.714 -1.603 16.252 0.271 0.010 1.606 1.185
1.654 3.700 -1.435 16.838 0.284 0.010 1.641 1.195
1.691 3.687 -1.261 17.370 0.296 0.010 1.677 1.205
1.728 3.677 -1.083 17.838 0.309 0.010 1.712 1.216
1.765 3.668 -0.900 18.236 0.322 0.010 1.747 1.228
1.801 3.660 -0.715 18.556 0.335 0.010 1.781 1.239
1.838 3.655 -0.527 18.792 0.348 0.010 1.816 1.252
1.874 3.652 -0.338 18.941 0.361 0.010 1.850 1.264
1.911 3.650 -0.148 18.999 0.374 0.010 1.884 1.277
1.947 3.651 0.042 18.964 0.386 0.010 1.918 1.291
1.984 3.653 0.230 18.836 0.399 0.010 1.952 1.305
2.021 3.657 0.417 18.615 0.412 0.010 1.985 1.319
2.057 3.663 0.600 18.305 0.425 0.010 2.019 1.334
2.094 3.671 0.779 17.908 0.438 0.010 2.052 1.350
2.131 3.681 0.953 17.431 0.451 0.010 2.085 1.365
2.168 3.692 1.122 16.879 0.463 0.010 2.119 1.382
2.205 3.705 1.284 16.259 0.476 0.010 2.152 1.399
2.242 3.719 1.440 15.579 0.488 0.010 2.185 1.416
2.279 3.735 1.589 14.848 0.500 0.010 2.217 1.433
2.317 3.752 1.729 14.074 0.512 0.010 2.250 1.452
2.354 3.771 1.862 13.265 0.524 0.010 2.283 1.470
2.392 3.791 1.986 12.432 0.535 0.010 2.316 1.489
2.430 3.812 2.102 11.582 0.547 0.010 2.348 1.509
2.469 3.834 2.209 10.724 0.558 0.010 2.381 1.529
2.507 3.857 2.308 9.867 0.569 0.010 2.414 1.550
2.546 3.881 2.398 9.016 0.580 0.010 2.446 1.571
2.585 3.906 2.480 8.180 0.590 0.010 2.479 1.592
2.625 3.931 2.554 7.364 0.600 0.010 2.511 1.614
2.664 3.957 2.619 6.573 0.610 0.010 2.544 1.637
2.704 3.984 2.678 5.813 0.620 0.010 2.576 1.660
2.744 4.011 2.728 5.086 0.630 0.010 2.609 1.683
2.784 4.039 2.772 4.396 0.639 0.010 2.641 1.707
2.825 4.067 2.810 3.746 0.648 0.010 2.674 1.732
2.866 4.096 2.841 3.136 0.657 0.010 2.707 1.757
2.907 4.124 2.867 2.569 0.665 0.010 2.739 1.782
2.949 4.153 2.887 2.044 0.673 0.010 2.772 1.808
2.991 4.182 2.903 1.563 0.681 0.010 2.804 1.834
3.033 4.211 2.914 1.123 0.689 0.010 2.837 1.861
3.075 4.241 2.921 0.726 0.696 0.010 2.870 1.888
3.118 4.270 2.925 0.369 0.703 0.010 2.902 1.915
3.161 4.299 2.926 0.051 0.710 0.010 2.935 1.943
3.204 4.328 2.923 -0.229 0.716 0.010 2.968 1.971
3.248 4.358 2.919 -0.472 0.722 0.010 3.000 2.000
3.292 4.387 2.912 -0.681 0.728 0.010 3.033 2.029
3.336 4.416 2.903 -0.858 0.734 0.010 3.066 2.059
3.380 4.445 2.893 -1.004 0.739 0.010 3.099 2.088
3.425 4.473 2.882 -1.121 0.744 0.010 3.132 2.119
3.470 4.502 2.870 -1.211 0.749 0.010 3.165 2.149
3.515 4.531 2.857 -1.276 0.753 0.010 3.198 2.180
3.561 4.559 2.844 -1.319 0.758 0.010 3.231 2.211
3.607 4.587 2.831 -1.340 0.762 0.010 3.265 2.243
3.653 4.616 2.817 -1.342 0.765 0.010 3.298 2.275
3.699 4.644 2.804 -1.325 0.769 0.010 3.331 2.307
3.746 4.672 2.791 -1.293 0.772 0.010 3.365 2.340
3.793 4.699 2.779 -1.246 0.775 0.010 3.399 2.373
3.840 4.727 2.767 -1.186 0.777 0.010 3.432 2.406
3.888 4.755 2.756 -1.114 0.780 0.010 3.466 2.439
3.936 4.782 2.745 -1.031 0.782 0.010 3.500 2.473
3.984 4.809 2.736 -0.939 0.784 0.010 3.534 2.507
4.032 4.837 2.727 -0.839 0.785 0.010 3.569 2.541
4.081 4.864 2.720 -0.733 0.786 0.010 3.603 2.575
4.130 4.891 2.714 -0.620 0.787 0.010 3.637 2.610
4.179 4.918 2.709 -0.502 0.788 0.010 3.672 2.645
4.228 4.945 2.705 -0.381 0.789 0.010 3.707 2.680
4.278 4.972 2.702 -0.257 0.789 0.010 3.742 2.715
4.328 4.999 2.701 -0.131 0.789 0.010 3.777 2.750
4.378 5.026 2.701 -0.004 0.789 0.010 3.813 2.786
4.429 5.053 2.702 0.123 0.788 0.010 3.848 2.822
4.480 5.080 2.705 0.249 0.788 0.010 3.884 2.858
4.531 5.107 2.709 0.373 0.787 0.010 3.920 2.894
4.582 5.134 2.714 0.495 0.785 0.010 3.956 2.931
4.634 5.162 2.720 0.612 0.784 0.010 3.993 2.967
4.686 5.189 2.727 0.725 0.782 0.010 4.030 3.004
4.738 5.216 2.735 0.832 0.780 0.010 4.067 3.040
4.790 5.244 2.745 0.933 0.777 0.010 4.104 3.077
4.843 5.271 2.755 1.025 0.775 0.010 4.142 3.114
4.896 5.299 2.766 1.108 0.772 0.010 4.180 3.151
4.949 5.327 2.778 1.181 0.769 0.010 4.218 3.188
5.003 5.355 2.790 1.242 0.765 0.010 4.256 3.225
5.056 5.383 2.803 1.290 0.762 0.010 4.295 3.263
5.111 5.411 2.816 1.323 0.758 0.010 4.335 3.300
5.165 5.439 2.830 1.340 0.754 0.010 4.374 3.337
5.220 5.468 2.843 1.340 0.749 0.010 4.414 3.374
5.275 5.496 2.856 1.320 0.744 0.010 4.454 3.412
5.330 5.525 2.869 1.279 0.739 0.010 4.495 3.449
5.385 5.554 2.881 1.215 0.734 0.010 4.536 3.486
5.441 5.583 2.892 1.126 0.728 0.010 4.578 3.524
5.497 5.612 2.903 1.011 0.723 0.010 4.620 3.561
5.554 5.641 2.911 0.867 0.716 0.010 4.662 3.598
5.610 5.670 2.918 0.692 0.710 0.010 4.705 3.635
5.667 5.699 2.923 0.485 0.703 0.010 4.748 3.672
5.725 5.728 2.925 0.244 0.696 0.010 4.792 3.709
5.782 5.758 2.925 -0.034 0.689 0.010 4.837 3.746
5.840 5.787 2.922 -0.349 0.681 0.010 4.881 3.782
5.898 5.816 2.915 -0.703 0.674 0.010 4.927 3.819
5.957 5.845 2.904 -1.098 0.665 0.010 4.973 3.855
6.016 5.874 2.888 -1.535 0.657 0.010 5.019 3.891
6.075 5.903 2.868 -2.014 0.648 0.010 5.066 3.927
6.134 5.931 2.843 -2.536 0.639 0.010 5.113 3.963
6.193 5.959 2.812 -3.101 0.630 0.010 5.161 3.998
6.253 5.987 2.775 -3.707 0.621 0.010 5.210 4.033
6.313 6.014 2.731 -4.355 0.611 0.010 5.259 4.068
6.374 6.041 2.681 -5.043 0.601 0.010 5.308 4.102
6.435 6.067 2.623 -5.767 0.591 0.010 5.359 4.136
6.495 6.093 2.558 -6.526 0.580 0.010 5.409 4.170
6.557 6.118 2.485 -7.314 0.570 0.010 5.461 4.203
6.618 6.142 2.403 -8.129 0.559 0.010 5.513 4.236
6.680 6.165 2.314 -8.964 0.547 0.010 5.565 4.269
6.742 6.187 2.216 -9.814 0.536 0.010 5.618 4.300
6.804 6.208 2.109 -10.671 0.524 0.010 5.672 4.332
6.866 6.228 1.994 -11.529 0.513 0.010 5.726 4.363
6.928 6.247 1.870 -12.379 0.501 0.010 5.780 4.393
6.991 6.264 1.738 -13.214 0.489 0.010 5.836 4.423
7.054 6.280 1.597 -14.024 0.476 0.010 5.891 4.452
7.117 6.295 1.449 -14.800 0.464 0.010 5.947 4.480
7.180 6.307 1.294 -15.534 0.451 0.010 6.004 4.508
7.243 6.319 1.132 -16.218 0.439 0.010 6.061 4.535
7.306 6.328 0.963 -16.841 0.426 0.010 6.118 4.562
7.370 6.336 0.789 -17.398 0.413 0.010 6.176 4.588
7.433 6.342 0.611 -17.880 0.400 0.010 6.235 4.613
7.497 6.347 0.428 -18.281 0.387 0.010 6.293 4.637
7.560 6.349 0.242 -18.597 0.374 0.010 6.352 4.661
7.624 6.350 0.054 -18.823 0.361 0.010 6.411 4.684
7.687 6.348 -0.136 -18.957 0.348 0.010 6.471 4.706
7.751 6.345 -0.326 -18.998 0.335 0.010 6.531 4.727
7.814 6.340 -0.515 -18.946 0.323 0.010 6.591 4.747
7.877 6.333 -0.703 -18.802 0.310 0.010 6.651 4.767
7.940 6.324 -0.889 -18.571 0.297 0.010 6.711 4.786
8.004 6.313 -1.072 -18.256 0.285 0.010 6.772 4.804
8.067 6.301 -1.250 -17.863 0.272 0.010 6.832 4.821
8.129 6.286 -1.424 -17.399 0.260 0.010 6.893 4.838
8.192 6.271 -1.593 -16.871 0.247 0.010 6.954 4.854
8.255 6.253 -1.756 -16.288 0.235 0.010 7.014 4.869
8.317 6.234 -1.912 -15.658 0.224 0.010 7.075 4.883
8.379 6.213 -2.062 -14.991 0.212 0.010 7.136 4.896
8.441 6.188 -2.546 -48.410 0.201 0.010 7.196 4.909
8.503 6.154 -3.380 -83.376 0.189 0.010 7.257 4.921
8.564 6.112 -4.217 -83.683 0.178 0.010 7.317 4.932
8.624 6.061 -5.033 -81.608 0.168 0.010 7.376 4.942
8.684 6.003 -5.827 -79.437 0.157 0.010 7.436 4.952
8.744 5.937 -6.599 -77.199 0.147 0.010 7.494 4.961
8.802 5.864 -7.349 -74.922 0.138 0.010 7.552 4.970
8.860 5.783 -8.075 -72.632 0.129 0.010 7.610 4.977
8.917 5.695 -8.778 -70.352 0.120 0.010 7.666 4.984
8.973 5.601 -9.459 -68.103 0.111 0.010 7.722 4.991
9.028 5.499 -10.119 -65.902 0.103 0.010 7.777 4.997
9.082 5.392 -10.756 -63.764 0.095 0.010 7.830 5.002
9.135 5.278 -11.373 -61.702 0.088 0.010 7.883 5.007
9.186 5.158 -11.970 -59.725 0.081 0.010 7.934 5.011
9.237 5.033 -12.549 -57.840 0.074 0.010 7.984 5.015
9.286 4.902 -13.109 -56.053 0.068 0.010 8.033 5.018
9.333 4.765 -13.653 -54.369 0.062 0.010 8.081 5.022
9.380 4.627 -13.867 -21.389 0.056 0.010 8.127 5.024
9.425 4.489 -13.740 12.724 0.051 0.010 8.172 5.027
9.468 4.353 -13.591 14.824 0.047 0.010 8.215 5.029
9.510 4.219 -13.444 14.791 0.042 0.010 8.257 5.031
9.551 4.086 -13.296 14.715 0.038 0.010 8.298 5.032
9.591 3.954 -13.150 14.602 0.034 0.010 8.338 5.034
9.629 3.824 -13.006 14.459 0.031 0.010 8.376 5.035
9.666 3.696 -12.863 14.291 0.027 0.010 8.413 5.036
9.702 3.569 -12.722 14.100 0.024 0.010 8.449 5.037
9.736 3.443 -12.583 13.891 0.022 0.010 8.483 5.038
9.769 3.318 -12.446 13.666 0.019 0.010 8.516 5.038
9.801 3.195 -12.312 13.426 0.017 0.010 8.548 5.039
9.832 3.073 -12.180 13.174 0.015 0.010 8.579 5.040
9.861 2.953 -12.051 12.909 0.013 0.010 8.608 5.040
9.890 2.834 -11.925 12.633 0.011 0.010 8.637 5.040
9.917 2.716 -11.801 12.346 0.010 0.010 8.664 5.041
9.943 2.599 -11.681 12.048 0.008 0.010 8.690 5.041
9.968 2.483 -11.564 11.738 0.007 0.010 8.715 5.041
9.991 2.369 -11.449 11.417 0.006 0.010 8.738 5.041
10.014 2.255 -11.339 11.084 0.005 0.010 8.761 5.041
10.035 2.143 -11.231 10.738 0.004 0.010 8.782 5.041
10.056 2.032 -11.127 10.379 0.003 0.010 8.803 5.041
10.075 1.921 -11.027 10.006 0.003 0.010 8.822 5.041
10.093 1.812 -10.931 9.619 0.002 0.010 8.840 5.042
10.110 1.704 -10.839 9.217 0.002 0.010 8.857 5.042
10.126 1.596 -10.751 8.801 0.001 0.010 8.873 5.042
10.141 1.489 -10.667 8.369 0.001 0.010 8.888 5.042
10.155 1.384 -10.588 7.922 0.001 0.010 8.902 5.042
10.168 1.278 -10.513 7.459 0.001 0.010 8.915 5.042
10.179 1.174 -10.444 6.982 0.001 0.010 8.926 5.042
10.190 1.070 -10.379 6.490 0.000 0.010 8.937 5.042
10.200 0.967 -10.319 5.983 0.000 0.010 8.947 5.042
10.208 0.864 -10.264 5.463 0.000 0.010 8.955 5.042
10.216 0.765 -9.937 32.732 0.000 0.010 8.963 5.042
10.223 0.672 -9.321 61.632 0.000 0.010 8.970 5.042
10.229 0.585 -8.694 62.670 0.000 0.010 8.975 5.042
10.234 0.504 -8.074 61.970 0.000 0.010 8.981 5.042
10.238 0.430 -7.461 61.357 0.000 0.010 8.985 5.042
10.241 0.361 -6.852 60.827 0.000 0.010 8.988 5.042
10.244 0.299 -6.249 60.375 0.000 0.010 8.991 5.042
10.247 0.242 -5.649 59.996 0.000 0.010 8.994 5.042
10.249 0.192 -5.052 59.683 0.000 0.010 8.996 5.042
10.250 0.147 -4.458 59.431 0.000 0.010 8.997 5.042
10.251 0.108 -3.865 59.234 0.000 0.010 8.998 5.042
10.252 0.076 -3.274 59.085 0.000 0.010 8.999 5.042
10.253 0.049 -2.685 58.977 0.000 0.010 9.000 5.042
10.253 0.028 -2.096 58.904 0.000 0.010 9.000 5.042
10.253 0.013 -1.507 58.859 0.000 0.010 9.000 5.042
10.253 0.003 -0.919 58.835 0.000 0.010 9.000 5.042
10.253 0.000 -0.330 58.826 0.000 0.010 9.000 5.042
10.253 0.000 -0.018 31.223 0.000 0.010 9.000 5.042
0.000 0.006 0.588 58.824 0.000 0.010 0.000 -1.042
0.000 0.012 0.588 0.002 0.000 0.010 0.000 -1.042
0.000 0.026 1.471 88.246 0.000 0.010 0.000 -1.042
0.001 0.047 2.059 58.857 0.000 0.010 0.001 -1.042
0.002 0.074 2.648 58.900 0.000 0.010 0.002 -1.042
0.003 0.106 3.238 58.971 0.000 0.010 0.003 -1.042
0.004 0.144 3.829 59.076 0.000 0.010 0.004 -1.042
0.006 0.188 4.421 59.223 0.000 0.010 0.006 -1.042
0.008 0.239 5.015 59.417 0.000 0.010 0.008 -1.042
0.011 0.295 5.612 59.665 0.000 0.010 0.011 -1.042
0.015 0.357 6.212 59.974 0.000 0.010 0.015 -1.042
0.019 0.425 6.815 60.349 0.000 0.010 0.019 -1.042
0.024 0.499 7.423 60.796 0.000 0.010 0.024 -1.042
0.030 0.580 8.036 61.321 0.000 0.010 0.030 -1.042
0.037 0.666 8.655 61.929 0.000 0.010 0.037 -1.042
0.044 0.759 9.282 62.623 0.000 0.010 0.044 -1.042
0.053 0.858 9.916 63.410 0.000 0.010 0.053 -1.042
0.062 0.961 10.261 34.521 0.000 0.010 0.062 -1.042
0.073 1.064 10.315 5.431 0.000 0.010 0.073 -1.042
0.085 1.168 10.375 5.952 0.001 0.010 0.085 -1.042
0.097 1.272 10.439 6.459 0.001 0.010 0.097 -1.042
0.111 1.377 10.509 6.952 0.001 0.010 0.111 -1.042
0.126 1.483 10.583 7.431 0.001 0.010 0.126 -1.042
0.142 1.590 10.662 7.894 0.002 0.010 0.142 -1.042
0.159 1.697 10.746 8.342 0.002 0.010 0.159 -1.042
0.177 1.805 10.833 8.775 0.003 0.010 0.177 -1.041
0.196 1.915 10.925 9.192 0.003 0.010 0.196 -1.041
0.216 2.025 11.021 9.595 0.004 0.010 0.216 -1.041
0.238 2.136 11.121 9.983 0.005 0.010 0.238 -1.041
0.260 2.248 11.225 10.356 0.006 0.010 0.260 -1.041
0.284 2.362 11.332 10.716 0.007 0.010 0.284 -1.041
0.309 2.476 11.442 11.063 0.008 0.010 0.309 -1.041
0.334 2.592 11.556 11.397 0.010 0.010 0.334 -1.041
0.362 2.708 11.674 11.719 0.011 0.010 0.362 -1.040
0.390 2.826 11.794 12.029 0.013 0.010 0.390 -1.040
0.419 2.945 11.917 12.328 0.015 0.010 0.419 -1.040
0.450 3.066 12.043 12.616 0.017 0.010 0.450 -1.039
0.482 3.188 12.172 12.893 0.019 0.010 0.482 -1.039
0.515 3.311 12.304 13.158 0.022 0.010 0.515 -1.038
0.549 3.435 12.438 13.411 0.024 0.010 0.549 -1.037
0.585 3.561 12.574 13.651 0.027 0.010 0.585 -1.036
0.622 3.688 12.713 13.878 0.030 0.010 0.622 -1.035
0.660 3.816 12.854 14.088 0.034 0.010 0.660 -1.034
0.699 3.946 12.997 14.280 0.038 0.010 0.699 -1.032
0.740 4.078 13.141 14.450 0.042 0.010 0.740 -1.031
0.782 4.211 13.287 14.595 0.046 0.010 0.782 -1.029
0.826 4.345 13.434 14.709 0.051 0.010 0.825 -1.027
0.871 4.481 13.582 14.788 0.056 0.010 0.870 -1.024
0.917 4.618 13.731 14.823 0.062 0.010 0.916 -1.022
0.964 4.757 13.879 14.808 0.067 0.010 0.964 -1.019
1.013 4.894 13.686 -19.245 0.074 0.010 1.013 -1.015
1.063 5.025 13.143 -54.268 0.080 0.010 1.063 -1.011
1.115 5.151 12.584 -55.946 0.087 0.010 1.114 -1.007
1.168 5.271 12.007 -57.726 0.095 0.010 1.167 -1.002
1.222 5.385 11.411 -59.606 0.102 0.010 1.220 -0.997
1.276 5.493 10.795 -61.577 0.111 0.010 1.275 -0.991
1.332 5.595 10.159 -63.635 0.119 0.010 1.330 -0.985
1.389 5.690 9.501 -65.768 0.128 0.010 1.387 -0.978
1.447 5.778 8.821 -67.966 0.137 0.010 1.444 -0.970
1.506 5.859 8.119 -70.212 0.147 0.010 1.502 -0.962
1.565 5.933 7.394 -72.491 0.157 0.010 1.561 -0.953
1.625 6.000 6.646 -74.781 0.167 0.010 1.620 -0.943
1.686 6.058 5.876 -77.060 0.178 0.010 1.680 -0.933
1.747 6.109 5.083 -79.302 0.189 0.010 1.740 -0.922
1.808 6.152 4.268 -81.478 0.200 0.010 1.800 -0.910
1.870 6.186 3.432 -83.559 0.211 0.010 1.861 -0.897
1.932 6.212 2.577 -85.516 0.223 0.010 1.921 -0.884
1.994 6.233 2.071 -50.596 0.235 0.010 1.982 -0.870
2.057 6.252 1.922 -14.950 0.247 0.010 2.043 -0.855
2.120 6.270 1.766 -15.618 0.259 0.010 2.103 -0.839
2.183 6.286 1.603 -16.250 0.271 0.010 2.164 -0.823
2.246 6.300 1.435 -16.837 0.284 0.010 2.225 -0.805
2.309 6.313 1.261 -17.368 0.296 0.010 2.285 -0.787
2.372 6.323 1.083 -17.836 0.309 0.010 2.345 -0.768
2.435 6.332 0.900 -18.234 0.322 0.010 2.406 -0.749
2.499 6.339 0.715 -18.554 0.335 0.010 2.466 -0.728
2.562 6.345 0.527 -18.791 0.348 0.010 2.525 -0.707
2.626 6.348 0.338 -18.939 0.361 0.010 2.585 -0.685
2.689 6.350 0.148 -18.997 0.374 0.010 2.644 -0.662
2.753 6.349 -0.042 -18.962 0.386 0.010 2.703 -0.639
2.816 6.347 -0.230 -18.834 0.399 0.010 2.762 -0.614
2.879 6.343 -0.417 -18.613 0.412 0.010 2.820 -0.589
2.943 6.337 -0.600 -18.303 0.425 0.010 2.878 -0.564
3.006 6.329 -0.779 -17.907 0.438 0.010 2.936 -0.537
3.069 6.319 -0.953 -17.430 0.451 0.010 2.993 -0.510
3.132 6.308 -1.122 -16.877 0.463 0.010 3.049 -0.482
3.195 6.295 -1.284 -16.258 0.476 0.010 3.105 -0.454
3.258 6.281 -1.440 -15.578 0.488 0.010 3.161 -0.425
3.321 6.265 -1.589 -14.847 0.500 0.010 3.216 -0.395
3.383 6.248 -1.729 -14.073 0.512 0.010 3.271 -0.365
3.446 6.229 -1.862 -13.264 0.524 0.010 3.325 -0.334
3.508 6.209 -1.986 -12.431 0.535 0.010 3.379 -0.302
3.570 6.188 -2.102 -11.581 0.547 0.010 3.432 -0.271
3.631 6.166 -2.209 -10.724 0.558 0.010 3.484 -0.238
3.693 6.143 -2.308 -9.866 0.569 0.010 3.536 -0.205
3.754 6.119 -2.398 -9.016 0.580 0.010 3.587 -0.172
3.815 6.094 -2.480 -8.180 0.590 0.010 3.638 -0.138
3.875 6.069 -2.554 -7.364 0.600 0.010 3.688 -0.104
3.936 6.043 -2.619 -6.573 0.610 0.010 3.738 -0.070
3.996 6.016 -2.677 -5.813 0.620 0.010 3.787 -0.035
4.056 5.989 -2.728 -5.086 0.630 0.010 3.836 -0.000
4.116 5.961 -2.772 -4.396 0.639 0.010 3.884 0.035
4.175 5.933 -2.810 -3.746 0.648 0.010 3.931 0.071
4.234 5.904 -2.841 -3.137 0.657 0.010 3.978 0.106
4.293 5.876 -2.867 -2.570 0.665 0.010 4.025 0.143
4.351 5.847 -2.887 -2.045 0.673 0.010 4.070 0.179
4.409 5.818 -2.903 -1.563 0.681 0.010 4.116 0.215
4.467 5.789 -2.914 -1.124 0.689 0.010 4.161 0.252
4.525 5.759 -2.921 -0.726 0.696 0.010 4.205 0.289
4.582 5.730 -2.925 -0.369 0.703 0.010 4.249 0.326
4.639 5.701 -2.926 -0.052 0.710 0.010 4.292 0.363
4.696 5.672 -2.923 0.228 0.716 0.010 4.335 0.400
4.752 5.642 -2.919 0.471 0.722 0.010 4.378 0.437
4.808 5.613 -2.912 0.680 0.728 0.010 4.420 0.474
4.864 5.584 -2.903 0.857 0.734 0.010 4.461 0.511
4.920 5.555 -2.893 1.003 0.739 0.010 4.502 0.549
4.975 5.527 -2.882 1.120 0.744 0.010 4.543 0.586
5.030 5.498 -2.870 1.210 0.749 0.010 4.583 0.623
5.085 5.469 -2.857 1.276 0.753 0.010 4.623 0.661
5.139 5.441 -2.844 1.318 0.758 0.010 4.663 0.698
5.193 5.413 -2.830 1.339 0.762 0.010 4.702 0.735
5.247 5.384 -2.817 1.341 0.765 0.010 4.741 0.772
5.301 5.356 -2.804 1.325 0.769 0.010 4.780 0.810
5.354 5.328 -2.791 1.292 0.772 0.010 4.818 0.847
5.407 5.301 -2.778 1.245 0.775 0.010 4.856 0.884
5.460 5.273 -2.767 1.185 0.777 0.010 4.894 0.921
5.512 5.245 -2.755 1.113 0.780 0.010 4.931 0.957
5.564 5.218 -2.745 1.030 0.782 0.010 4.968 0.994
5.616 5.191 -2.736 0.939 0.784 0.010 5.005 1.031
5.668 5.163 -2.727 0.839 0.785 0.010 5.041 1.067
5.719 5.136 -2.720 0.732 0.786 0.010 5.078 1.104
5.770 5.109 -2.714 0.619 0.787 0.010 5.114 1.140
5.821 5.082 -2.709 0.502 0.788 0.010 5.150 1.176
5.872 5.055 -2.705 0.381 0.789 0.010 5.185 1.212
5.922 5.028 -2.702 0.257 0.789 0.010 5.221 1.247
5.972 5.001 -2.701 0.131 0.789 0.010 5.256 1.283
6.022 4.974 -2.701 0.004 0.789 0.010 5.291 1.318
6.071 4.947 -2.702 -0.123 0.788 0.010 5.326 1.353
6.120 4.920 -2.705 -0.249 0.788 0.010 5.360 1.388
6.169 4.893 -2.709 -0.374 0.787 0.010 5.395 1.423
6.218 4.866 -2.714 -0.495 0.785 0.010 5.429 1.457
6.266 4.838 -2.720 -0.613 0.784 0.010 5.464 1.491
6.314 4.811 -2.727 -0.726 0.782 0.010 5.498 1.525
6.362 4.784 -2.735 -0.833 0.780 0.010 5.532 1.559
6.410 4.756 -2.745 -0.933 0.777 0.010 5.566 1.592
6.457 4.729 -2.755 -1.026 0.775 0.010 5.599 1.625
6.504 4.701 -2.766 -1.109 0.772 0.010 5.633 1.658
6.551 4.673 -2.778 -1.182 0.769 0.010 5.666 1.691
6.597 4.645 -2.790 -1.243 0.765 0.010 5.700 1.723
6.643 4.617 -2.803 -1.291 0.762 0.010 5.733 1.755
6.689 4.589 -2.816 -1.324 0.758 0.010 5.767 1.787
6.735 4.561 -2.830 -1.341 0.754 0.010 5.800 1.818
6.780 4.532 -2.843 -1.341 0.749 0.010 5.833 1.849
6.825 4.504 -2.856 -1.321 0.744 0.010 5.866 1.879
6.870 4.475 -2.869 -1.280 0.739 0.010 5.899 1.910
6.915 4.446 -2.881 -1.216 0.734 0.010 5.932 1.940
6.959 4.417 -2.893 -1.127 0.728 0.010 5.965 1.969
7.003 4.388 -2.903 -1.012 0.723 0.010 5.998 1.998
7.046 4.359 -2.911 -0.868 0.716 0.010 6.030 2.027
7.090 4.330 -2.918 -0.693 0.710 0.010 6.063 2.055
7.133 4.301 -2.923 -0.486 0.703 0.010 6.096 2.083
7.175 4.272 -2.926 -0.245 0.696 0.010 6.128 2.111
7.218 4.242 -2.925 0.033 0.689 0.010 6.161 2.138
7.260 4.213 -2.922 0.348 0.681 0.010 6.194 2.164
7.302 4.184 -2.915 0.703 0.674 0.010 6.226 2.191
7.343 4.155 -2.904 1.098 0.665 0.010 6.259 2.216
7.384 4.126 -2.888 1.534 0.657 0.010 6.291 2.242
7.425 4.097 -2.868 2.014 0.648 0.010 6.324 2.267
7.466 4.069 -2.843 2.536 0.639 0.010 6.357 2.291
7.507 4.041 -2.812 3.100 0.630 0.010 6.389 2.315
7.547 4.013 -2.775 3.707 0.621 0.010 6.422 2.339
7.587 3.986 -2.731 4.355 0.611 0.010 6.454 2.362
7.626 3.959 -2.681 5.042 0.601 0.010 6.487 2.384
7.665 3.933 -2.623 5.767 0.591 0.010 6.519 2.406
7.705 3.907 -2.558 6.525 0.580 0.010 6.552 2.428
7.743 3.882 -2.485 7.314 0.570 0.010 6.584 2.449
7.782 3.858 -2.404 8.129 0.559 0.010 6.617 2.470
7.820 3.835 -2.314 8.964 0.547 0.010 6.650 2.490
7.858 3.813 -2.216 9.814 0.536 0.010 6.682 2.509
7.896 3.792 -2.109 10.671 0.524 0.010 6.715 2.529
7.934 3.772 -1.994 11.529 0.513 0.010 6.748 2.547
7.972 3.753 -1.870 12.380 0.501 0.010 6.781 2.565
8.009 3.736 -1.738 13.215 0.489 0.010 6.813 2.583
8.046 3.720 -1.598 14.025 0.476 0.010 6.846 2.600
8.083 3.705 -1.450 14.802 0.464 0.010 6.879 2.617
8.120 3.692 -1.294 15.536 0.451 0.010 6.913 2.634
8.157 3.681 -1.132 16.219 0.439 0.010 6.946 2.649
8.194 3.672 -0.964 16.843 0.426 0.010 6.979 2.665
8.230 3.664 -0.790 17.399 0.413 0.010 7.013 2.680
8.267 3.658 -0.611 17.881 0.400 0.010 7.046 2.694
8.303 3.653 -0.428 18.283 0.387 0.010 7.080 2.708
8.340 3.651 -0.242 18.599 0.374 0.010 7.114 2.722
8.376 3.650 -0.054 18.825 0.361 0.010 7.148 2.735
8.413 3.652 0.136 18.959 0.348 0.010 7.182 2.748
8.449 3.655 0.326 19.000 0.335 0.010 7.217 2.760
8.486 3.660 0.515 18.948 0.323 0.010 7.251 2.772
8.523 3.667 0.703 18.804 0.310 0.010 7.286 2.783
8.559 3.676 0.889 18.573 0.297 0.010 7.321 2.794
8.596 3.687 1.072 18.258 0.285 0.010 7.356 2.805
8.633 3.699 1.250 17.865 0.272 0.010 7.392 2.815
8.670 3.713 1.424 17.400 0.260 0.010 7.428 2.825
8.708 3.729 1.593 16.872 0.247 0.010 7.464 2.834
8.745 3.747 1.756 16.289 0.235 0.010 7.500 2.843
8.783 3.766 1.913 15.659 0.224 0.010 7.537 2.851
8.821 3.787 2.062 14.993 0.212 0.010 7.574 2.860
8.859 3.807 1.995 -6.790 0.201 0.010 7.611 2.867
8.897 3.824 1.688 -30.647 0.189 0.010 7.649 2.875
8.935 3.837 1.348 -33.962 0.178 0.010 7.686 2.882
8.974 3.847 0.988 -36.037 0.168 0.010 7.724 2.888
9.012 3.853 0.606 -38.209 0.157 0.010 7.762 2.895
9.051 3.855 0.202 -40.447 0.147 0.010 7.800 2.901
9.090 3.853 -0.226 -42.725 0.138 0.010 7.839 2.906
9.128 3.846 -0.676 -45.015 0.129 0.010 7.877 2.911
9.166 3.834 -1.149 -47.296 0.120 0.010 7.915 2.916
9.204 3.818 -1.644 -49.545 0.111 0.010 7.953 2.920
9.242 3.796 -2.162 -51.746 0.103 0.010 7.990 2.924
9.280 3.769 -2.701 -53.884 0.095 0.010 8.028 2.928
9.318 3.737 -3.260 -55.947 0.088 0.010 8.065 2.931
9.355 3.698 -3.839 -57.924 0.081 0.010 8.102 2.935
9.391 3.654 -4.437 -59.809 0.074 0.010 8.138 2.937
9.427 3.603 -5.053 -61.596 0.068 0.010 8.174 2.940
9.463 3.547 -5.686 -63.280 0.062 0.010 8.210 2.942
9.497 3.486 -6.097 -41.058 0.056 0.010 8.245 2.944
9.532 3.423 -6.260 -16.348 0.051 0.010 8.279 2.946
9.565 3.359 -6.408 -14.826 0.047 0.010 8.312 2.948
9.598 3.293 -6.556 -14.793 0.042 0.010 8.345 2.949
9.630 3.226 -6.704 -14.716 0.038 0.010 8.377 2.951
9.662 3.158 -6.850 -14.604 0.034 0.010 8.409 2.952
9.693 3.088 -6.994 -14.461 0.031 0.010 8.440 2.953
9.723 3.017 -7.137 -14.292 0.027 0.010 8.470 2.954
9.752 2.944 -7.278 -14.101 0.024 0.010 8.499 2.954
9.781 2.870 -7.417 -13.892 0.022 0.010 8.528 2.955
9.809 2.794 -7.554 -13.666 0.019 0.010 8.556 2.956
9.836 2.717 -7.688 -13.427 0.017 0.010 8.583 2.956
9.863 2.639 -7.820 -13.174 0.015 0.010 8.610 2.956
9.888 2.560 -7.949 -12.910 0.013 0.010 8.635 2.957
9.913 2.479 -8.075 -12.634 0.011 0.010 8.660 2.957
9.937 2.397 -8.199 -12.347 0.010 0.010 8.684 2.957
9.960 2.314 -8.319 -12.048 0.008 0.010 8.707 2.958
9.982 2.229 -8.436 -11.739 0.007 0.010 8.729 2.958
10.004 2.144 -8.551 -11.417 0.006 0.010 8.751 2.958
10.024 2.057 -8.661 -11.084 0.005 0.010 8.771 2.958
10.044 1.969 -8.769 -10.738 0.004 0.010 8.791 2.958
10.063 1.881 -8.873 -10.379 0.003 0.010 8.810 2.958
10.081 1.791 -8.973 -10.006 0.003 0.010 8.828 2.958
10.098 1.700 -9.069 -9.619 0.002 0.010 8.845 2.958
10.114 1.609 -9.161 -9.217 0.002 0.010 8.861 2.958
10.129 1.516 -9.249 -8.801 0.001 0.010 8.876 2.958
10.143 1.423 -9.333 -8.369 0.001 0.010 8.890 2.958
10.157 1.329 -9.412 -7.922 0.001 0.010 8.904 2.958
10.169 1.234 -9.487 -7.459 0.001 0.010 8.916 2.958
10.180 1.138 -9.556 -6.982 0.001 0.010 8.927 2.958
10.191 1.042 -9.621 -6.490 0.000 0.010 8.938 2.958
10.200 0.945 -9.681 -5.983 0.000 0.010 8.947 2.958
10.209 0.848 -9.736 -5.463 0.000 0.010 8.956 2.958
10.216 0.753 -9.511 22.469 0.000 0.010 8.963 2.958
10.223 0.663 -8.987 52.393 0.000 0.010 8.970 2.958
10.229 0.579 -8.437 54.977 0.000 0.010 8.976 2.958
10.234 0.500 -7.881 55.677 0.000 0.010 8.981 2.958
10.238 0.427 -7.318 56.290 0.000 0.010 8.985 2.958
10.242 0.359 -6.749 56.820 0.000 0.010 8.988 2.958
10.244 0.297 -6.177 57.272 0.000 0.010 8.991 2.958
10.247 0.241 -5.600 57.652 0.000 0.010 8.994 2.958
10.249 0.191 -5.021 57.964 0.000 0.010 8.996 2.958
10.250 0.147 -4.438 58.216 0.000 0.010 8.997 2.958
10.251 0.108 -3.854 58.413 0.000 0.010 8.998 2.958
10.252 0.076 -3.269 58.562 0.000 0.010 8.999 2.958
10.253 0.049 -2.682 58.670 0.000 0.010 9.000 2.958
10.253 0.028 -2.095 58.743 0.000 0.010 9.000 2.958
10.253 0.013 -1.507 58.788 0.000 0.010 9.000 2.958
10.253 0.003 -0.919 58.812 0.000 0.010 9.000 2.958
10.253 0.000 -0.330 58.821 0.000 0.010 9.000 2.958
10.253 0.000 -0.018 31.223 0.000 0.010 9.000 2.958
