CenterRightScale
474
0.000 0.006 0.571 57.143 0.000 0.010 0.000 1.042
0.000 0.011 0.571 -0.001 0.000 0.010 0.000 1.042
0.000 0.026 1.429 85.711 0.000 0.010 0.000 1.042
0.001 0.046 2.000 57.133 0.000 0.010 0.001 1.042
0.002 0.071 2.571 57.120 0.000 0.010 0.002 1.042
0.003 0.103 3.142 57.099 0.000 0.010 0.003 1.042
0.004 0.140 3.713 57.067 0.000 0.010 0.004 1.042
0.006 0.183 4.283 57.023 0.000 0.010 0.006 1.042
0.008 0.231 4.853 56.965 0.000 0.010 0.008 1.042
0.011 0.286 5.422 56.891 0.000 0.010 0.011 1.042
0.014 0.345 5.989 56.798 0.000 0.010 0.014 1.042
0.019 0.411 6.556 56.685 0.000 0.010 0.019 1.042
0.023 0.482 7.122 56.549 0.000 0.010 0.023 1.042
0.029 0.559 7.686 56.390 0.000 0.010 0.029 1.042
0.035 0.639 7.963 27.697 0.000 0.010 0.035 1.042
0.043 0.718 7.953 -0.959 0.000 0.010 0.043 1.042
0.051 0.798 7.942 -1.076 0.000 0.010 0.051 1.042
0.059 0.877 7.930 -1.192 0.000 0.010 0.059 1.042
0.069 0.956 7.917 -1.307 0.000 0.010 0.069 1.042
0.079 1.035 7.903 -1.421 0.000 0.010 0.079 1.042
0.090 1.114 7.888 -1.534 0.000 0.010 0.090 1.042
0.102 1.193 7.871 -1.646 0.000 0.010 0.102 1.042
0.115 1.271 7.854 -1.757 0.000 0.010 0.115 1.042
0.128 1.350 7.835 -1.866 0.000 0.010 0.128 1.042
0.143 1.428 7.815 -1.976 0.001 0.010 0.143 1.042
0.158 1.506 7.795 -2.084 0.001 0.010 0.158 1.042
0.174 1.583 7.773 -2.191 0.001 0.010 0.174 1.042
0.190 1.661 7.750 -2.298 0.001 0.010 0.190 1.042
0.208 1.738 7.726 -2.405 0.001 0.010 0.208 1.042
0.226 1.815 7.700 -2.511 0.002 0.010 0.226 1.042
0.245 1.892 7.674 -2.618 0.002 0.010 0.245 1.042
0.264 1.968 7.647 -2.724 0.002 0.010 0.264 1.042
0.285 2.045 7.619 -2.831 0.002 0.010 0.285 1.042
0.306 2.121 7.589 -2.939 0.003 0.010 0.306 1.042
0.328 2.196 7.559 -3.049 0.003 0.010 0.328 1.042
0.351 2.271 7.527 -3.159 0.004 0.010 0.351 1.042
0.374 2.346 7.495 -3.272 0.004 0.010 0.374 1.042
0.398 2.421 7.461 -3.387 0.005 0.010 0.398 1.042
0.423 2.495 7.426 -3.504 0.005 0.010 0.423 1.042
0.449 2.569 7.389 -3.626 0.006 0.010 0.449 1.043
0.475 2.643 7.352 -3.750 0.007 0.010 0.475 1.043
0.503 2.716 7.313 -3.879 0.008 0.010 0.503 1.043
0.531 2.788 7.273 -4.013 0.009 0.010 0.531 1.043
0.559 2.861 7.231 -4.153 0.009 0.010 0.559 1.043
0.588 2.933 7.188 -4.299 0.011 0.010 0.588 1.044
0.618 3.004 7.144 -4.451 0.012 0.010 0.618 1.044
0.649 3.075 7.098 -4.612 0.013 0.010 0.649 1.044
0.681 3.146 7.050 -4.781 0.014 0.010 0.681 1.045
0.713 3.216 7.000 -4.960 0.016 0.010 0.713 1.045
0.746 3.285 6.949 -5.148 0.017 0.010 0.746 1.046
0.779 3.354 6.895 -5.349 0.019 0.010 0.779 1.046
0.813 3.422 6.840 -5.561 0.020 0.010 0.813 1.047
0.848 3.490 6.782 -5.787 0.022 0.010 0.848 1.048
0.884 3.557 6.722 -6.029 0.024 0.010 0.884 1.049
0.920 3.624 6.659 -6.284 0.026 0.010 0.920 1.050
0.957 3.690 6.593 -6.560 0.028 0.010 0.957 1.051
0.995 3.755 6.525 -6.851 0.031 0.010 0.995 1.052
1.033 3.820 6.453 -7.165 0.033 0.010 1.033 1.053
1.072 3.884 6.378 -7.500 0.036 0.010 1.072 1.054
1.111 3.947 6.299 -7.859 0.039 0.010 1.111 1.056
1.151 4.009 6.217 -8.244 0.042 0.010 1.151 1.057
1.192 4.070 6.130 -8.656 0.045 0.010 1.192 1.059
1.233 4.130 6.039 -9.098 0.048 0.010 1.233 1.061
1.275 4.190 5.944 -9.572 0.052 0.010 1.275 1.063
1.318 4.248 5.843 -10.080 0.055 0.010 1.317 1.065
1.361 4.306 5.737 -10.626 0.059 0.010 1.360 1.068
1.404 4.362 5.625 -11.210 0.064 0.010 1.404 1.071
1.448 4.417 5.506 -11.839 0.068 0.010 1.448 1.073
1.493 4.471 5.381 -12.511 0.073 0.010 1.492 1.077
1.538 4.523 5.249 -13.233 0.078 0.010 1.538 1.080
1.584 4.574 5.109 -14.006 0.083 0.010 1.583 1.084
1.630 4.624 4.960 -14.833 0.089 0.010 1.629 1.088
1.677 4.672 4.803 -15.719 0.094 0.010 1.676 1.092
1.724 4.718 4.637 -16.665 0.101 0.010 1.723 1.096
1.772 4.763 4.460 -17.677 0.107 0.010 1.770 1.101
1.820 4.806 4.272 -18.752 0.114 0.010 1.818 1.107
1.868 4.846 4.073 -19.899 0.121 0.010 1.866 1.112
1.917 4.885 3.862 -21.114 0.129 0.010 1.914 1.118
1.966 4.921 3.638 -22.401 0.137 0.010 1.963 1.125
2.016 4.955 3.401 -23.760 0.145 0.010 2.012 1.132
2.066 4.987 3.149 -25.186 0.154 0.010 2.062 1.139
2.116 5.016 2.882 -26.680 0.164 0.010 2.111 1.147
2.166 5.042 2.600 -28.230 0.174 0.010 2.161 1.156
2.217 5.065 2.301 -29.831 0.184 0.010 2.211 1.165
2.268 5.085 1.987 -31.466 0.195 0.010 2.261 1.174
2.319 5.101 1.655 -33.118 0.207 0.010 2.311 1.185
2.370 5.114 1.308 -34.761 0.219 0.010 2.361 1.195
2.421 5.124 0.944 -36.361 0.232 0.010 2.410 1.207
2.473 5.129 0.565 -37.877 0.246 0.010 2.460 1.219
2.524 5.131 0.173 -39.253 0.261 0.010 2.510 1.232
2.575 5.129 -0.231 -40.424 0.276 0.010 2.559 1.245
2.626 5.122 -0.644 -41.307 0.292 0.010 2.609 1.260
2.678 5.112 -1.062 -41.802 0.309 0.010 2.657 1.275
2.729 5.097 -1.480 -41.790 0.327 0.010 2.706 1.291
2.779 5.078 -1.892 -41.133 0.346 0.010 2.754 1.308
2.830 5.055 -2.288 -39.672 0.365 0.010 2.801 1.325
2.880 5.028 -2.661 -37.228 0.386 0.010 2.848 1.344
2.930 4.998 -2.997 -33.611 0.408 0.010 2.894 1.363
2.980 4.966 -3.283 -28.617 0.431 0.010 2.939 1.383
3.029 4.931 -3.503 -22.048 0.455 0.010 2.984 1.404
3.078 4.892 -3.825 -32.147 0.480 0.010 3.028 1.426
3.127 4.850 -4.212 -38.701 0.507 0.010 3.070 1.449
3.175 4.806 -4.452 -24.036 0.534 0.010 3.112 1.473
3.222 4.760 -4.530 -7.812 0.562 0.010 3.153 1.498
3.269 4.716 -4.434 9.615 0.592 0.010 3.192 1.524
3.316 4.675 -4.157 27.731 0.622 0.010 3.231 1.550
3.362 4.638 -3.698 45.870 0.653 0.010 3.268 1.578
3.409 4.607 -3.066 63.245 0.684 0.010 3.304 1.607
3.454 4.584 -2.276 78.992 0.717 0.010 3.339 1.636
3.500 4.571 -1.353 92.244 0.749 0.010 3.373 1.667
3.546 4.567 -0.331 102.209 0.782 0.010 3.406 1.698
3.592 4.575 0.751 108.256 0.815 0.010 3.438 1.731
3.637 4.593 1.851 109.988 0.847 0.010 3.469 1.765
3.684 4.623 2.924 107.287 0.880 0.010 3.499 1.800
3.730 4.663 4.095 117.075 0.912 0.010 3.528 1.837
3.777 4.717 5.336 124.118 0.943 0.010 3.556 1.874
3.825 4.781 6.460 112.448 0.974 0.010 3.584 1.914
3.874 4.856 7.451 99.060 1.004 0.010 3.610 1.954
3.923 4.939 8.297 84.604 1.034 0.010 3.636 1.996
3.974 5.029 8.994 69.712 1.062 0.010 3.661 2.040
4.025 5.124 9.544 54.954 1.090 0.010 3.686 2.085
4.077 5.224 9.952 40.807 1.116 0.010 3.709 2.131
4.130 5.326 10.228 27.639 1.142 0.010 3.732 2.180
4.185 5.430 10.385 15.707 1.167 0.010 3.754 2.229
4.240 5.534 10.437 5.165 1.190 0.010 3.775 2.280
4.296 5.638 10.398 -3.926 1.213 0.010 3.796 2.333
4.354 5.741 10.282 -11.575 1.235 0.010 3.815 2.387
4.412 5.842 10.103 -17.848 1.255 0.010 3.834 2.442
4.472 5.941 9.875 -22.848 1.275 0.010 3.852 2.499
4.532 6.037 9.608 -26.699 1.294 0.010 3.869 2.557
4.593 6.130 9.313 -29.540 1.312 0.010 3.885 2.616
4.655 6.220 8.997 -31.508 1.329 0.010 3.900 2.676
4.718 6.307 8.670 -32.735 1.345 0.010 3.915 2.738
4.782 6.390 8.337 -33.348 1.361 0.010 3.929 2.800
4.847 6.470 8.002 -33.457 1.376 0.010 3.942 2.863
4.913 6.547 7.670 -33.162 1.389 0.010 3.954 2.928
4.979 6.620 7.345 -32.549 1.403 0.010 3.965 2.993
5.046 6.691 7.028 -31.692 1.415 0.010 3.976 3.059
5.113 6.758 6.722 -30.652 1.427 0.010 3.986 3.126
5.181 6.822 6.427 -29.482 1.439 0.010 3.996 3.193
5.250 6.884 6.144 -28.221 1.449 0.010 4.004 3.262
5.320 6.942 5.875 -26.908 1.459 0.010 4.012 3.331
5.390 6.998 5.620 -25.565 1.469 0.010 4.020 3.400
5.460 7.052 5.378 -24.217 1.478 0.010 4.027 3.470
5.531 7.104 5.149 -22.879 1.487 0.010 4.033 3.541
5.603 7.153 4.933 -21.563 1.495 0.010 4.039 3.612
5.675 7.200 4.730 -20.280 1.503 0.010 4.044 3.684
5.747 7.246 4.540 -19.035 1.510 0.010 4.048 3.757
5.820 7.289 4.362 -17.833 1.517 0.010 4.053 3.829
5.893 7.331 4.195 -16.677 1.523 0.010 4.056 3.903
5.967 7.372 4.039 -15.568 1.529 0.010 4.060 3.976
6.041 7.411 3.894 -14.506 1.535 0.010 4.063 4.050
6.116 7.448 3.759 -13.490 1.540 0.010 4.065 4.125
6.191 7.485 3.634 -12.520 1.545 0.010 4.067 4.200
6.266 7.520 3.518 -11.594 1.550 0.010 4.069 4.275
6.341 7.554 3.411 -10.711 1.554 0.010 4.070 4.350
6.417 7.587 3.312 -9.865 1.558 0.010 4.072 4.426
6.493 7.619 3.222 -9.059 1.561 0.010 4.072 4.502
6.570 7.651 3.139 -8.286 1.565 0.010 4.073 4.579
6.647 7.681 3.063 -7.546 1.568 0.010 4.073 4.656
6.724 7.711 2.995 -6.835 1.571 0.010 4.073 4.733
6.801 7.741 2.934 -6.152 1.573 0.010 4.073 4.810
6.879 7.769 2.879 -5.493 1.575 0.010 4.073 4.888
6.957 7.798 2.830 -4.856 1.577 0.010 4.073 4.966
7.035 7.826 2.788 -4.238 1.579 0.010 4.072 5.044
7.114 7.853 2.751 -3.638 1.580 0.010 4.071 5.123
7.193 7.880 2.721 -3.053 1.582 0.010 4.071 5.201
7.272 7.907 2.696 -2.479 1.582 0.010 4.070 5.280
7.351 7.934 2.677 -1.916 1.583 0.010 4.069 5.360
7.431 7.961 2.663 -1.361 1.583 0.010 4.068 5.439
7.510 7.987 2.655 -0.811 1.584 0.010 4.067 5.519
7.591 8.014 2.652 -0.265 1.583 0.010 4.066 5.599
7.671 8.040 2.655 0.281 1.583 0.010 4.065 5.680
7.752 8.067 2.664 0.827 1.582 0.010 4.064 5.760
7.833 8.094 2.677 1.377 1.581 0.010 4.063 5.841
7.914 8.121 2.697 1.933 1.580 0.010 4.062 5.923
7.995 8.148 2.722 2.496 1.579 0.010 4.061 6.004
8.077 8.175 2.752 3.069 1.577 0.010 4.061 6.086
8.159 8.203 2.789 3.656 1.575 0.010 4.060 6.168
8.241 8.232 2.831 4.256 1.573 0.010 4.060 6.250
8.324 8.260 2.880 4.874 1.571 0.010 4.060 6.333
8.407 8.290 2.935 5.512 1.568 0.010 4.060 6.416
8.490 8.320 2.997 6.171 1.565 0.010 4.060 6.499
8.574 8.350 3.066 6.856 1.561 0.010 4.061 6.582
8.657 8.382 3.141 7.567 1.558 0.010 4.062 6.666
8.741 8.414 3.224 8.307 1.554 0.010 4.063 6.750
8.826 8.447 3.315 9.082 1.549 0.010 4.065 6.835
8.911 8.481 3.414 9.889 1.545 0.010 4.067 6.919
8.996 8.516 3.521 10.735 1.540 0.010 4.069 7.005
9.081 8.553 3.638 11.620 1.535 0.010 4.072 7.090
9.167 8.590 3.763 12.547 1.529 0.010 4.076 7.176
9.254 8.629 3.898 13.518 1.523 0.010 4.079 7.262
9.340 8.670 4.044 14.535 1.516 0.010 4.084 7.349
9.427 8.712 4.200 15.598 1.510 0.010 4.089 7.436
9.515 8.756 4.367 16.708 1.502 0.010 4.095 7.523
9.603 8.801 4.545 17.866 1.495 0.010 4.101 7.611
9.692 8.848 4.736 19.068 1.486 0.010 4.108 7.699
9.781 8.898 4.939 20.314 1.478 0.010 4.116 7.788
9.870 8.949 5.155 21.599 1.469 0.010 4.125 7.877
9.960 9.003 5.384 22.913 1.459 0.010 4.134 7.966
10.051 9.059 5.627 24.253 1.449 0.010 4.145 8.056
10.142 9.118 5.883 25.599 1.438 0.010 4.156 8.147
10.234 9.180 6.152 26.941 1.427 0.010 4.169 8.238
10.326 9.244 6.435 28.253 1.415 0.010 4.183 8.329
10.419 9.311 6.730 29.510 1.402 0.010 4.198 8.421
10.513 9.382 7.037 30.676 1.389 0.010 4.214 8.513
10.608 9.455 7.354 31.710 1.375 0.010 4.232 8.606
10.703 9.532 7.679 32.559 1.360 0.010 4.251 8.700
10.799 9.612 8.011 33.163 1.345 0.010 4.272 8.793
10.896 9.696 8.345 33.445 1.329 0.010 4.294 8.888
10.994 9.782 8.679 33.322 1.312 0.010 4.319 8.982
11.092 9.873 9.005 32.690 1.294 0.010 4.345 9.078
11.192 9.966 9.320 31.441 1.275 0.010 4.373 9.173
11.293 10.062 9.614 29.446 1.255 0.010 4.403 9.269
11.394 10.161 9.880 26.578 1.234 0.010 4.436 9.365
11.497 10.262 10.107 22.691 1.212 0.010 4.471 9.462
11.601 10.365 10.284 17.656 1.190 0.010 4.508 9.559
11.705 10.469 10.397 11.342 1.166 0.010 4.548 9.655
11.811 10.573 10.433 3.651 1.141 0.010 4.591 9.752
11.918 10.677 10.379 -5.482 1.116 0.010 4.637 9.848
12.026 10.779 10.218 -16.065 1.089 0.010 4.686 9.945
12.134 10.878 9.938 -28.033 1.061 0.010 4.737 10.040
12.244 10.973 9.525 -41.230 1.033 0.010 4.792 10.135
12.355 11.063 8.971 -55.396 1.003 0.010 4.850 10.229
12.466 11.146 8.270 -70.158 0.973 0.010 4.912 10.323
12.578 11.220 7.419 -85.037 0.942 0.010 4.976 10.414
12.691 11.284 6.425 -99.462 0.911 0.010 5.044 10.505
12.805 11.337 5.297 -112.798 0.879 0.010 5.115 10.593
12.918 11.378 4.053 -124.397 0.846 0.010 5.189 10.679
13.032 11.405 2.716 -133.644 0.813 0.010 5.266 10.764
13.147 11.418 1.316 -140.016 0.781 0.010 5.346 10.845
13.261 11.417 -0.115 -143.142 0.748 0.010 5.428 10.924
13.375 11.402 -1.543 -142.832 0.715 0.010 5.513 11.000
13.489 11.372 -2.935 -139.108 0.683 0.010 5.600 11.074
13.602 11.330 -4.256 -132.195 0.651 0.010 5.689 11.144
13.715 11.275 -5.481 -122.501 0.619 0.010 5.780 11.211
13.827 11.209 -6.587 -110.566 0.589 0.010 5.872 11.274
13.938 11.133 -7.557 -97.021 0.559 0.010 5.966 11.335
14.049 11.050 -8.382 -82.510 0.529 0.010 6.060 11.392
14.158 10.959 -9.059 -67.663 0.501 0.010 6.155 11.446
14.267 10.863 -9.589 -53.031 0.473 0.010 6.251 11.497
14.374 10.763 -9.980 -39.075 0.447 0.010 6.348 11.544
14.481 10.661 -10.242 -26.145 0.421 0.010 6.445 11.589
14.587 10.557 -10.386 -14.478 0.397 0.010 6.542 11.631
14.691 10.453 -10.429 -4.217 0.373 0.010 6.638 11.670
14.795 10.349 -10.383 4.597 0.351 0.010 6.735 11.707
14.897 10.246 -10.263 11.973 0.329 0.010 6.832 11.741
14.998 10.145 -10.083 17.994 0.308 0.010 6.928 11.773
15.099 10.047 -9.855 22.759 0.289 0.010 7.024 11.803
15.198 9.951 -9.591 26.399 0.270 0.010 7.120 11.830
15.297 9.858 -9.301 29.050 0.252 0.010 7.215 11.855
15.395 9.768 -8.992 30.850 0.235 0.010 7.310 11.879
15.492 9.681 -8.673 31.928 0.219 0.010 7.404 11.901
15.588 9.598 -8.349 32.408 0.204 0.010 7.498 11.921
15.683 9.518 -8.025 32.396 0.189 0.010 7.591 11.940
15.777 9.441 -7.705 31.996 0.175 0.010 7.684 11.957
15.871 9.367 -7.392 31.280 0.162 0.010 7.777 11.972
15.964 9.296 -7.089 30.330 0.150 0.010 7.868 11.987
16.056 9.228 -6.797 29.199 0.138 0.010 7.960 12.000
16.148 9.163 -6.518 27.936 0.127 0.010 8.051 12.012
16.239 9.100 -6.252 26.587 0.116 0.010 8.141 12.023
16.329 9.040 -6.000 25.176 0.106 0.010 8.231 12.033
16.419 8.982 -5.763 23.736 0.097 0.010 8.320 12.042
16.508 8.927 -5.540 22.279 0.088 0.010 8.409 12.051
16.597 8.874 -5.332 20.827 0.080 0.010 8.497 12.058
16.685 8.822 -5.138 19.387 0.072 0.010 8.585 12.065
16.773 8.773 -4.958 17.967 0.064 0.010 8.673 12.071
16.860 8.725 -4.792 16.572 0.057 0.010 8.760 12.076
16.947 8.678 -4.640 15.204 0.051 0.010 8.847 12.081
17.033 8.633 -4.502 13.867 0.045 0.010 8.933 12.085
17.119 8.590 -4.376 12.557 0.039 0.010 9.019 12.088
17.205 8.547 -4.263 11.270 0.034 0.010 9.104 12.091
17.290 8.505 -4.163 10.011 0.029 0.010 9.189 12.094
17.374 8.465 -4.075 8.766 0.025 0.010 9.274 12.096
17.458 8.425 -4.000 7.540 0.020 0.010 9.358 12.098
17.542 8.385 -3.937 6.319 0.017 0.010 9.442 12.100
17.626 8.346 -3.886 5.103 0.013 0.010 9.525 12.101
17.709 8.308 -3.847 3.882 0.010 0.010 9.608 12.102
17.792 8.270 -3.821 2.650 0.008 0.010 9.691 12.103
17.874 8.232 -3.807 1.399 0.006 0.010 9.773 12.103
17.956 8.194 -3.805 0.118 0.004 0.010 9.855 12.104
18.037 8.155 -3.817 -1.202 0.002 0.010 9.937 12.104
18.119 8.117 -3.843 -2.571 0.001 0.010 10.018 12.104
18.199 8.078 -3.883 -4.004 0.000 0.010 10.099 12.104
18.280 8.039 -3.938 -5.513 0.000 0.010 10.179 12.104
18.360 8.004 -3.436 50.178 0.000 0.010 10.259 12.104
18.440 8.000 -0.444 299.296 0.000 0.010 10.339 12.104
18.520 8.000 0.000 44.354 0.000 0.010 10.419 12.104
18.600 8.000 -0.000 -0.000 0.000 0.010 10.499 12.104
18.680 8.000 -0.000 0.000 0.000 0.010 10.579 12.104
18.760 8.000 0.000 0.000 0.000 0.010 10.659 12.104
18.840 8.000 0.000 0.000 0.000 0.010 10.739 12.104
18.920 8.000 0.000 -0.000 0.000 0.010 10.819 12.104
19.000 8.000 -0.000 -0.000 0.000 0.010 10.899 12.104
19.080 8.000 0.000 0.000 0.000 0.010 10.979 12.104
19.160 8.000 -0.000 -0.000 0.000 0.010 11.059 12.104
19.240 8.000 -0.000 -0.000 0.000 0.010 11.139 12.104
19.320 8.000 -0.000 0.000 0.000 0.010 11.219 12.104
19.400 8.000 0.000 0.000 0.000 0.010 11.299 12.104
19.480 8.000 0.000 0.000 0.000 0.010 11.379 12.104
19.560 8.000 0.000 0.000 0.000 0.010 11.459 12.104
19.640 8.000 0.000 0.000 0.000 0.010 11.539 12.104
19.720 8.000 0.000 0.000 0.000 0.010 11.619 12.104
19.800 8.000 0.000 0.000 0.000 0.010 11.699 12.104
19.880 8.000 0.000 0.000 0.000 0.010 11.779 12.104
19.960 8.000 0.000 0.000 0.000 0.010 11.859 12.104
20.040 8.000 0.000 0.000 0.000 0.010 11.939 12.104
20.120 8.000 0.000 0.000 0.000 0.010 12.019 12.104
20.200 8.000 0.000 0.000 0.000 0.010 12.099 12.104
20.280 8.000 0.000 0.000 0.000 0.010 12.179 12.104
20.360 8.000 0.000 0.000 0.000 0.010 12.259 12.104
20.440 8.000 -0.000 -0.000 0.000 0.010 12.339 12.104
20.520 8.000 0.000 0.000 0.000 0.010 12.419 12.104
20.600 8.000 -0.000 -0.000 0.000 0.010 12.499 12.104
20.680 8.000 0.000 0.000 0.000 0.010 12.579 12.104
20.760 8.000 0.000 -0.000 0.000 0.010 12.659 12.104
20.840 8.000 0.000 0.000 0.000 0.010 12.739 12.104
20.920 8.000 0.000 0.000 0.000 0.010 12.819 12.104
21.000 8.000 0.000 0.000 0.000 0.010 12.899 12.104
21.080 8.000 0.000 0.000 0.000 0.010 12.979 12.104
21.160 8.000 0.000 0.000 0.000 0.010 13.059 12.104
21.240 8.000 0.000 0.000 0.000 0.010 13.139 12.104
21.320 8.000 0.000 0.000 0.000 0.010 13.219 12.104
21.400 8.000 0.000 0.000 0.000 0.010 13.299 12.104
21.480 8.000 0.000 0.000 0.000 0.010 13.379 12.104
21.560 8.000 0.000 0.000 0.000 0.010 13.459 12.104
21.640 8.000 0.000 0.000 0.000 0.010 13.539 12.104
21.720 8.000 0.000 0.000 0.000 0.010 13.619 12.104
21.800 8.000 0.000 0.000 0.000 0.010 13.699 12.104
21.880 8.000 0.000 -0.000 0.000 0.010 13.779 12.104
21.960 8.000 0.000 0.000 0.000 0.010 13.859 12.104
22.040 8.000 0.000 0.000 0.000 0.010 13.939 12.104
22.120 8.000 0.000 0.000 0.000 0.010 14.019 12.104
22.200 8.000 0.000 0.000 0.000 0.010 14.099 12.104
22.280 8.000 0.000 0.000 0.000 0.010 14.179 12.104
22.360 8.000 0.000 0.000 0.000 0.010 14.259 12.104
22.440 8.000 0.000 0.000 0.000 0.010 14.339 12.104
22.520 8.000 0.000 0.000 0.000 0.010 14.419 12.104
22.600 8.000 -0.000 -0.000 0.000 0.010 14.499 12.104
22.680 8.000 0.000 0.000 0.000 0.010 14.579 12.104
22.760 8.000 -0.000 -0.000 0.000 0.010 14.659 12.104
22.840 8.000 0.000 0.000 0.000 0.010 14.739 12.104
22.920 8.000 -0.000 -0.000 0.000 0.010 14.819 12.104
23.000 8.000 0.000 0.000 0.000 0.010 14.899 12.104
23.080 8.000 -0.000 -0.000 0.000 0.010 14.979 12.104
23.160 8.000 0.000 0.000 0.000 0.010 15.059 12.104
23.240 8.000 -0.000 -0.000 0.000 0.010 15.139 12.104
23.320 8.000 0.000 0.000 0.000 0.010 15.219 12.104
23.400 8.000 -0.000 -0.000 0.000 0.010 15.299 12.104
23.480 8.000 0.000 0.000 0.000 0.010 15.379 12.104
23.560 8.000 0.000 -0.000 0.000 0.010 15.459 12.104
23.640 8.000 0.000 0.000 0.000 0.010 15.539 12.104
23.720 8.000 0.000 0.000 0.000 0.010 15.619 12.104
23.800 8.000 0.000 0.000 0.000 0.010 15.699 12.104
23.880 8.000 0.000 0.000 0.000 0.010 15.779 12.104
23.960 8.000 0.000 0.000 0.000 0.010 15.859 12.104
24.040 8.000 0.000 0.000 0.000 0.010 15.939 12.104
24.120 8.000 0.000 0.000 0.000 0.010 16.019 12.104
24.200 8.000 -0.000 -0.000 0.000 0.010 16.099 12.104
24.280 7.999 -0.092 -9.166 0.000 0.010 16.179 12.104
24.360 7.994 -0.469 -37.738 0.000 0.010 16.259 12.104
24.440 7.984 -1.040 -57.143 0.000 0.010 16.339 12.104
24.519 7.968 -1.612 -57.143 0.000 0.010 16.419 12.104
24.599 7.946 -2.183 -57.143 0.000 0.010 16.498 12.104
24.678 7.918 -2.755 -57.143 0.000 0.010 16.577 12.104
24.757 7.885 -3.326 -57.143 0.000 0.010 16.656 12.104
24.835 7.846 -3.898 -57.143 0.000 0.010 16.735 12.104
24.913 7.802 -4.469 -57.143 0.000 0.010 16.813 12.104
24.991 7.751 -5.040 -57.143 0.000 0.010 16.890 12.104
25.068 7.695 -5.612 -57.143 0.000 0.010 16.967 12.104
25.145 7.699 0.442 605.406 6.283 0.010 17.044 12.104
25.224 7.981 28.141 2769.855 6.279 0.010 17.124 12.104
25.307 8.247 26.594 -154.665 6.271 0.010 17.206 12.103
25.392 8.464 21.691 -490.264 6.261 0.010 17.291 12.102
25.478 8.639 17.496 -419.500 6.249 0.010 17.377 12.099
25.566 8.777 13.834 -366.196 6.234 0.010 17.465 12.096
25.655 8.881 10.404 -342.997 6.218 0.010 17.554 12.091
25.744 8.953 7.146 -325.890 6.200 0.010 17.643 12.084
25.834 8.993 4.023 -312.250 6.181 0.010 17.733 12.076
25.924 9.003 1.024 -299.906 6.161 0.010 17.822 12.066
26.014 8.985 -1.848 -287.158 6.141 0.010 17.911 12.054
26.103 8.939 -4.576 -272.797 6.120 0.010 17.999 12.040
26.192 8.867 -7.137 -256.104 6.099 0.010 18.087 12.025
26.280 8.772 -9.505 -236.827 6.078 0.010 18.173 12.008
26.366 8.656 -11.656 -215.120 6.058 0.010 18.257 11.989
26.451 8.520 -13.571 -191.455 6.038 0.010 18.340 11.970
26.535 8.368 -15.236 -166.514 6.019 0.010 18.421 11.948
26.617 8.201 -16.646 -141.078 6.001 0.010 18.500 11.926
26.697 8.023 -17.806 -115.926 5.983 0.010 18.577 11.903
26.776 7.836 -18.723 -91.756 5.967 0.010 18.652 11.880
26.852 7.642 -19.415 -69.134 5.952 0.010 18.724 11.855
26.927 7.443 -19.899 -48.465 5.938 0.010 18.794 11.830
26.999 7.241 -20.199 -29.993 5.925 0.010 18.862 11.805
27.069 7.037 -20.337 -13.819 5.913 0.010 18.928 11.780
27.138 6.834 -20.337 0.078 5.902 0.010 18.992 11.755
27.204 6.632 -20.219 11.812 5.893 0.010 19.053 11.730
27.268 6.432 -20.003 21.557 5.885 0.010 19.112 11.706
27.331 6.235 -19.708 29.523 5.878 0.010 19.170 11.681
27.391 6.041 -19.348 35.936 5.872 0.010 19.225 11.657
27.450 5.852 -18.938 41.020 5.867 0.010 19.279 11.634
27.506 5.667 -18.488 44.985 5.863 0.010 19.331 11.611
27.561 5.487 -18.008 48.023 5.860 0.010 19.381 11.588
27.614 5.312 -17.505 50.303 5.858 0.010 19.429 11.566
27.666 5.142 -16.985 51.965 5.856 0.010 19.476 11.545
27.715 4.978 -16.454 53.128 5.856 0.010 19.521 11.524
27.764 4.818 -15.915 53.887 5.856 0.010 19.565 11.504
27.810 4.665 -15.372 54.316 5.857 0.010 19.607 11.485
27.855 4.516 -14.827 54.470 5.859 0.010 19.649 11.467
27.899 4.374 -14.283 54.390 5.861 0.010 19.688 11.449
27.942 4.236 -13.742 54.104 5.864 0.010 19.727 11.431
27.983 4.104 -13.206 53.628 5.868 0.010 19.765 11.415
28.022 3.977 -12.676 52.975 5.871 0.010 19.801 11.399
28.061 3.856 -12.155 52.148 5.876 0.010 19.836 11.383
28.098 3.739 -11.643 51.150 5.880 0.010 19.871 11.369
28.135 3.628 -11.144 49.980 5.885 0.010 19.904 11.354
28.170 3.521 -10.657 48.640 5.890 0.010 19.937 11.341
28.204 3.419 -10.186 47.129 5.895 0.010 19.968 11.328
28.237 3.322 -9.731 45.452 5.901 0.010 19.999 11.315
28.270 3.229 -9.295 43.612 5.907 0.010 20.029 11.303
28.301 3.140 -8.879 41.619 5.912 0.010 20.058 11.292
28.331 3.056 -8.484 39.482 5.918 0.010 20.087 11.281
28.361 2.974 -8.112 37.216 5.924 0.010 20.115 11.270
28.390 2.897 -7.764 34.837 5.929 0.010 20.142 11.260
28.418 2.822 -7.440 32.363 5.935 0.010 20.168 11.251
28.446 2.751 -7.142 29.813 5.941 0.010 20.194 11.241
28.473 2.682 -6.870 27.209 5.946 0.010 20.220 11.232
28.499 2.616 -6.624 24.571 5.952 0.010 20.244 11.224
28.524 2.552 -6.405 21.922 5.957 0.010 20.268 11.215
28.549 2.490 -6.212 19.282 5.962 0.010 20.292 11.208
28.574 2.429 -6.045 16.672 5.967 0.010 20.315 11.200
28.597 2.370 -5.904 14.110 5.971 0.010 20.338 11.193
28.620 2.312 -5.788 11.613 5.976 0.010 20.360 11.186
28.643 2.256 -5.696 9.198 5.980 0.010 20.381 11.179
28.665 2.199 -5.627 6.878 5.984 0.010 20.402 11.172
28.686 2.143 -5.581 4.665 5.988 0.010 20.423 11.166
28.707 2.088 -5.555 2.570 5.991 0.010 20.443 11.160
28.728 2.032 -5.549 0.600 5.995 0.010 20.462 11.154
28.747 1.977 -5.561 -1.238 5.998 0.010 20.481 11.149
28.767 1.921 -5.591 -2.938 6.000 0.010 20.499 11.143
28.785 1.865 -5.636 -4.497 6.003 0.010 20.517 11.138
28.803 1.808 -5.695 -5.913 6.005 0.010 20.535 11.133
28.821 1.750 -5.767 -7.184 6.008 0.010 20.552 11.128
28.838 1.691 -5.850 -8.309 6.009 0.010 20.568 11.124
28.854 1.632 -5.943 -9.289 6.011 0.010 20.584 11.119
28.870 1.572 -6.044 -10.126 6.013 0.010 20.599 11.115
28.885 1.510 -6.152 -10.822 6.014 0.010 20.613 11.111
28.899 1.447 -6.266 -11.378 6.015 0.010 20.627 11.107
28.913 1.384 -6.384 -11.798 6.016 0.010 20.641 11.103
28.926 1.318 -6.505 -12.086 6.017 0.010 20.653 11.100
28.939 1.252 -6.627 -12.245 6.018 0.010 20.665 11.097
28.951 1.185 -6.750 -12.280 6.019 0.010 20.677 11.094
28.962 1.116 -6.872 -12.195 6.019 0.010 20.688 11.091
28.972 1.046 -6.992 -11.995 6.020 0.010 20.698 11.088
28.982 0.975 -7.109 -11.687 6.020 0.010 20.707 11.085
28.991 0.903 -7.222 -11.275 6.021 0.010 20.716 11.083
28.999 0.829 -7.329 -10.765 6.021 0.010 20.724 11.081
29.007 0.755 -7.431 -10.165 6.021 0.010 20.731 11.079
29.014 0.680 -7.526 -9.480 6.021 0.010 20.738 11.077
29.020 0.604 -7.613 -8.718 6.021 0.010 20.744 11.076
29.025 0.528 -7.601 1.165 6.021 0.010 20.749 11.074
29.030 0.455 -7.297 30.441 6.021 0.010 20.753 11.073
29.033 0.387 -6.787 50.950 6.021 0.010 20.757 11.072
29.037 0.324 -6.265 52.241 6.021 0.010 20.760 11.071
29.039 0.267 -5.731 53.354 6.021 0.010 20.762 11.071
29.042 0.215 -5.188 54.294 6.021 0.010 20.765 11.070
29.043 0.169 -4.638 55.071 6.021 0.010 20.766 11.070
29.045 0.128 -4.081 55.695 6.021 0.010 20.767 11.069
29.045 0.093 -3.519 56.182 6.021 0.010 20.768 11.069
29.046 0.063 -2.954 56.546 6.021 0.010 20.769 11.069
29.046 0.039 -2.385 56.804 6.021 0.010 20.769 11.069
29.047 0.021 -1.816 56.974 6.021 0.010 20.770 11.069
29.047 0.009 -1.245 57.074 6.021 0.010 20.770 11.069
29.047 0.002 -0.674 57.123 6.021 0.010 20.770 11.069
29.047 0.000 -0.194 47.974 6.021 0.010 20.770 11.069
0.000 0.006 0.571 57.143 0.000 0.010 0.000 -1.042
0.000 0.011 0.571 0.001 0.000 0.010 0.000 -1.042
0.000 0.026 1.429 85.717 0.000 0.010 0.000 -1.042
0.001 0.046 2.000 57.153 0.000 0.010 0.001 -1.042
0.002 0.071 2.572 57.166 0.000 0.010 0.002 -1.042
0.003 0.103 3.144 57.187 0.000 0.010 0.003 -1.042
0.004 0.140 3.716 57.218 0.000 0.010 0.004 -1.042
0.006 0.183 4.288 57.262 0.000 0.010 0.006 -1.042
0.008 0.232 4.862 57.321 0.000 0.010 0.008 -1.042
0.011 0.286 5.436 57.395 0.000 0.010 0.011 -1.042
0.014 0.346 6.011 57.488 0.000 0.010 0.014 -1.042
0.019 0.412 6.587 57.601 0.000 0.010 0.019 -1.042
0.023 0.483 7.164 57.737 0.000 0.010 0.023 -1.042
0.029 0.561 7.743 57.896 0.000 0.010 0.029 -1.042
0.035 0.641 8.037 29.446 0.000 0.010 0.035 -1.042
0.043 0.722 8.047 0.959 0.000 0.010 0.043 -1.042
0.051 0.802 8.058 1.076 0.000 0.010 0.051 -1.042
0.060 0.883 8.070 1.192 0.000 0.010 0.060 -1.042
0.069 0.964 8.083 1.307 0.000 0.010 0.069 -1.042
0.080 1.045 8.097 1.421 0.000 0.010 0.080 -1.042
0.091 1.126 8.112 1.534 0.000 0.010 0.091 -1.042
0.103 1.207 8.129 1.646 0.000 0.010 0.103 -1.042
0.116 1.289 8.146 1.756 0.000 0.010 0.116 -1.042
0.130 1.370 8.165 1.867 0.000 0.010 0.130 -1.042
0.144 1.452 8.185 1.975 0.001 0.010 0.144 -1.042
0.159 1.534 8.205 2.084 0.001 0.010 0.159 -1.042
0.176 1.617 8.227 2.191 0.001 0.010 0.176 -1.042
0.193 1.699 8.250 2.298 0.001 0.010 0.193 -1.042
0.210 1.782 8.274 2.405 0.001 0.010 0.210 -1.042
0.229 1.865 8.300 2.511 0.002 0.010 0.229 -1.042
0.248 1.948 8.326 2.618 0.002 0.010 0.248 -1.042
0.269 2.032 8.353 2.724 0.002 0.010 0.269 -1.041
0.290 2.115 8.381 2.831 0.002 0.010 0.290 -1.041
0.312 2.199 8.411 2.940 0.003 0.010 0.312 -1.041
0.335 2.284 8.441 3.048 0.003 0.010 0.335 -1.041
0.358 2.369 8.473 3.160 0.004 0.010 0.358 -1.041
0.383 2.454 8.505 3.272 0.004 0.010 0.383 -1.041
0.408 2.539 8.539 3.387 0.005 0.010 0.408 -1.041
0.435 2.625 8.574 3.505 0.005 0.010 0.435 -1.041
0.462 2.711 8.611 3.625 0.006 0.010 0.462 -1.041
0.490 2.797 8.648 3.750 0.007 0.010 0.490 -1.041
0.519 2.884 8.687 3.879 0.008 0.010 0.519 -1.040
0.548 2.972 8.727 4.013 0.009 0.010 0.548 -1.040
0.579 3.059 8.769 4.153 0.009 0.010 0.579 -1.040
0.610 3.147 8.812 4.298 0.011 0.010 0.610 -1.039
0.643 3.236 8.856 4.452 0.012 0.010 0.643 -1.039
0.676 3.325 8.902 4.612 0.013 0.010 0.676 -1.039
0.710 3.414 8.950 4.781 0.014 0.010 0.710 -1.038
0.745 3.504 9.000 4.960 0.016 0.010 0.745 -1.038
0.781 3.595 9.051 5.149 0.017 0.010 0.781 -1.037
0.818 3.686 9.105 5.348 0.019 0.010 0.818 -1.037
0.856 3.778 9.160 5.561 0.020 0.010 0.856 -1.036
0.894 3.870 9.218 5.787 0.022 0.010 0.894 -1.035
0.934 3.963 9.278 6.027 0.024 0.010 0.934 -1.034
0.975 4.056 9.341 6.286 0.026 0.010 0.975 -1.033
1.016 4.150 9.407 6.558 0.028 0.010 1.016 -1.032
1.059 4.245 9.475 6.852 0.031 0.010 1.058 -1.031
1.102 4.340 9.547 7.165 0.033 0.010 1.102 -1.029
1.146 4.436 9.622 7.499 0.036 0.010 1.146 -1.028
1.192 4.533 9.700 7.859 0.039 0.010 1.191 -1.026
1.238 4.631 9.783 8.243 0.042 0.010 1.238 -1.024
1.285 4.730 9.869 8.655 0.045 0.010 1.285 -1.022
1.334 4.830 9.960 9.097 0.048 0.010 1.333 -1.020
1.383 4.930 10.056 9.571 0.052 0.010 1.383 -1.017
1.433 5.032 10.157 10.080 0.055 0.010 1.433 -1.015
1.485 5.134 10.263 10.624 0.059 0.010 1.484 -1.012
1.537 5.238 10.375 11.211 0.064 0.010 1.536 -1.009
1.590 5.343 10.494 11.837 0.068 0.010 1.590 -1.005
1.645 5.449 10.619 12.510 0.073 0.010 1.644 -1.001
1.700 5.557 10.751 13.232 0.078 0.010 1.699 -0.997
1.757 5.666 10.891 14.004 0.083 0.010 1.756 -0.992
1.815 5.776 11.039 14.832 0.089 0.010 1.813 -0.988
1.874 5.888 11.197 15.717 0.094 0.010 1.872 -0.982
1.934 6.002 11.363 16.664 0.101 0.010 1.932 -0.976
1.995 6.117 11.540 17.672 0.107 0.010 1.993 -0.970
2.057 6.234 11.727 18.751 0.114 0.010 2.055 -0.963
2.121 6.354 11.926 19.894 0.121 0.010 2.118 -0.956
2.186 6.475 12.138 21.110 0.129 0.010 2.182 -0.948
2.252 6.599 12.362 22.398 0.137 0.010 2.247 -0.939
2.319 6.725 12.599 23.755 0.145 0.010 2.314 -0.929
2.387 6.853 12.851 25.182 0.154 0.010 2.382 -0.919
2.457 6.984 13.118 26.673 0.164 0.010 2.451 -0.908
2.528 7.118 13.400 28.225 0.174 0.010 2.521 -0.896
2.601 7.255 13.698 29.823 0.184 0.010 2.592 -0.883
2.675 7.395 14.013 31.458 0.195 0.010 2.665 -0.869
2.750 7.539 14.344 33.110 0.207 0.010 2.739 -0.854
2.827 7.686 14.691 34.750 0.219 0.010 2.814 -0.838
2.905 7.836 15.055 36.350 0.232 0.010 2.890 -0.820
2.985 7.991 15.433 37.864 0.246 0.010 2.968 -0.802
3.067 8.149 15.826 39.239 0.261 0.010 3.047 -0.781
3.150 8.311 16.230 40.408 0.276 0.010 3.127 -0.759
3.235 8.478 16.643 41.290 0.292 0.010 3.208 -0.735
3.321 8.648 17.061 41.782 0.309 0.010 3.291 -0.710
3.409 8.823 17.478 41.768 0.327 0.010 3.375 -0.682
3.499 9.002 17.889 41.110 0.346 0.010 3.460 -0.652
3.591 9.185 18.286 39.648 0.365 0.010 3.546 -0.621
3.685 9.371 18.658 37.204 0.386 0.010 3.633 -0.586
3.781 9.561 18.994 33.583 0.408 0.010 3.721 -0.549
3.878 9.754 19.280 28.590 0.431 0.010 3.810 -0.509
3.978 9.949 19.500 22.020 0.455 0.010 3.900 -0.467
4.079 10.142 19.250 -25.015 0.480 0.010 3.991 -0.421
4.182 10.326 18.494 -75.600 0.507 0.010 4.081 -0.372
4.287 10.502 17.591 -90.256 0.534 0.010 4.173 -0.320
4.394 10.668 16.526 -106.473 0.562 0.010 4.264 -0.264
4.502 10.821 15.287 -123.892 0.592 0.010 4.354 -0.205
4.612 10.959 13.867 -141.997 0.622 0.010 4.444 -0.143
4.723 11.082 12.266 -160.126 0.653 0.010 4.533 -0.077
4.835 11.187 10.491 -177.489 0.684 0.010 4.621 -0.007
4.947 11.272 8.559 -193.226 0.717 0.010 4.707 0.065
5.061 11.337 6.494 -206.468 0.749 0.010 4.792 0.141
5.174 11.381 4.330 -216.426 0.782 0.010 4.874 0.220
5.288 11.402 2.105 -222.468 0.815 0.010 4.953 0.302
5.402 11.400 -0.137 -224.198 0.847 0.010 5.030 0.386
5.516 11.377 -2.352 -221.499 0.880 0.010 5.104 0.472
5.630 11.336 -4.093 -174.156 0.912 0.010 5.175 0.561
5.742 11.283 -5.334 -124.070 0.943 0.010 5.243 0.651
5.855 11.218 -6.458 -112.407 0.974 0.010 5.307 0.743
5.966 11.143 -7.448 -99.027 1.004 0.010 5.368 0.836
6.077 11.061 -8.294 -84.579 1.034 0.010 5.426 0.930
6.186 10.971 -8.991 -69.695 1.062 0.010 5.481 1.025
6.295 10.875 -9.540 -54.945 1.090 0.010 5.533 1.121
6.403 10.776 -9.948 -40.804 1.116 0.010 5.581 1.217
6.510 10.673 -10.225 -27.642 1.142 0.010 5.627 1.314
6.615 10.570 -10.382 -15.715 1.167 0.010 5.670 1.410
6.720 10.465 -10.434 -5.176 1.190 0.010 5.710 1.507
6.824 10.361 -10.395 3.912 1.213 0.010 5.747 1.604
6.926 10.259 -10.279 11.559 1.235 0.010 5.782 1.700
7.028 10.158 -10.101 17.830 1.255 0.010 5.814 1.796
7.128 10.059 -9.872 22.829 1.275 0.010 5.845 1.892
7.228 9.963 -9.606 26.681 1.294 0.010 5.873 1.988
7.327 9.870 -9.310 29.521 1.312 0.010 5.899 2.083
7.424 9.780 -8.995 31.489 1.329 0.010 5.923 2.178
7.521 9.693 -8.668 32.719 1.345 0.010 5.945 2.272
7.617 9.610 -8.335 33.332 1.361 0.010 5.966 2.366
7.713 9.530 -8.001 33.442 1.376 0.010 5.985 2.459
7.807 9.453 -7.669 33.148 1.389 0.010 6.003 2.552
7.901 9.380 -7.344 32.536 1.403 0.010 6.019 2.644
7.994 9.309 -7.027 31.680 1.415 0.010 6.034 2.736
8.087 9.242 -6.720 30.642 1.427 0.010 6.048 2.828
8.178 9.178 -6.426 29.470 1.439 0.010 6.061 2.919
8.269 9.116 -6.144 28.214 1.449 0.010 6.072 3.009
8.360 9.058 -5.875 26.899 1.459 0.010 6.083 3.099
8.450 9.001 -5.619 25.558 1.469 0.010 6.092 3.189
8.540 8.948 -5.377 24.210 1.478 0.010 6.101 3.278
8.629 8.896 -5.148 22.872 1.487 0.010 6.109 3.366
8.717 8.847 -4.933 21.558 1.495 0.010 6.116 3.454
8.805 8.800 -4.730 20.275 1.503 0.010 6.122 3.542
8.893 8.754 -4.540 19.030 1.510 0.010 6.128 3.629
8.980 8.711 -4.361 17.830 1.517 0.010 6.133 3.716
9.066 8.669 -4.195 16.673 1.523 0.010 6.137 3.803
9.153 8.628 -4.039 15.565 1.529 0.010 6.141 3.889
9.238 8.589 -3.894 14.503 1.535 0.010 6.145 3.975
9.324 8.552 -3.759 13.487 1.540 0.010 6.147 4.061
9.409 8.515 -3.634 12.518 1.545 0.010 6.150 4.146
9.494 8.480 -3.518 11.592 1.550 0.010 6.152 4.230
9.578 8.446 -3.411 10.708 1.554 0.010 6.153 4.315
9.663 8.413 -3.312 9.864 1.558 0.010 6.155 4.399
9.746 8.381 -3.222 9.056 1.561 0.010 6.156 4.483
9.830 8.349 -3.139 8.285 1.565 0.010 6.156 4.566
9.913 8.319 -3.063 7.544 1.568 0.010 6.157 4.649
9.996 8.289 -2.995 6.834 1.571 0.010 6.157 4.732
10.079 8.259 -2.933 6.150 1.573 0.010 6.157 4.815
10.161 8.231 -2.879 5.492 1.575 0.010 6.156 4.897
10.243 8.202 -2.830 4.855 1.577 0.010 6.156 4.979
10.325 8.174 -2.788 4.237 1.579 0.010 6.155 5.061
10.406 8.147 -2.751 3.637 1.580 0.010 6.155 5.142
10.487 8.120 -2.721 3.051 1.582 0.010 6.154 5.224
10.568 8.093 -2.696 2.478 1.582 0.010 6.153 5.305
10.649 8.066 -2.677 1.915 1.583 0.010 6.152 5.385
10.729 8.039 -2.663 1.360 1.583 0.010 6.151 5.466
10.809 8.013 -2.655 0.810 1.584 0.010 6.150 5.546
10.889 7.986 -2.652 0.264 1.583 0.010 6.149 5.626
10.969 7.960 -2.655 -0.282 1.583 0.010 6.148 5.705
11.048 7.933 -2.664 -0.828 1.582 0.010 6.147 5.785
11.127 7.906 -2.677 -1.378 1.581 0.010 6.146 5.864
11.206 7.879 -2.697 -1.934 1.580 0.010 6.145 5.942
11.285 7.852 -2.722 -2.497 1.579 0.010 6.145 6.021
11.363 7.825 -2.752 -3.071 1.577 0.010 6.144 6.099
11.441 7.797 -2.789 -3.656 1.575 0.010 6.144 6.177
11.518 7.768 -2.832 -4.257 1.573 0.010 6.143 6.255
11.596 7.740 -2.880 -4.875 1.571 0.010 6.143 6.332
11.673 7.710 -2.935 -5.513 1.568 0.010 6.143 6.409
11.750 7.680 -2.997 -6.172 1.565 0.010 6.144 6.486
11.826 7.650 -3.066 -6.857 1.561 0.010 6.144 6.563
11.902 7.618 -3.141 -7.568 1.558 0.010 6.145 6.639
11.978 7.586 -3.224 -8.310 1.554 0.010 6.146 6.715
12.054 7.553 -3.315 -9.082 1.549 0.010 6.148 6.790
12.129 7.519 -3.414 -9.892 1.545 0.010 6.150 6.865
12.204 7.483 -3.522 -10.737 1.540 0.010 6.152 6.940
12.278 7.447 -3.638 -11.623 1.535 0.010 6.154 7.015
12.352 7.409 -3.763 -12.550 1.529 0.010 6.157 7.089
12.426 7.370 -3.899 -13.521 1.523 0.010 6.160 7.162
12.499 7.330 -4.044 -14.538 1.516 0.010 6.164 7.235
12.572 7.288 -4.200 -15.601 1.510 0.010 6.168 7.308
12.645 7.244 -4.367 -16.712 1.502 0.010 6.173 7.380
12.717 7.199 -4.546 -17.869 1.495 0.010 6.178 7.452
12.788 7.152 -4.736 -19.074 1.486 0.010 6.184 7.524
12.859 7.102 -4.940 -20.319 1.478 0.010 6.190 7.594
12.930 7.051 -5.156 -21.603 1.469 0.010 6.197 7.664
13.000 6.997 -5.385 -22.921 1.459 0.010 6.205 7.734
13.069 6.940 -5.627 -24.258 1.449 0.010 6.213 7.803
13.138 6.882 -5.884 -25.608 1.438 0.010 6.221 7.871
13.206 6.820 -6.153 -26.948 1.427 0.010 6.231 7.939
13.274 6.756 -6.436 -28.262 1.415 0.010 6.241 8.006
13.341 6.688 -6.731 -29.519 1.402 0.010 6.252 8.072
13.407 6.618 -7.038 -30.687 1.389 0.010 6.263 8.137
13.472 6.545 -7.355 -31.721 1.375 0.010 6.275 8.201
13.537 6.468 -7.681 -32.572 1.360 0.010 6.289 8.264
13.601 6.388 -8.012 -33.176 1.345 0.010 6.302 8.327
13.664 6.304 -8.347 -33.460 1.329 0.010 6.317 8.388
13.726 6.217 -8.680 -33.337 1.312 0.010 6.332 8.448
13.787 6.127 -9.007 -32.708 1.294 0.010 6.349 8.507
13.848 6.034 -9.322 -31.458 1.275 0.010 6.366 8.565
13.907 5.938 -9.617 -29.466 1.255 0.010 6.384 8.622
13.965 5.839 -9.883 -26.595 1.234 0.010 6.402 8.677
14.023 5.738 -10.110 -22.711 1.212 0.010 6.422 8.731
14.079 5.635 -10.286 -17.672 1.190 0.010 6.442 8.784
14.134 5.531 -10.400 -11.359 1.166 0.010 6.463 8.835
14.189 5.427 -10.437 -3.666 1.141 0.010 6.485 8.884
14.242 5.323 -10.382 5.470 1.116 0.010 6.508 8.933
14.294 5.221 -10.221 16.057 1.089 0.010 6.532 8.979
14.345 5.121 -9.941 28.030 1.061 0.010 6.556 9.024
14.396 5.026 -9.529 41.233 1.033 0.010 6.581 9.068
14.445 4.936 -8.975 55.405 1.003 0.010 6.607 9.110
14.493 4.853 -8.273 70.175 0.973 0.010 6.634 9.150
14.541 4.779 -7.422 85.062 0.942 0.010 6.661 9.189
14.588 4.715 -6.427 99.495 0.911 0.010 6.690 9.227
14.635 4.662 -5.299 112.840 0.879 0.010 6.719 9.263
14.681 4.621 -4.055 124.446 0.846 0.010 6.749 9.298
14.727 4.594 -2.718 133.698 0.813 0.010 6.780 9.332
14.773 4.581 -1.317 140.074 0.781 0.010 6.812 9.365
14.819 4.582 0.115 143.202 0.748 0.010 6.845 9.397
14.865 4.598 1.544 142.892 0.715 0.010 6.879 9.428
14.911 4.627 2.936 139.165 0.683 0.010 6.915 9.457
14.958 4.670 4.258 132.249 0.651 0.010 6.951 9.486
15.005 4.724 5.484 122.548 0.619 0.010 6.989 9.514
15.053 4.790 6.590 110.607 0.589 0.010 7.029 9.541
15.102 4.866 7.560 97.052 0.559 0.010 7.070 9.568
15.151 4.950 8.386 82.535 0.529 0.010 7.112 9.593
15.202 5.040 9.062 67.678 0.501 0.010 7.156 9.618
15.253 5.136 9.593 53.040 0.473 0.010 7.201 9.642
15.305 5.236 9.984 39.077 0.447 0.010 7.248 9.666
15.359 5.339 10.245 26.141 0.421 0.010 7.297 9.688
15.413 5.443 10.390 14.471 0.397 0.010 7.347 9.710
15.469 5.547 10.432 4.204 0.373 0.010 7.398 9.730
15.525 5.651 10.386 -4.609 0.351 0.010 7.451 9.750
15.583 5.753 10.266 -11.991 0.329 0.010 7.505 9.770
15.641 5.854 10.086 -18.011 0.308 0.010 7.561 9.788
15.701 5.953 9.858 -22.777 0.289 0.010 7.618 9.805
15.761 6.049 9.594 -26.417 0.270 0.010 7.676 9.822
15.823 6.142 9.303 -29.068 0.252 0.010 7.735 9.838
15.885 6.232 8.994 -30.867 0.235 0.010 7.795 9.853
15.948 6.319 8.675 -31.945 0.219 0.010 7.857 9.867
16.012 6.402 8.351 -32.423 0.204 0.010 7.920 9.881
16.077 6.482 8.027 -32.413 0.189 0.010 7.983 9.893
16.142 6.559 7.706 -32.007 0.175 0.010 8.048 9.905
16.209 6.633 7.394 -31.295 0.162 0.010 8.113 9.916
16.276 6.704 7.090 -30.341 0.150 0.010 8.179 9.927
16.344 6.772 6.798 -29.209 0.138 0.010 8.246 9.937
16.412 6.837 6.519 -27.948 0.127 0.010 8.314 9.946
16.481 6.900 6.253 -26.594 0.116 0.010 8.383 9.954
16.551 6.960 6.001 -25.186 0.106 0.010 8.452 9.962
16.621 7.018 5.763 -23.741 0.097 0.010 8.522 9.969
16.691 7.073 5.540 -22.287 0.088 0.010 8.592 9.975
16.763 7.126 5.332 -20.833 0.080 0.010 8.663 9.981
16.834 7.178 5.138 -19.392 0.072 0.010 8.735 9.987
16.907 7.227 4.958 -17.972 0.064 0.010 8.807 9.992
16.980 7.275 4.793 -16.576 0.057 0.010 8.879 9.996
17.053 7.322 4.641 -15.210 0.051 0.010 8.952 10.000
17.126 7.367 4.502 -13.870 0.045 0.010 9.026 10.003
17.200 7.410 4.376 -12.559 0.039 0.010 9.100 10.007
17.275 7.453 4.264 -11.276 0.034 0.010 9.175 10.009
17.350 7.495 4.163 -10.012 0.029 0.010 9.249 10.012
17.425 7.535 4.076 -8.771 0.025 0.010 9.325 10.014
17.501 7.575 4.000 -7.541 0.020 0.010 9.401 10.015
17.577 7.615 3.937 -6.322 0.017 0.010 9.477 10.017
17.654 7.654 3.886 -5.105 0.013 0.010 9.553 10.018
17.731 7.692 3.847 -3.885 0.010 0.010 9.630 10.019
17.808 7.730 3.821 -2.652 0.008 0.010 9.707 10.020
17.886 7.768 3.807 -1.400 0.006 0.010 9.785 10.020
17.964 7.806 3.805 -0.120 0.004 0.010 9.863 10.020
18.042 7.845 3.817 1.200 0.002 0.010 9.942 10.021
18.121 7.883 3.843 2.570 0.001 0.010 10.020 10.021
18.200 7.922 3.883 4.002 0.000 0.010 10.100 10.021
18.280 7.961 3.938 5.511 0.000 0.010 10.179 10.021
18.360 7.996 3.437 -50.180 0.000 0.010 10.259 10.021
18.440 8.000 0.444 -299.297 0.000 0.010 10.339 10.021
18.520 8.000 0.000 -44.354 0.000 0.010 10.419 10.021
18.600 8.000 -0.000 -0.000 0.000 0.010 10.499 10.021
18.680 8.000 -0.000 0.000 0.000 0.010 10.579 10.021
18.760 8.000 0.000 0.000 0.000 0.010 10.659 10.021
18.840 8.000 0.000 0.000 0.000 0.010 10.739 10.021
18.920 8.000 0.000 -0.000 0.000 0.010 10.819 10.021
19.000 8.000 -0.000 -0.000 0.000 0.010 10.899 10.021
19.080 8.000 0.000 0.000 0.000 0.010 10.979 10.021
19.160 8.000 -0.000 -0.000 0.000 0.010 11.059 10.021
19.240 8.000 -0.000 -0.000 0.000 0.010 11.139 10.021
19.320 8.000 -0.000 0.000 0.000 0.010 11.219 10.021
19.400 8.000 0.000 0.000 0.000 0.010 11.299 10.021
19.480 8.000 0.000 0.000 0.000 0.010 11.379 10.021
19.560 8.000 0.000 0.000 0.000 0.010 11.459 10.021
19.640 8.000 0.000 0.000 0.000 0.010 11.539 10.021
19.720 8.000 0.000 0.000 0.000 0.010 11.619 10.021
19.800 8.000 0.000 0.000 0.000 0.010 11.699 10.021
19.880 8.000 0.000 0.000 0.000 0.010 11.779 10.021
19.960 8.000 0.000 0.000 0.000 0.010 11.859 10.021
20.040 8.000 0.000 0.000 0.000 0.010 11.939 10.021
20.120 8.000 0.000 0.000 0.000 0.010 12.019 10.021
20.200 8.000 0.000 0.000 0.000 0.010 12.099 10.021
20.280 8.000 0.000 0.000 0.000 0.010 12.179 10.021
20.360 8.000 0.000 0.000 0.000 0.010 12.259 10.021
20.440 8.000 -0.000 -0.000 0.000 0.010 12.339 10.021
20.520 8.000 0.000 0.000 0.000 0.010 12.419 10.021
20.600 8.000 -0.000 -0.000 0.000 0.010 12.499 10.021
20.680 8.000 0.000 0.000 0.000 0.010 12.579 10.021
20.760 8.000 0.000 -0.000 0.000 0.010 12.659 10.021
20.840 8.000 0.000 0.000 0.000 0.010 12.739 10.021
20.920 8.000 0.000 0.000 0.000 0.010 12.819 10.021
21.000 8.000 0.000 0.000 0.000 0.010 12.899 10.021
21.080 8.000 0.000 0.000 0.000 0.010 12.979 10.021
21.160 8.000 0.000 0.000 0.000 0.010 13.059 10.021
21.240 8.000 0.000 0.000 0.000 0.010 13.139 10.021
21.320 8.000 0.000 0.000 0.000 0.010 13.219 10.021
21.400 8.000 0.000 0.000 0.000 0.010 13.299 10.021
21.480 8.000 0.000 0.000 0.000 0.010 13.379 10.021
21.560 8.000 0.000 0.000 0.000 0.010 13.459 10.021
21.640 8.000 0.000 0.000 0.000 0.010 13.539 10.021
21.720 8.000 0.000 0.000 0.000 0.010 13.619 10.021
21.800 8.000 0.000 0.000 0.000 0.010 13.699 10.021
21.880 8.000 0.000 -0.000 0.000 0.010 13.779 10.021
21.960 8.000 0.000 0.000 0.000 0.010 13.859 10.021
22.040 8.000 0.000 0.000 0.000 0.010 13.939 10.021
22.120 8.000 0.000 0.000 0.000 0.010 14.019 10.021
22.200 8.000 0.000 0.000 0.000 0.010 14.099 10.021
22.280 8.000 0.000 0.000 0.000 0.010 14.179 10.021
22.360 8.000 0.000 0.000 0.000 0.010 14.259 10.021
22.440 8.000 0.000 0.000 0.000 0.010 14.339 10.021
22.520 8.000 0.000 0.000 0.000 0.010 14.419 10.021
22.600 8.000 -0.000 -0.000 0.000 0.010 14.499 10.021
22.680 8.000 0.000 0.000 0.000 0.010 14.579 10.021
22.760 8.000 -0.000 -0.000 0.000 0.010 14.659 10.021
22.840 8.000 0.000 0.000 0.000 0.010 14.739 10.021
22.920 8.000 -0.000 -0.000 0.000 0.010 14.819 10.021
23.000 8.000 0.000 0.000 0.000 0.010 14.899 10.021
23.080 8.000 -0.000 -0.000 0.000 0.010 14.979 10.021
23.160 8.000 0.000 0.000 0.000 0.010 15.059 10.021
23.240 8.000 -0.000 -0.000 0.000 0.010 15.139 10.021
23.320 8.000 0.000 0.000 0.000 0.010 15.219 10.021
23.400 8.000 -0.000 -0.000 0.000 0.010 15.299 10.021
23.480 8.000 0.000 0.000 0.000 0.010 15.379 10.021
23.560 8.000 0.000 -0.000 0.000 0.010 15.459 10.021
23.640 8.000 0.000 0.000 0.000 0.010 15.539 10.021
23.720 8.000 0.000 0.000 0.000 0.010 15.619 10.021
23.800 8.000 0.000 0.000 0.000 0.010 15.699 10.021
23.880 8.000 0.000 0.000 0.000 0.010 15.779 10.021
23.960 8.000 0.000 0.000 0.000 0.010 15.859 10.021
24.040 8.000 0.000 0.000 0.000 0.010 15.939 10.021
24.120 8.000 0.000 0.000 0.000 0.010 16.019 10.021
24.200 8.000 -0.000 -0.000 0.000 0.010 16.099 10.021
24.280 7.999 -0.092 -9.166 0.000 0.010 16.179 10.021
24.360 7.994 -0.469 -37.738 0.000 0.010 16.259 10.021
24.440 7.984 -1.040 -57.143 0.000 0.010 16.339 10.021
24.519 7.968 -1.612 -57.143 0.000 0.010 16.419 10.021
24.599 7.946 -2.183 -57.143 0.000 0.010 16.498 10.021
24.678 7.918 -2.755 -57.143 0.000 0.010 16.577 10.021
24.757 7.885 -3.326 -57.143 0.000 0.010 16.656 10.021
24.835 7.846 -3.898 -57.143 0.000 0.010 16.735 10.021
24.913 7.802 -4.469 -57.143 0.000 0.010 16.813 10.021
24.991 7.751 -5.040 -57.143 0.000 0.010 16.890 10.021
25.068 7.695 -5.612 -57.143 0.000 0.010 16.967 10.021
25.143 7.567 -12.809 -719.694 6.283 0.010 17.043 10.021
25.215 7.150 -41.651 -2884.238 6.279 0.010 17.114 10.021
25.282 6.738 -41.249 40.252 6.271 0.010 17.182 10.020
25.346 6.365 -37.306 394.238 6.261 0.010 17.245 10.019
25.406 6.030 -33.500 380.657 6.249 0.010 17.306 10.017
25.463 5.732 -29.838 366.194 6.234 0.010 17.363 10.015
25.518 5.467 -26.408 343.017 6.218 0.010 17.417 10.012
25.571 5.236 -23.148 325.927 6.200 0.010 17.470 10.008
25.621 5.036 -20.025 312.299 6.181 0.010 17.520 10.003
25.670 4.865 -17.026 299.962 6.161 0.010 17.568 9.998
25.717 4.724 -14.154 287.218 6.141 0.010 17.615 9.992
25.763 4.610 -11.425 272.858 6.120 0.010 17.660 9.985
25.808 4.521 -8.863 256.162 6.099 0.010 17.705 9.977
25.853 4.456 -6.495 236.880 6.078 0.010 17.749 9.968
25.897 4.413 -4.343 215.165 6.058 0.010 17.792 9.959
25.941 4.388 -2.428 191.491 6.038 0.010 17.835 9.949
25.984 4.381 -0.763 166.541 6.019 0.010 17.877 9.938
26.028 4.387 0.648 141.095 6.001 0.010 17.919 9.926
26.072 4.405 1.808 115.935 5.983 0.010 17.961 9.913
26.117 4.433 2.725 91.758 5.967 0.010 18.004 9.900
26.161 4.467 3.417 69.129 5.952 0.010 18.046 9.885
26.206 4.506 3.901 48.454 5.938 0.010 18.088 9.870
26.252 4.548 4.201 29.980 5.925 0.010 18.131 9.855
26.298 4.591 4.339 13.803 5.913 0.010 18.174 9.838
26.344 4.635 4.338 -0.096 5.902 0.010 18.217 9.821
26.391 4.677 4.220 -11.830 5.893 0.010 18.260 9.804
26.438 4.717 4.004 -21.575 5.885 0.010 18.304 9.786
26.486 4.754 3.709 -29.540 5.878 0.010 18.348 9.767
26.534 4.787 3.349 -35.952 5.872 0.010 18.392 9.748
26.582 4.817 2.939 -41.034 5.867 0.010 18.436 9.729
26.630 4.842 2.489 -44.998 5.863 0.010 18.480 9.709
26.679 4.862 2.008 -48.035 5.860 0.010 18.524 9.689
26.727 4.877 1.505 -50.312 5.858 0.010 18.569 9.669
26.776 4.887 0.986 -51.973 5.856 0.010 18.613 9.649
26.825 4.891 0.454 -53.135 5.856 0.010 18.658 9.628
26.874 4.890 -0.085 -53.893 5.856 0.010 18.702 9.608
26.923 4.884 -0.628 -54.320 5.857 0.010 18.747 9.588
26.972 4.872 -1.173 -54.473 5.859 0.010 18.791 9.568
27.020 4.855 -1.717 -54.392 5.861 0.010 18.835 9.548
27.069 4.833 -2.258 -54.105 5.864 0.010 18.880 9.528
27.117 4.805 -2.794 -53.629 5.868 0.010 18.923 9.509
27.164 4.771 -3.324 -52.975 5.871 0.010 18.967 9.490
27.212 4.733 -3.845 -52.147 5.876 0.010 19.011 9.471
27.259 4.689 -4.357 -51.149 5.880 0.010 19.054 9.452
27.305 4.641 -4.856 -49.979 5.885 0.010 19.096 9.434
27.351 4.587 -5.343 -48.639 5.890 0.010 19.139 9.416
27.396 4.529 -5.814 -47.128 5.895 0.010 19.181 9.399
27.441 4.467 -6.269 -45.450 5.901 0.010 19.222 9.382
27.485 4.399 -6.705 -43.611 5.907 0.010 19.263 9.366
27.528 4.328 -7.121 -41.617 5.912 0.010 19.303 9.350
27.571 4.253 -7.516 -39.481 5.918 0.010 19.343 9.335
27.612 4.174 -7.888 -37.215 5.924 0.010 19.382 9.320
27.653 4.092 -8.236 -34.836 5.929 0.010 19.420 9.306
27.693 4.006 -8.560 -32.362 5.935 0.010 19.458 9.292
27.733 3.918 -8.858 -29.812 5.941 0.010 19.495 9.279
27.771 3.826 -9.130 -27.208 5.946 0.010 19.531 9.266
27.808 3.733 -9.376 -24.571 5.952 0.010 19.566 9.254
27.844 3.637 -9.595 -21.922 5.957 0.010 19.600 9.242
27.880 3.539 -9.788 -19.282 5.962 0.010 19.634 9.231
27.914 3.439 -9.955 -16.672 5.967 0.010 19.667 9.220
27.948 3.338 -10.096 -14.110 5.971 0.010 19.698 9.210
27.980 3.236 -10.212 -11.614 5.976 0.010 19.729 9.200
28.011 3.133 -10.304 -9.199 5.980 0.010 19.759 9.190
28.042 3.029 -10.373 -6.879 5.984 0.010 19.788 9.181
28.071 2.925 -10.419 -4.666 5.988 0.010 19.816 9.173
28.099 2.821 -10.445 -2.570 5.991 0.010 19.843 9.165
28.126 2.716 -10.451 -0.600 5.995 0.010 19.869 9.157
28.152 2.612 -10.439 1.238 5.998 0.010 19.894 9.150
28.177 2.508 -10.409 2.938 6.000 0.010 19.918 9.143
28.201 2.404 -10.364 4.497 6.003 0.010 19.941 9.136
28.225 2.301 -10.305 5.913 6.005 0.010 19.963 9.130
28.246 2.199 -10.233 7.183 6.008 0.010 19.985 9.124
28.267 2.097 -10.150 8.309 6.009 0.010 20.005 9.118
28.287 1.997 -10.057 9.289 6.011 0.010 20.024 9.112
28.306 1.897 -9.956 10.126 6.013 0.010 20.042 9.107
28.324 1.799 -9.848 10.822 6.014 0.010 20.060 9.103
28.341 1.701 -9.734 11.378 6.015 0.010 20.076 9.098
28.357 1.605 -9.616 11.798 6.016 0.010 20.091 9.094
28.373 1.510 -9.495 12.086 6.017 0.010 20.106 9.090
28.387 1.416 -9.373 12.245 6.018 0.010 20.120 9.086
28.400 1.324 -9.250 12.280 6.019 0.010 20.132 9.083
28.412 1.233 -9.128 12.195 6.019 0.010 20.144 9.079
28.424 1.143 -9.008 11.995 6.020 0.010 20.155 9.076
28.434 1.054 -8.891 11.687 6.020 0.010 20.166 9.074
28.444 0.966 -8.778 11.275 6.021 0.010 20.175 9.071
28.453 0.879 -8.671 10.765 6.021 0.010 20.183 9.069
28.461 0.794 -8.569 10.165 6.021 0.010 20.191 9.067
28.468 0.709 -8.474 9.480 6.021 0.010 20.198 9.065
28.474 0.625 -8.387 8.718 6.021 0.010 20.204 9.063
28.479 0.543 -8.215 17.167 6.021 0.010 20.209 9.062
28.484 0.465 -7.765 45.034 6.021 0.010 20.214 9.061
28.488 0.394 -7.132 63.335 6.021 0.010 20.217 9.060
28.491 0.329 -6.511 62.044 6.021 0.010 20.221 9.059
28.494 0.270 -5.902 60.932 6.021 0.010 20.223 9.058
28.496 0.217 -5.302 59.992 6.021 0.010 20.225 9.058
28.498 0.170 -4.710 59.215 6.021 0.010 20.227 9.057
28.499 0.128 -4.124 58.590 6.021 0.010 20.228 9.057
28.500 0.093 -3.543 58.104 6.021 0.010 20.229 9.057
28.501 0.063 -2.966 57.740 6.021 0.010 20.230 9.057
28.501 0.039 -2.391 57.482 6.021 0.010 20.230 9.056
28.501 0.021 -1.818 57.312 6.021 0.010 20.230 9.056
28.501 0.009 -1.245 57.212 6.021 0.010 20.230 9.056
28.501 0.002 -0.674 57.163 6.021 0.010 20.230 9.056
28.501 0.000 -0.194 47.980 6.021 0.010 20.230 9.056
