LeftScaleRightSwitch
390
0.000 0.006 0.556 55.556 3.142 0.010 22.000 -18.042
0.000 0.011 0.557 0.174 3.142 0.010 22.000 -18.042
0.000 0.025 1.400 84.222 3.142 0.010 22.000 -18.042
0.001 0.045 1.983 58.340 3.142 0.010 21.999 -18.042
0.002 0.071 2.602 61.944 3.142 0.010 21.999 -18.042
0.003 0.104 3.280 67.806 3.142 0.010 21.998 -18.042
0.004 0.144 4.045 76.434 3.142 0.010 21.996 -18.042
0.006 0.194 4.928 88.292 3.141 0.010 21.994 -18.042
0.008 0.253 5.966 103.792 3.141 0.010 21.992 -18.042
0.012 0.322 6.867 90.101 3.141 0.010 21.988 -18.042
0.016 0.398 7.593 72.609 3.140 0.010 21.984 -18.042
0.021 0.482 8.438 84.518 3.139 0.010 21.980 -18.042
0.026 0.576 9.400 96.193 3.138 0.010 21.974 -18.042
0.033 0.681 10.479 107.879 3.136 0.010 21.967 -18.042
0.041 0.798 11.678 119.912 3.133 0.010 21.959 -18.042
0.050 0.928 13.005 132.721 3.130 0.010 21.950 -18.041
0.061 1.072 14.473 146.829 3.125 0.010 21.939 -18.041
0.073 1.233 16.102 162.857 3.120 0.010 21.927 -18.041
0.088 1.413 17.917 181.526 3.113 0.010 21.913 -18.041
0.104 1.612 19.954 203.664 3.105 0.010 21.897 -18.040
0.122 1.835 22.256 230.205 3.096 0.010 21.878 -18.039
0.143 2.084 24.878 262.182 3.084 0.010 21.857 -18.038
0.166 2.362 27.884 300.686 3.070 0.010 21.834 -18.037
0.193 2.676 31.352 346.777 3.054 0.010 21.807 -18.035
0.224 3.030 35.365 401.279 3.035 0.010 21.777 -18.032
0.258 3.430 40.009 464.388 3.012 0.010 21.743 -18.028
0.297 3.883 45.358 534.938 2.986 0.010 21.705 -18.022
0.341 4.398 51.449 609.117 2.955 0.010 21.661 -18.015
0.390 4.980 58.233 678.339 2.919 0.010 21.612 -18.005
0.447 5.635 65.493 726.038 2.877 0.010 21.558 -17.991
0.510 6.362 72.728 723.531 2.828 0.010 21.497 -17.973
0.582 7.152 78.992 626.322 2.773 0.010 21.429 -17.949
0.662 7.980 82.742 375.023 2.710 0.010 21.356 -17.918
0.750 8.798 81.832 -91.024 2.640 0.010 21.277 -17.878
0.845 9.536 73.850 -798.120 2.563 0.010 21.196 -17.829
0.946 10.107 57.018 -1683.219 2.481 0.010 21.113 -17.770
1.050 10.421 31.469 -2554.892 2.396 0.010 21.034 -17.703
1.155 10.423 0.128 -3134.129 2.312 0.010 20.960 -17.629
1.256 10.104 -31.848 -3197.606 2.232 0.010 20.895 -17.552
1.351 9.513 -59.128 -2727.972 2.158 0.010 20.839 -17.475
1.438 8.729 -78.398 -1927.026 2.091 0.010 20.794 -17.401
1.516 7.837 -89.178 -1078.027 2.034 0.010 20.757 -17.331
1.585 6.906 -93.103 -392.496 1.986 0.010 20.727 -17.269
1.645 5.980 -92.636 46.680 1.948 0.010 20.704 -17.214
1.696 5.079 -90.096 254.005 1.918 0.010 20.686 -17.166
1.738 4.206 -87.238 285.830 1.898 0.010 20.672 -17.127
1.772 3.354 -85.220 201.813 1.886 0.010 20.662 -17.095
1.797 2.507 -84.720 49.984 1.883 0.010 20.654 -17.071
1.813 1.646 -86.046 -132.564 1.888 0.010 20.649 -17.055
1.821 0.755 -89.155 -310.908 1.903 0.010 20.647 -17.048
1.823 0.181 -57.440 3171.517 1.927 0.010 20.647 -17.050
1.834 1.160 97.951 15539.067 1.961 0.010 20.651 -17.061
1.856 2.159 99.911 195.981 2.005 0.010 20.660 -17.080
1.887 3.112 95.239 -467.145 2.059 0.010 20.674 -17.108
1.926 3.892 78.020 -1721.946 2.120 0.010 20.693 -17.142
1.969 4.311 41.887 -3613.323 2.186 0.010 20.717 -17.178
2.010 4.141 -16.989 -5887.547 2.251 0.010 20.742 -17.211
2.042 3.170 -97.062 -8007.332 2.307 0.010 20.763 -17.235
2.054 1.243 -192.679 -9561.707 2.346 0.010 20.771 -17.244
2.071 1.675 43.215 23589.437 2.356 0.010 20.759 -17.232
2.101 2.972 129.700 8648.459 2.355 0.010 20.738 -17.211
2.133 3.228 25.604 -10409.554 2.351 0.010 20.715 -17.188
2.168 3.484 25.593 -1.161 2.346 0.010 20.691 -17.164
2.205 3.741 25.670 7.704 2.339 0.010 20.665 -17.137
2.245 3.999 25.817 14.774 2.329 0.010 20.637 -17.108
2.288 4.259 26.013 19.603 2.318 0.010 20.608 -17.077
2.333 4.522 26.230 21.648 2.304 0.010 20.578 -17.043
2.381 4.786 26.433 20.269 2.289 0.010 20.546 -17.008
2.432 5.052 26.580 14.733 2.271 0.010 20.513 -16.969
2.485 5.318 26.623 4.258 2.252 0.010 20.479 -16.928
2.541 5.583 26.503 -11.926 2.230 0.010 20.444 -16.885
2.599 5.845 26.159 -34.471 2.206 0.010 20.409 -16.838
2.660 6.100 25.521 -63.767 2.181 0.010 20.373 -16.788
2.724 6.345 24.523 -99.754 2.153 0.010 20.338 -16.736
2.789 6.576 23.106 -141.735 2.124 0.010 20.302 -16.680
2.857 6.788 21.224 -188.208 2.093 0.010 20.268 -16.622
2.927 6.977 18.856 -236.776 2.061 0.010 20.234 -16.561
2.998 7.137 16.014 -284.224 2.028 0.010 20.201 -16.498
3.071 7.265 12.746 -326.767 1.994 0.010 20.170 -16.432
3.144 7.356 9.141 -360.517 1.959 0.010 20.141 -16.364
3.219 7.409 5.321 -382.060 1.925 0.010 20.114 -16.295
3.293 7.424 1.430 -389.053 1.891 0.010 20.090 -16.225
3.367 7.400 -2.377 -380.661 1.857 0.010 20.068 -16.155
3.440 7.340 -5.954 -357.705 1.825 0.010 20.048 -16.084
3.513 7.248 -9.178 -322.485 1.794 0.010 20.031 -16.013
3.584 7.129 -11.962 -278.325 1.765 0.010 20.016 -15.944
3.654 6.986 -14.251 -228.965 1.737 0.010 20.004 -15.875
3.722 6.826 -16.031 -177.975 1.712 0.010 19.993 -15.807
3.789 6.653 -17.314 -128.300 1.689 0.010 19.985 -15.742
3.853 6.472 -18.134 -82.001 1.668 0.010 19.978 -15.677
3.916 6.286 -18.536 -40.196 1.649 0.010 19.972 -15.615
3.977 6.100 -18.567 -3.130 1.632 0.010 19.968 -15.554
4.036 5.918 -18.271 29.655 1.618 0.010 19.965 -15.495
4.094 5.741 -17.679 59.141 1.606 0.010 19.963 -15.437
4.150 5.573 -16.813 86.656 1.596 0.010 19.961 -15.382
4.204 5.416 -15.676 113.731 1.588 0.010 19.960 -15.327
4.256 5.274 -14.256 141.983 1.581 0.010 19.959 -15.275
4.308 5.148 -12.526 173.023 1.577 0.010 19.959 -15.223
4.358 5.044 -10.442 208.376 1.574 0.010 19.958 -15.173
4.408 4.964 -7.948 249.392 1.572 0.010 19.958 -15.123
4.457 4.912 -5.257 269.066 1.571 0.010 19.958 -15.074
4.506 4.889 -2.283 297.401 1.571 0.010 19.958 -15.025
4.555 4.902 1.337 361.975 1.571 0.010 19.958 -14.976
4.604 4.941 3.884 254.739 1.571 0.010 19.958 -14.927
4.654 4.977 3.548 -33.590 1.570 0.010 19.958 -14.877
4.704 5.006 2.958 -59.000 1.570 0.010 19.958 -14.827
4.755 5.030 2.363 -59.482 1.570 0.010 19.958 -14.777
4.805 5.048 1.764 -59.916 1.569 0.010 19.958 -14.726
4.856 5.059 1.161 -60.300 1.569 0.010 19.959 -14.675
4.906 5.067 0.836 -32.461 1.568 0.010 19.959 -14.625
4.957 5.075 0.793 -4.360 1.567 0.010 19.959 -14.574
5.008 5.083 0.750 -4.291 1.567 0.010 19.959 -14.523
5.059 5.090 0.708 -4.222 1.566 0.010 19.959 -14.472
5.110 5.097 0.666 -4.154 1.565 0.010 19.960 -14.421
5.161 5.103 0.625 -4.086 1.564 0.010 19.960 -14.370
5.212 5.109 0.585 -4.018 1.563 0.010 19.960 -14.319
5.263 5.114 0.546 -3.951 1.562 0.010 19.961 -14.268
5.314 5.119 0.507 -3.883 1.561 0.010 19.961 -14.217
5.365 5.124 0.469 -3.816 1.559 0.010 19.962 -14.166
5.417 5.128 0.431 -3.749 1.558 0.010 19.962 -14.114
5.468 5.132 0.394 -3.682 1.557 0.010 19.963 -14.063
5.519 5.136 0.358 -3.615 1.556 0.010 19.964 -14.012
5.571 5.139 0.323 -3.548 1.554 0.010 19.965 -13.960
5.622 5.142 0.288 -3.481 1.553 0.010 19.966 -13.909
5.674 5.144 0.254 -3.413 1.551 0.010 19.966 -13.857
5.725 5.147 0.220 -3.346 1.550 0.010 19.968 -13.806
5.777 5.149 0.188 -3.278 1.549 0.010 19.969 -13.755
5.828 5.150 0.155 -3.211 1.547 0.010 19.970 -13.703
5.880 5.151 0.124 -3.143 1.546 0.010 19.971 -13.652
5.931 5.152 0.093 -3.074 1.544 0.010 19.972 -13.600
5.983 5.153 0.063 -3.006 1.543 0.010 19.974 -13.549
6.034 5.153 0.034 -2.937 1.541 0.010 19.975 -13.497
6.086 5.153 0.005 -2.868 1.540 0.010 19.977 -13.446
6.137 5.153 -0.023 -2.799 1.538 0.010 19.978 -13.394
6.189 5.153 -0.050 -2.730 1.537 0.010 19.980 -13.343
6.240 5.152 -0.077 -2.660 1.535 0.010 19.982 -13.291
6.292 5.151 -0.103 -2.590 1.534 0.010 19.984 -13.240
6.343 5.149 -0.128 -2.521 1.533 0.010 19.986 -13.188
6.395 5.148 -0.152 -2.450 1.531 0.010 19.988 -13.137
6.446 5.146 -0.176 -2.380 1.530 0.010 19.990 -13.085
6.498 5.144 -0.199 -2.310 1.528 0.010 19.992 -13.034
6.549 5.142 -0.222 -2.239 1.527 0.010 19.994 -12.982
6.601 5.140 -0.243 -2.169 1.526 0.010 19.996 -12.931
6.652 5.137 -0.264 -2.098 1.524 0.010 19.999 -12.880
6.703 5.134 -0.285 -2.027 1.523 0.010 20.001 -12.829
6.755 5.131 -0.304 -1.956 1.522 0.010 20.004 -12.777
6.806 5.128 -0.323 -1.886 1.521 0.010 20.006 -12.726
6.857 5.124 -0.341 -1.815 1.519 0.010 20.009 -12.675
6.908 5.121 -0.359 -1.744 1.518 0.010 20.012 -12.624
6.959 5.117 -0.375 -1.673 1.517 0.010 20.014 -12.573
7.011 5.113 -0.391 -1.603 1.516 0.010 20.017 -12.522
7.062 5.109 -0.407 -1.532 1.515 0.010 20.020 -12.471
7.113 5.105 -0.421 -1.462 1.514 0.010 20.023 -12.420
7.164 5.101 -0.435 -1.391 1.513 0.010 20.026 -12.369
7.215 5.096 -0.448 -1.321 1.512 0.010 20.029 -12.318
7.266 5.091 -0.461 -1.251 1.511 0.010 20.032 -12.267
7.316 5.087 -0.473 -1.181 1.510 0.010 20.035 -12.216
7.367 5.082 -0.484 -1.111 1.510 0.010 20.038 -12.165
7.418 5.077 -0.494 -1.041 1.509 0.010 20.041 -12.115
7.469 5.072 -0.504 -0.971 1.508 0.010 20.044 -12.064
7.519 5.067 -0.513 -0.902 1.507 0.010 20.047 -12.014
7.570 5.062 -0.521 -0.832 1.507 0.010 20.050 -11.963
7.621 5.056 -0.529 -0.763 1.506 0.010 20.054 -11.913
7.671 5.051 -0.536 -0.694 1.506 0.010 20.057 -11.862
7.722 5.045 -0.542 -0.625 1.505 0.010 20.060 -11.812
7.772 5.040 -0.548 -0.556 1.505 0.010 20.064 -11.762
7.822 5.034 -0.553 -0.487 1.505 0.010 20.067 -11.711
7.873 5.029 -0.557 -0.419 1.504 0.010 20.070 -11.661
7.923 5.023 -0.560 -0.350 1.504 0.010 20.074 -11.611
7.973 5.018 -0.563 -0.282 1.504 0.010 20.077 -11.561
8.023 5.012 -0.565 -0.213 1.504 0.010 20.080 -11.511
8.073 5.006 -0.567 -0.145 1.504 0.010 20.084 -11.461
8.123 5.001 -0.567 -0.076 1.504 0.010 20.087 -11.411
8.173 4.995 -0.567 -0.008 1.504 0.010 20.090 -11.361
8.223 4.989 -0.567 0.060 1.504 0.010 20.094 -11.312
8.273 4.984 -0.566 0.129 1.504 0.010 20.097 -11.262
8.323 4.978 -0.564 0.197 1.504 0.010 20.100 -11.212
8.372 4.972 -0.561 0.266 1.505 0.010 20.104 -11.163
8.422 4.967 -0.558 0.334 1.505 0.010 20.107 -11.113
8.472 4.961 -0.554 0.403 1.505 0.010 20.110 -11.063
8.521 4.956 -0.549 0.472 1.506 0.010 20.113 -11.014
8.571 4.950 -0.543 0.540 1.506 0.010 20.117 -10.965
8.620 4.945 -0.537 0.609 1.507 0.010 20.120 -10.915
8.670 4.940 -0.531 0.678 1.507 0.010 20.123 -10.866
8.719 4.934 -0.523 0.747 1.508 0.010 20.126 -10.817
8.768 4.929 -0.515 0.816 1.509 0.010 20.129 -10.768
8.817 4.924 -0.506 0.886 1.509 0.010 20.132 -10.718
8.867 4.919 -0.497 0.955 1.510 0.010 20.135 -10.669
8.916 4.914 -0.486 1.025 1.511 0.010 20.138 -10.620
8.965 4.910 -0.475 1.095 1.512 0.010 20.141 -10.571
9.014 4.905 -0.464 1.165 1.513 0.010 20.144 -10.522
9.063 4.901 -0.451 1.235 1.514 0.010 20.147 -10.473
9.112 4.896 -0.438 1.305 1.515 0.010 20.149 -10.424
9.161 4.892 -0.425 1.375 1.516 0.010 20.152 -10.376
9.210 4.888 -0.410 1.445 1.517 0.010 20.155 -10.327
9.259 4.884 -0.395 1.516 1.518 0.010 20.157 -10.278
9.307 4.880 -0.379 1.586 1.519 0.010 20.160 -10.229
9.356 4.876 -0.363 1.657 1.520 0.010 20.162 -10.181
9.405 4.873 -0.345 1.728 1.521 0.010 20.165 -10.132
9.454 4.870 -0.327 1.799 1.523 0.010 20.167 -10.083
9.502 4.867 -0.309 1.869 1.524 0.010 20.170 -10.035
9.551 4.864 -0.289 1.940 1.525 0.010 20.172 -9.986
9.599 4.861 -0.269 2.011 1.527 0.010 20.174 -9.938
9.648 4.859 -0.248 2.082 1.528 0.010 20.176 -9.889
9.697 4.856 -0.227 2.152 1.529 0.010 20.178 -9.840
9.745 4.854 -0.204 2.223 1.531 0.010 20.180 -9.792
9.794 4.852 -0.182 2.293 1.532 0.010 20.182 -9.743
9.842 4.851 -0.158 2.364 1.534 0.010 20.184 -9.695
9.891 4.850 -0.134 2.434 1.535 0.010 20.186 -9.647
9.939 4.848 -0.109 2.504 1.537 0.010 20.187 -9.598
9.988 4.848 -0.083 2.574 1.538 0.010 20.189 -9.550
10.036 4.847 -0.056 2.644 1.539 0.010 20.190 -9.501
10.085 4.847 -0.029 2.714 1.541 0.010 20.192 -9.453
10.133 4.847 -0.001 2.783 1.542 0.010 20.193 -9.404
10.182 4.847 0.027 2.852 1.544 0.010 20.195 -9.356
10.230 4.848 0.056 2.921 1.545 0.010 20.196 -9.307
10.278 4.848 0.086 2.990 1.547 0.010 20.197 -9.259
10.327 4.850 0.117 3.058 1.548 0.010 20.198 -9.210
10.375 4.851 0.148 3.127 1.550 0.010 20.199 -9.162
10.424 4.853 0.180 3.195 1.551 0.010 20.200 -9.113
10.473 4.855 0.213 3.263 1.552 0.010 20.201 -9.065
10.521 4.857 0.246 3.330 1.554 0.010 20.202 -9.016
10.570 4.860 0.280 3.398 1.555 0.010 20.203 -8.968
10.618 4.863 0.315 3.465 1.557 0.010 20.204 -8.919
10.667 4.867 0.350 3.532 1.558 0.010 20.204 -8.870
10.716 4.871 0.386 3.600 1.559 0.010 20.205 -8.822
10.765 4.875 0.423 3.667 1.560 0.010 20.205 -8.773
10.813 4.880 0.460 3.734 1.561 0.010 20.206 -8.724
10.862 4.885 0.498 3.801 1.562 0.010 20.206 -8.675
10.911 4.890 0.537 3.868 1.564 0.010 20.207 -8.626
10.960 4.896 0.576 3.935 1.565 0.010 20.207 -8.577
11.009 4.902 0.616 4.002 1.565 0.010 20.207 -8.528
11.058 4.908 0.657 4.070 1.566 0.010 20.208 -8.479
11.107 4.915 0.698 4.138 1.567 0.010 20.208 -8.430
11.156 4.923 0.740 4.206 1.568 0.010 20.208 -8.381
11.206 4.931 0.783 4.275 1.569 0.010 20.208 -8.332
11.255 4.939 0.826 4.344 1.569 0.010 20.208 -8.282
11.305 4.948 0.870 4.413 1.570 0.010 20.208 -8.233
11.354 4.957 0.915 4.483 1.570 0.010 20.208 -8.183
11.404 4.966 0.961 4.554 1.570 0.010 20.208 -8.134
11.454 4.976 1.007 4.625 1.571 0.010 20.208 -8.084
11.504 4.987 1.054 4.697 1.571 0.010 20.208 -8.034
11.554 5.005 1.779 72.467 1.571 0.010 20.208 -7.984
11.605 5.113 10.824 904.539 1.570 0.010 20.208 -7.933
11.657 5.237 12.448 162.366 1.567 0.010 20.208 -7.880
11.711 5.347 10.927 -152.069 1.564 0.010 20.209 -7.827
11.765 5.441 9.439 -148.806 1.560 0.010 20.209 -7.773
11.820 5.521 7.992 -144.675 1.555 0.010 20.210 -7.717
11.876 5.587 6.594 -139.820 1.549 0.010 20.211 -7.661
11.932 5.640 5.250 -134.361 1.543 0.010 20.212 -7.605
11.989 5.679 3.966 -128.406 1.537 0.010 20.214 -7.548
12.046 5.707 2.746 -122.058 1.530 0.010 20.216 -7.491
12.104 5.723 1.592 -115.421 1.523 0.010 20.219 -7.434
12.161 5.728 0.506 -108.601 1.516 0.010 20.222 -7.377
12.218 5.722 -0.511 -101.701 1.509 0.010 20.225 -7.320
12.275 5.708 -1.460 -94.826 1.502 0.010 20.229 -7.263
12.332 5.684 -2.340 -88.073 1.495 0.010 20.233 -7.206
12.388 5.653 -3.156 -81.535 1.489 0.010 20.237 -7.150
12.445 5.614 -3.909 -75.293 1.483 0.010 20.242 -7.094
12.500 5.568 -4.603 -69.417 1.478 0.010 20.247 -7.038
12.555 5.515 -5.243 -63.965 1.473 0.010 20.252 -6.983
12.610 5.457 -5.832 -58.980 1.469 0.010 20.258 -6.929
12.664 5.393 -6.377 -54.490 1.465 0.010 20.263 -6.876
12.717 5.324 -6.882 -50.511 1.462 0.010 20.269 -6.823
12.770 5.251 -7.353 -47.045 1.459 0.010 20.275 -6.770
12.821 5.173 -7.794 -44.083 1.458 0.010 20.281 -6.719
12.872 5.091 -8.210 -41.604 1.457 0.010 20.287 -6.668
12.922 5.005 -8.605 -39.577 1.457 0.010 20.292 -6.619
12.972 4.915 -8.985 -37.962 1.457 0.010 20.298 -6.570
13.020 4.821 -9.352 -36.710 1.459 0.010 20.303 -6.522
13.067 4.724 -9.710 -35.761 1.462 0.010 20.308 -6.475
13.113 4.624 -10.060 -35.048 1.465 0.010 20.313 -6.429
13.158 4.520 -10.405 -34.492 1.470 0.010 20.318 -6.384
13.203 4.412 -10.745 -34.005 1.476 0.010 20.322 -6.340
13.246 4.301 -11.080 -33.485 1.482 0.010 20.326 -6.297
13.287 4.187 -11.408 -32.819 1.490 0.010 20.330 -6.256
13.328 4.070 -11.727 -31.877 1.499 0.010 20.333 -6.215
13.368 3.950 -12.032 -30.516 1.509 0.010 20.336 -6.176
13.406 3.827 -12.318 -28.577 1.520 0.010 20.338 -6.137
13.443 3.701 -12.577 -25.887 1.533 0.010 20.339 -6.100
13.479 3.573 -12.805 -22.814 1.547 0.010 20.341 -6.065
13.513 3.441 -13.172 -36.750 1.562 0.010 20.341 -6.030
13.546 3.305 -13.625 -45.225 1.578 0.010 20.341 -5.997
13.578 3.165 -13.944 -31.882 1.595 0.010 20.341 -5.966
13.608 3.024 -14.115 -17.125 1.614 0.010 20.340 -5.935
13.637 2.883 -14.126 -1.151 1.633 0.010 20.338 -5.907
13.664 2.743 -13.969 15.718 1.654 0.010 20.336 -5.879
13.690 2.607 -13.639 33.023 1.676 0.010 20.334 -5.853
13.715 2.476 -13.137 50.179 1.698 0.010 20.331 -5.829
13.739 2.351 -12.468 66.876 1.721 0.010 20.328 -5.805
13.761 2.236 -11.524 94.446 1.745 0.010 20.324 -5.783
13.782 2.132 -10.353 117.125 1.770 0.010 20.320 -5.762
13.803 2.041 -9.114 123.905 1.794 0.010 20.316 -5.742
13.822 1.963 -7.828 128.579 1.820 0.010 20.311 -5.723
13.841 1.897 -6.519 130.875 1.845 0.010 20.306 -5.705
13.860 1.845 -5.213 130.645 1.870 0.010 20.301 -5.687
13.878 1.806 -3.934 127.875 1.895 0.010 20.295 -5.670
13.896 1.779 -2.707 122.687 1.920 0.010 20.290 -5.653
13.913 1.763 -1.554 115.332 1.945 0.010 20.283 -5.637
13.931 1.759 -0.492 106.159 1.969 0.010 20.277 -5.621
13.948 1.763 0.464 95.588 1.992 0.010 20.270 -5.604
13.966 1.776 1.305 84.070 2.015 0.010 20.262 -5.588
13.984 1.796 2.025 72.058 2.038 0.010 20.254 -5.572
14.002 1.823 2.625 59.971 2.059 0.010 20.246 -5.556
14.021 1.854 3.107 48.178 2.080 0.010 20.237 -5.540
14.040 1.889 3.476 36.977 2.100 0.010 20.228 -5.523
14.059 1.926 3.742 26.595 2.119 0.010 20.218 -5.507
14.079 1.965 3.914 17.186 2.138 0.010 20.207 -5.490
14.099 2.005 4.003 8.836 2.155 0.010 20.197 -5.473
14.119 2.045 4.018 1.578 2.172 0.010 20.185 -5.456
14.140 2.085 3.972 -4.605 2.187 0.010 20.173 -5.439
14.161 2.124 3.875 -9.763 2.202 0.010 20.161 -5.422
14.183 2.161 3.735 -13.967 2.216 0.010 20.148 -5.405
14.205 2.197 3.562 -17.309 2.230 0.010 20.135 -5.387
14.227 2.230 3.363 -19.884 2.242 0.010 20.121 -5.370
14.250 2.262 3.145 -21.789 2.254 0.010 20.107 -5.352
14.273 2.291 2.914 -23.120 2.265 0.010 20.092 -5.334
14.296 2.318 2.674 -23.966 2.275 0.010 20.077 -5.317
14.319 2.342 2.430 -24.411 2.284 0.010 20.062 -5.299
14.343 2.364 2.185 -24.526 2.293 0.010 20.046 -5.281
14.367 2.383 1.941 -24.379 2.301 0.010 20.031 -5.263
14.391 2.400 1.701 -24.026 2.308 0.010 20.014 -5.245
14.415 2.415 1.466 -23.516 2.315 0.010 19.998 -5.228
14.439 2.427 1.237 -22.890 2.321 0.010 19.982 -5.210
14.464 2.437 1.015 -22.184 2.327 0.010 19.965 -5.192
14.488 2.445 0.801 -21.428 2.332 0.010 19.948 -5.174
14.513 2.451 0.594 -20.644 2.337 0.010 19.931 -5.156
14.537 2.455 0.396 -19.855 2.341 0.010 19.914 -5.139
14.562 2.457 0.205 -19.074 2.344 0.010 19.897 -5.121
14.586 2.458 0.022 -18.317 2.347 0.010 19.880 -5.104
14.611 2.456 -0.154 -17.593 2.350 0.010 19.863 -5.086
14.635 2.453 -0.323 -16.910 2.352 0.010 19.845 -5.069
14.660 2.448 -0.486 -16.276 2.353 0.010 19.828 -5.051
14.684 2.442 -0.643 -15.694 2.355 0.010 19.811 -5.034
14.709 2.434 -0.795 -15.171 2.356 0.010 19.794 -5.017
14.733 2.424 -0.942 -14.707 2.356 0.010 19.777 -5.000
14.757 2.412 -1.215 -27.371 2.356 0.010 19.759 -4.983
14.780 2.337 -7.538 -632.293 2.357 0.010 19.743 -4.966
14.802 2.153 -18.341 -1080.225 2.358 0.010 19.728 -4.951
14.821 1.889 -26.430 -808.932 2.362 0.010 19.714 -4.938
14.836 1.565 -32.400 -596.984 2.368 0.010 19.703 -4.927
14.848 1.198 -36.670 -426.995 2.378 0.010 19.695 -4.918
14.856 0.803 -39.570 -290.060 2.390 0.010 19.689 -4.913
14.860 0.389 -41.331 -176.098 2.406 0.010 19.686 -4.910
14.861 0.032 -35.761 557.056 2.426 0.010 19.686 -4.910
14.865 0.450 41.880 7764.069 2.449 0.010 19.690 -4.913
14.874 0.857 40.705 -117.452 2.476 0.010 19.696 -4.919
14.886 1.243 38.515 -219.015 2.506 0.010 19.706 -4.926
14.902 1.595 35.270 -324.555 2.539 0.010 19.719 -4.935
14.921 1.905 30.971 -429.880 2.574 0.010 19.735 -4.946
14.943 2.162 25.699 -527.223 2.611 0.010 19.753 -4.957
14.966 2.358 19.633 -606.582 2.650 0.010 19.774 -4.969
14.991 2.489 13.054 -657.893 2.690 0.010 19.796 -4.980
15.017 2.552 6.318 -673.632 2.729 0.010 19.819 -4.991
15.042 2.550 -0.192 -651.002 2.768 0.010 19.843 -5.000
15.067 2.489 -6.121 -592.877 2.806 0.010 19.866 -5.009
15.091 2.377 -11.192 -507.117 2.843 0.010 19.889 -5.016
15.113 2.225 -15.238 -404.575 2.877 0.010 19.910 -5.023
15.134 2.043 -18.204 -296.601 2.910 0.010 19.930 -5.028
15.152 1.841 -20.133 -192.918 2.940 0.010 19.948 -5.032
15.168 1.630 -21.137 -100.398 2.967 0.010 19.964 -5.035
15.182 1.416 -21.365 -22.802 2.992 0.010 19.978 -5.037
15.194 1.206 -20.977 38.786 3.014 0.010 19.990 -5.039
15.205 1.005 -20.126 85.183 3.034 0.010 20.000 -5.040
15.213 0.816 -18.942 118.316 3.052 0.010 20.008 -5.041
15.219 0.640 -17.537 140.567 3.067 0.010 20.014 -5.041
15.224 0.480 -15.993 154.323 3.081 0.010 20.019 -5.041
15.227 0.337 -14.376 161.718 3.093 0.010 20.023 -5.042
15.229 0.209 -12.731 164.518 3.102 0.010 20.025 -5.042
15.230 0.099 -11.090 164.093 3.111 0.010 20.026 -5.042
15.230 0.004 -9.476 161.451 3.118 0.010 20.026 -5.042
15.231 0.075 7.154 1662.925 3.124 0.010 20.025 -5.042
15.233 0.139 6.383 -77.063 3.128 0.010 20.024 -5.042
15.234 0.188 4.924 -145.897 3.132 0.010 20.022 -5.042
15.237 0.224 3.534 -139.042 3.135 0.010 20.019 -5.042
15.239 0.246 2.219 -131.450 3.137 0.010 20.017 -5.042
15.242 0.256 0.988 -123.072 3.139 0.010 20.014 -5.042
15.244 0.254 -0.150 -113.832 3.140 0.010 20.012 -5.042
15.247 0.242 -1.187 -103.657 3.140 0.010 20.009 -5.042
15.249 0.221 -2.112 -92.496 3.141 0.010 20.007 -5.042
15.251 0.192 -2.908 -79.642 3.141 0.010 20.005 -5.042
15.252 0.159 -3.317 -40.887 3.141 0.010 20.004 -5.042
15.254 0.126 -3.300 1.690 3.142 0.010 20.002 -5.042
15.255 0.095 -3.111 18.925 3.142 0.010 20.001 -5.042
15.255 0.067 -2.789 32.181 3.142 0.010 20.001 -5.042
15.256 0.043 -2.370 41.853 3.142 0.010 20.000 -5.042
15.256 0.024 -1.886 48.427 3.142 0.010 20.000 -5.042
15.256 0.011 -1.361 52.462 3.142 0.010 20.000 -5.042
15.256 0.003 -0.816 54.568 3.142 0.010 20.000 -5.042
15.256 0.000 -0.270 54.596 3.142 0.010 20.000 -5.042
0.000 0.006 0.556 55.556 3.142 0.010 22.000 -15.958
0.000 0.011 0.554 -0.174 3.142 0.010 22.000 -15.958
0.000 0.025 1.378 82.445 3.142 0.010 21.999 -15.958
0.001 0.044 1.906 52.771 3.142 0.010 21.999 -15.958
0.002 0.068 2.398 49.167 3.142 0.010 21.998 -15.958
0.002 0.096 2.831 43.305 3.142 0.010 21.997 -15.958
0.004 0.128 3.177 34.677 3.142 0.010 21.996 -15.958
0.005 0.162 3.406 22.819 3.141 0.010 21.994 -15.958
0.007 0.197 3.479 7.319 3.141 0.010 21.992 -15.958
0.010 0.228 3.133 -34.546 3.141 0.010 21.990 -15.958
0.012 0.252 2.407 -72.609 3.140 0.010 21.988 -15.958
0.015 0.268 1.562 -84.518 3.139 0.010 21.985 -15.958
0.018 0.274 0.600 -96.193 3.138 0.010 21.982 -15.958
0.020 0.269 -0.479 -107.879 3.136 0.010 21.980 -15.958
0.023 0.252 -1.678 -119.912 3.133 0.010 21.977 -15.958
0.025 0.222 -3.005 -132.722 3.130 0.010 21.975 -15.958
0.027 0.178 -4.473 -146.831 3.125 0.010 21.973 -15.958
0.028 0.117 -6.102 -162.859 3.120 0.010 21.972 -15.958
0.028 0.037 -7.917 -181.529 3.113 0.010 21.972 -15.958
0.029 0.062 2.487 1040.441 3.105 0.010 21.972 -15.958
0.031 0.185 12.256 976.870 3.096 0.010 21.974 -15.958
0.034 0.334 14.878 262.193 3.084 0.010 21.977 -15.958
0.039 0.512 17.885 300.701 3.070 0.010 21.982 -15.959
0.046 0.726 21.353 346.798 3.054 0.010 21.990 -15.959
0.056 0.980 25.366 401.309 3.035 0.010 21.999 -15.960
0.069 1.280 30.010 464.429 3.012 0.010 22.012 -15.962
0.085 1.633 35.360 534.996 2.986 0.010 22.028 -15.964
0.106 2.048 41.452 609.198 2.955 0.010 22.048 -15.968
0.131 2.530 48.237 678.448 2.919 0.010 22.073 -15.973
0.162 3.085 55.499 726.184 2.877 0.010 22.103 -15.980
0.199 3.713 62.736 723.717 2.828 0.010 22.139 -15.991
0.243 4.403 69.001 626.544 2.773 0.010 22.180 -16.006
0.295 5.130 72.754 375.258 2.710 0.010 22.227 -16.026
0.353 5.849 71.845 -90.828 2.640 0.010 22.280 -16.052
0.418 6.487 63.865 -798.050 2.563 0.010 22.335 -16.085
0.487 6.957 47.031 -1683.374 2.481 0.010 22.392 -16.126
0.559 7.172 21.478 -2555.328 2.396 0.010 22.447 -16.172
0.630 7.074 -9.870 -3134.794 2.312 0.010 22.497 -16.222
0.696 6.655 -41.853 -3198.336 2.232 0.010 22.540 -16.273
0.756 5.964 -69.139 -2728.570 2.158 0.010 22.574 -16.321
0.807 5.080 -88.413 -1927.369 2.091 0.010 22.601 -16.365
0.848 4.088 -99.194 -1078.107 2.034 0.010 22.620 -16.401
0.878 3.056 -103.118 -392.384 1.986 0.010 22.633 -16.428
0.899 2.030 -102.649 46.896 1.948 0.010 22.641 -16.447
0.909 1.029 -100.106 254.262 1.918 0.010 22.645 -16.457
0.909 0.056 -97.243 286.293 1.898 0.010 22.645 -16.457
0.918 0.896 83.944 18118.714 1.886 0.010 22.642 -16.449
0.937 1.843 94.722 1077.831 1.883 0.010 22.637 -16.431
0.965 2.804 96.045 132.303 1.888 0.010 22.628 -16.404
1.003 3.795 99.151 310.609 1.903 0.010 22.616 -16.369
1.051 4.830 103.535 438.381 1.927 0.010 22.600 -16.323
1.110 5.910 107.940 440.499 1.961 0.010 22.578 -16.268
1.180 7.009 109.895 195.439 2.005 0.010 22.550 -16.204
1.261 8.061 105.219 -467.533 2.059 0.010 22.514 -16.132
1.350 8.941 87.999 -1721.981 2.120 0.010 22.470 -16.054
1.445 9.460 51.873 -3612.666 2.186 0.010 22.418 -15.975
1.539 9.390 -6.987 -5886.020 2.251 0.010 22.361 -15.900
1.624 8.519 -87.040 -8005.300 2.307 0.010 22.306 -15.835
1.691 6.693 -182.643 -9560.304 2.346 0.010 22.260 -15.787
1.730 3.875 -281.843 -9919.904 2.356 0.010 22.232 -15.759
1.756 2.678 -119.697 16214.509 2.355 0.010 22.213 -15.740
1.782 2.522 -15.605 10409.289 2.351 0.010 22.196 -15.722
1.805 2.366 -15.593 1.141 2.346 0.010 22.179 -15.706
1.827 2.209 -15.670 -7.725 2.339 0.010 22.164 -15.690
1.848 2.051 -15.818 -14.797 2.329 0.010 22.150 -15.675
1.867 1.891 -16.015 -19.627 2.318 0.010 22.137 -15.661
1.884 1.728 -16.231 -21.674 2.304 0.010 22.125 -15.648
1.900 1.564 -16.434 -20.296 2.289 0.010 22.115 -15.637
1.914 1.398 -16.582 -14.762 2.271 0.010 22.105 -15.626
1.926 1.232 -16.625 -4.288 2.252 0.010 22.098 -15.617
1.937 1.067 -16.506 11.897 2.230 0.010 22.091 -15.608
1.946 0.905 -16.161 34.445 2.206 0.010 22.085 -15.601
1.953 0.750 -15.524 63.744 2.181 0.010 22.081 -15.595
1.959 0.605 -14.527 99.738 2.153 0.010 22.078 -15.590
1.964 0.474 -13.109 141.730 2.124 0.010 22.075 -15.586
1.968 0.361 -11.227 188.215 2.093 0.010 22.073 -15.583
1.970 0.273 -8.859 236.798 2.061 0.010 22.072 -15.580
1.973 0.213 -6.017 284.261 2.028 0.010 22.071 -15.579
1.974 0.185 -2.748 326.821 1.994 0.010 22.070 -15.577
1.976 0.194 0.858 360.585 1.959 0.010 22.069 -15.575
1.979 0.240 4.679 382.138 1.925 0.010 22.069 -15.573
1.982 0.326 8.570 389.136 1.891 0.010 22.068 -15.570
1.986 0.450 12.378 380.742 1.857 0.010 22.066 -15.565
1.993 0.609 15.955 357.779 1.825 0.010 22.065 -15.560
2.001 0.801 19.181 322.548 1.794 0.010 22.063 -15.552
2.011 1.021 21.965 278.373 1.765 0.010 22.061 -15.542
2.023 1.263 24.255 228.996 1.737 0.010 22.058 -15.529
2.039 1.524 26.035 177.990 1.712 0.010 22.056 -15.514
2.057 1.797 27.318 128.300 1.689 0.010 22.054 -15.497
2.077 2.078 28.137 81.989 1.668 0.010 22.051 -15.476
2.101 2.364 28.539 40.174 1.649 0.010 22.049 -15.452
2.128 2.649 28.570 3.101 1.632 0.010 22.048 -15.426
2.157 2.932 28.273 -29.689 1.618 0.010 22.046 -15.397
2.189 3.209 27.682 -59.177 1.606 0.010 22.045 -15.365
2.224 3.477 26.815 -86.694 1.596 0.010 22.044 -15.330
2.261 3.734 25.677 -113.768 1.588 0.010 22.043 -15.292
2.301 3.976 24.257 -142.017 1.581 0.010 22.042 -15.253
2.343 4.202 22.526 -173.053 1.577 0.010 22.042 -15.211
2.387 4.406 20.442 -208.402 1.574 0.010 22.042 -15.167
2.433 4.586 17.948 -249.412 1.572 0.010 22.042 -15.121
2.480 4.733 14.702 -324.635 1.571 0.010 22.042 -15.073
2.529 4.839 10.617 -408.519 1.571 0.010 22.042 -15.025
2.577 4.898 5.886 -473.089 1.571 0.010 22.042 -14.976
2.627 4.920 2.227 -365.850 1.571 0.010 22.042 -14.927
2.676 4.934 1.452 -77.521 1.570 0.010 22.042 -14.878
2.725 4.944 0.931 -52.111 1.570 0.010 22.042 -14.828
2.775 4.948 0.415 -51.629 1.570 0.010 22.042 -14.779
2.824 4.947 -0.097 -51.196 1.569 0.010 22.042 -14.729
2.874 4.941 -0.606 -50.811 1.569 0.010 22.042 -14.680
2.923 4.933 -0.836 -23.094 1.568 0.010 22.042 -14.630
2.972 4.925 -0.793 4.360 1.567 0.010 22.042 -14.581
3.022 4.917 -0.750 4.291 1.567 0.010 22.042 -14.532
3.071 4.910 -0.708 4.222 1.566 0.010 22.043 -14.483
3.120 4.903 -0.666 4.154 1.565 0.010 22.043 -14.434
3.169 4.897 -0.625 4.086 1.564 0.010 22.043 -14.385
3.218 4.891 -0.585 4.018 1.563 0.010 22.044 -14.336
3.266 4.886 -0.546 3.951 1.562 0.010 22.044 -14.287
3.315 4.881 -0.507 3.883 1.561 0.010 22.044 -14.238
3.364 4.876 -0.469 3.816 1.559 0.010 22.045 -14.190
3.413 4.872 -0.431 3.749 1.558 0.010 22.046 -14.141
3.461 4.868 -0.394 3.682 1.557 0.010 22.046 -14.092
3.510 4.864 -0.358 3.615 1.556 0.010 22.047 -14.044
3.559 4.861 -0.323 3.548 1.554 0.010 22.048 -13.995
3.607 4.858 -0.288 3.481 1.553 0.010 22.049 -13.946
3.656 4.856 -0.254 3.413 1.551 0.010 22.049 -13.898
3.704 4.853 -0.220 3.346 1.550 0.010 22.050 -13.849
3.753 4.851 -0.188 3.278 1.549 0.010 22.051 -13.801
3.801 4.850 -0.155 3.211 1.547 0.010 22.053 -13.752
3.850 4.849 -0.124 3.143 1.546 0.010 22.054 -13.704
3.898 4.848 -0.093 3.074 1.544 0.010 22.055 -13.655
3.947 4.847 -0.063 3.006 1.543 0.010 22.056 -13.607
3.995 4.847 -0.034 2.937 1.541 0.010 22.058 -13.558
4.044 4.847 -0.005 2.868 1.540 0.010 22.059 -13.510
4.092 4.847 0.023 2.799 1.538 0.010 22.061 -13.462
4.141 4.847 0.050 2.730 1.537 0.010 22.062 -13.413
4.189 4.848 0.077 2.660 1.535 0.010 22.064 -13.365
4.238 4.849 0.103 2.590 1.534 0.010 22.066 -13.316
4.286 4.851 0.128 2.521 1.533 0.010 22.068 -13.268
4.335 4.852 0.152 2.450 1.531 0.010 22.069 -13.219
4.383 4.854 0.176 2.380 1.530 0.010 22.071 -13.171
4.432 4.856 0.199 2.310 1.528 0.010 22.073 -13.122
4.480 4.858 0.222 2.239 1.527 0.010 22.076 -13.074
4.529 4.860 0.243 2.169 1.526 0.010 22.078 -13.025
4.578 4.863 0.264 2.098 1.524 0.010 22.080 -12.977
4.626 4.866 0.285 2.027 1.523 0.010 22.082 -12.928
4.675 4.869 0.304 1.956 1.522 0.010 22.085 -12.879
4.724 4.872 0.323 1.886 1.521 0.010 22.087 -12.831
4.772 4.876 0.341 1.815 1.519 0.010 22.089 -12.782
4.821 4.879 0.359 1.744 1.518 0.010 22.092 -12.733
4.870 4.883 0.375 1.673 1.517 0.010 22.095 -12.685
4.919 4.887 0.391 1.603 1.516 0.010 22.097 -12.636
4.968 4.891 0.407 1.532 1.515 0.010 22.100 -12.587
5.017 4.895 0.421 1.462 1.514 0.010 22.103 -12.538
5.066 4.899 0.435 1.391 1.513 0.010 22.106 -12.489
5.115 4.904 0.448 1.321 1.512 0.010 22.108 -12.440
5.164 4.909 0.461 1.251 1.511 0.010 22.111 -12.391
5.213 4.913 0.473 1.181 1.510 0.010 22.114 -12.342
5.262 4.918 0.484 1.111 1.510 0.010 22.117 -12.293
5.311 4.923 0.494 1.041 1.509 0.010 22.120 -12.244
5.361 4.928 0.504 0.971 1.508 0.010 22.123 -12.195
5.410 4.933 0.513 0.902 1.507 0.010 22.126 -12.145
5.459 4.938 0.521 0.832 1.507 0.010 22.130 -12.096
5.509 4.944 0.529 0.763 1.506 0.010 22.133 -12.047
5.558 4.949 0.536 0.694 1.506 0.010 22.136 -11.997
5.608 4.955 0.542 0.625 1.505 0.010 22.139 -11.948
5.657 4.960 0.548 0.556 1.505 0.010 22.142 -11.898
5.707 4.966 0.553 0.487 1.505 0.010 22.146 -11.849
5.757 4.971 0.557 0.419 1.504 0.010 22.149 -11.799
5.807 4.977 0.560 0.350 1.504 0.010 22.152 -11.750
5.856 4.982 0.563 0.282 1.504 0.010 22.156 -11.700
5.906 4.988 0.565 0.213 1.504 0.010 22.159 -11.650
5.956 4.994 0.567 0.145 1.504 0.010 22.162 -11.600
6.006 4.999 0.567 0.076 1.504 0.010 22.166 -11.551
6.056 5.005 0.567 0.008 1.504 0.010 22.169 -11.501
6.106 5.011 0.567 -0.060 1.504 0.010 22.172 -11.451
6.157 5.016 0.566 -0.129 1.504 0.010 22.176 -11.401
6.207 5.022 0.564 -0.197 1.504 0.010 22.179 -11.350
6.257 5.028 0.561 -0.266 1.505 0.010 22.182 -11.300
6.307 5.033 0.558 -0.334 1.505 0.010 22.186 -11.250
6.358 5.039 0.554 -0.403 1.505 0.010 22.189 -11.200
6.408 5.044 0.549 -0.472 1.506 0.010 22.192 -11.149
6.459 5.050 0.543 -0.540 1.506 0.010 22.196 -11.099
6.509 5.055 0.537 -0.609 1.507 0.010 22.199 -11.049
6.560 5.060 0.531 -0.678 1.507 0.010 22.202 -10.998
6.611 5.066 0.523 -0.747 1.508 0.010 22.205 -10.948
6.661 5.071 0.515 -0.816 1.509 0.010 22.208 -10.897
6.712 5.076 0.506 -0.886 1.509 0.010 22.211 -10.846
6.763 5.081 0.497 -0.955 1.510 0.010 22.215 -10.796
6.814 5.086 0.486 -1.025 1.511 0.010 22.218 -10.745
6.865 5.090 0.475 -1.095 1.512 0.010 22.221 -10.694
6.916 5.095 0.464 -1.165 1.513 0.010 22.224 -10.643
6.966 5.099 0.451 -1.235 1.514 0.010 22.227 -10.592
7.018 5.104 0.438 -1.305 1.515 0.010 22.229 -10.541
7.069 5.108 0.425 -1.375 1.516 0.010 22.232 -10.490
7.120 5.112 0.410 -1.445 1.517 0.010 22.235 -10.439
7.171 5.116 0.395 -1.516 1.518 0.010 22.238 -10.388
7.222 5.120 0.379 -1.586 1.519 0.010 22.240 -10.337
7.273 5.124 0.363 -1.657 1.520 0.010 22.243 -10.286
7.325 5.127 0.345 -1.728 1.521 0.010 22.246 -10.235
7.376 5.130 0.327 -1.799 1.523 0.010 22.248 -10.183
7.427 5.133 0.309 -1.869 1.524 0.010 22.251 -10.132
7.479 5.136 0.289 -1.940 1.525 0.010 22.253 -10.081
7.530 5.139 0.269 -2.011 1.527 0.010 22.255 -10.029
7.581 5.141 0.248 -2.082 1.528 0.010 22.258 -9.978
7.633 5.144 0.227 -2.152 1.529 0.010 22.260 -9.927
7.684 5.146 0.204 -2.223 1.531 0.010 22.262 -9.875
7.736 5.148 0.182 -2.293 1.532 0.010 22.264 -9.824
7.787 5.149 0.158 -2.364 1.534 0.010 22.266 -9.772
7.839 5.150 0.134 -2.434 1.535 0.010 22.268 -9.721
7.890 5.152 0.109 -2.504 1.537 0.010 22.269 -9.669
7.942 5.152 0.083 -2.574 1.538 0.010 22.271 -9.618
7.993 5.153 0.056 -2.644 1.539 0.010 22.273 -9.566
8.045 5.153 0.029 -2.714 1.541 0.010 22.274 -9.515
8.096 5.153 0.001 -2.783 1.542 0.010 22.276 -9.463
8.148 5.153 -0.027 -2.852 1.544 0.010 22.277 -9.412
8.199 5.152 -0.056 -2.921 1.545 0.010 22.279 -9.360
8.251 5.152 -0.086 -2.990 1.547 0.010 22.280 -9.309
8.302 5.150 -0.117 -3.058 1.548 0.010 22.281 -9.257
8.354 5.149 -0.148 -3.127 1.550 0.010 22.282 -9.206
8.405 5.147 -0.180 -3.195 1.551 0.010 22.283 -9.154
8.457 5.145 -0.213 -3.263 1.552 0.010 22.284 -9.103
8.508 5.143 -0.246 -3.330 1.554 0.010 22.285 -9.052
8.560 5.140 -0.280 -3.398 1.555 0.010 22.286 -9.000
8.611 5.137 -0.315 -3.465 1.557 0.010 22.287 -8.949
8.662 5.133 -0.350 -3.532 1.558 0.010 22.287 -8.898
8.714 5.129 -0.386 -3.599 1.559 0.010 22.288 -8.846
8.765 5.125 -0.423 -3.667 1.560 0.010 22.289 -8.795
8.816 5.120 -0.460 -3.734 1.561 0.010 22.289 -8.744
8.867 5.115 -0.498 -3.801 1.562 0.010 22.290 -8.693
8.918 5.110 -0.537 -3.868 1.564 0.010 22.290 -8.642
8.969 5.104 -0.576 -3.935 1.565 0.010 22.290 -8.590
9.020 5.098 -0.616 -4.002 1.565 0.010 22.291 -8.539
9.071 5.092 -0.657 -4.070 1.566 0.010 22.291 -8.489
9.122 5.085 -0.698 -4.138 1.567 0.010 22.291 -8.438
9.173 5.077 -0.740 -4.206 1.568 0.010 22.291 -8.387
9.224 5.069 -0.783 -4.275 1.569 0.010 22.291 -8.336
9.274 5.061 -0.826 -4.344 1.569 0.010 22.292 -8.286
9.325 5.052 -0.870 -4.413 1.570 0.010 22.292 -8.235
9.375 5.043 -0.915 -4.483 1.570 0.010 22.292 -8.185
9.426 5.034 -0.961 -4.554 1.570 0.010 22.292 -8.134
9.476 5.024 -1.007 -4.625 1.571 0.010 22.292 -8.084
9.526 5.013 -1.054 -4.697 1.571 0.010 22.292 -8.034
9.576 4.995 -1.779 -72.467 1.571 0.010 22.292 -7.984
9.625 4.887 -10.824 -904.544 1.570 0.010 22.292 -7.935
9.672 4.763 -12.448 -162.378 1.567 0.010 22.292 -7.888
9.719 4.653 -10.927 152.062 1.564 0.010 22.292 -7.841
9.765 4.559 -9.439 148.802 1.560 0.010 22.292 -7.795
9.809 4.479 -7.993 144.674 1.555 0.010 22.293 -7.751
9.853 4.413 -6.594 139.822 1.549 0.010 22.294 -7.707
9.897 4.360 -5.251 134.364 1.543 0.010 22.295 -7.663
9.940 4.321 -3.967 128.410 1.537 0.010 22.296 -7.620
9.983 4.293 -2.746 122.063 1.530 0.010 22.298 -7.577
10.026 4.277 -1.592 115.427 1.523 0.010 22.300 -7.534
10.069 4.272 -0.506 108.607 1.516 0.010 22.302 -7.491
10.111 4.277 0.511 101.707 1.509 0.010 22.304 -7.449
10.154 4.292 1.460 94.831 1.502 0.010 22.307 -7.406
10.198 4.315 2.341 88.078 1.495 0.010 22.310 -7.363
10.241 4.347 3.156 81.538 1.489 0.010 22.314 -7.320
10.285 4.386 3.909 75.296 1.483 0.010 22.318 -7.276
10.329 4.432 4.603 69.419 1.478 0.010 22.322 -7.232
10.374 4.485 5.243 63.966 1.473 0.010 22.326 -7.187
10.419 4.543 5.833 58.980 1.469 0.010 22.330 -7.142
10.466 4.607 6.377 54.489 1.465 0.010 22.335 -7.096
10.512 4.676 6.883 50.509 1.462 0.010 22.340 -7.050
10.560 4.749 7.353 47.042 1.459 0.010 22.345 -7.002
10.608 4.827 7.794 44.079 1.458 0.010 22.351 -6.954
10.657 4.909 8.210 41.600 1.457 0.010 22.356 -6.906
10.707 4.995 8.605 39.572 1.457 0.010 22.362 -6.856
10.758 5.085 8.985 37.956 1.457 0.010 22.368 -6.805
10.810 5.179 9.352 36.703 1.459 0.010 22.374 -6.754
10.862 5.276 9.710 35.753 1.462 0.010 22.379 -6.702
10.916 5.376 10.060 35.039 1.465 0.010 22.385 -6.648
10.971 5.480 10.405 34.483 1.470 0.010 22.391 -6.594
11.027 5.588 10.745 33.995 1.476 0.010 22.396 -6.538
11.084 5.698 11.079 33.475 1.482 0.010 22.402 -6.481
11.142 5.813 11.408 32.808 1.490 0.010 22.406 -6.423
11.201 5.930 11.726 31.865 1.499 0.010 22.411 -6.364
11.262 6.050 12.031 30.503 1.509 0.010 22.415 -6.304
11.324 6.173 12.317 28.563 1.520 0.010 22.418 -6.242
11.387 6.299 12.576 25.872 1.533 0.010 22.421 -6.179
11.451 6.427 12.788 21.227 1.547 0.010 22.423 -6.115
11.516 6.553 12.584 -20.391 1.562 0.010 22.424 -6.050
11.583 6.672 11.925 -65.896 1.578 0.010 22.424 -5.983
11.651 6.783 11.133 -79.237 1.595 0.010 22.423 -5.915
11.720 6.885 10.193 -93.990 1.614 0.010 22.421 -5.846
11.790 6.976 9.093 -109.960 1.633 0.010 22.417 -5.776
11.860 7.054 7.825 -126.824 1.654 0.010 22.412 -5.706
11.931 7.118 6.384 -144.123 1.676 0.010 22.406 -5.635
12.003 7.166 4.771 -161.274 1.698 0.010 22.397 -5.564
12.075 7.196 3.007 -176.393 1.721 0.010 22.387 -5.493
12.147 7.211 1.523 -148.407 1.745 0.010 22.376 -5.422
12.219 7.215 0.352 -117.104 1.770 0.010 22.362 -5.351
12.291 7.206 -0.887 -123.882 1.794 0.010 22.347 -5.280
12.363 7.184 -2.172 -128.555 1.820 0.010 22.330 -5.210
12.435 7.149 -3.481 -130.851 1.845 0.010 22.312 -5.141
12.506 7.102 -4.787 -130.621 1.870 0.010 22.292 -5.073
12.576 7.041 -6.066 -127.852 1.895 0.010 22.270 -5.006
12.646 6.968 -7.292 -122.667 1.920 0.010 22.247 -4.940
12.714 6.884 -8.446 -115.314 1.945 0.010 22.223 -4.876
12.782 6.788 -9.507 -106.144 1.969 0.010 22.197 -4.813
12.849 6.684 -10.463 -95.575 1.992 0.010 22.171 -4.752
12.915 6.571 -11.303 -84.061 2.015 0.010 22.143 -4.692
12.979 6.451 -12.024 -72.052 2.038 0.010 22.115 -4.634
13.043 6.324 -12.624 -59.969 2.059 0.010 22.086 -4.578
13.105 6.193 -13.105 -48.178 2.080 0.010 22.056 -4.524
13.165 6.059 -13.475 -36.979 2.100 0.010 22.026 -4.471
13.224 5.921 -13.741 -26.599 2.119 0.010 21.995 -4.420
13.282 5.782 -13.913 -17.191 2.138 0.010 21.965 -4.371
13.339 5.642 -14.001 -8.843 2.155 0.010 21.934 -4.324
13.394 5.502 -14.017 -1.585 2.172 0.010 21.903 -4.278
13.447 5.362 -13.971 4.598 2.187 0.010 21.873 -4.234
13.499 5.223 -13.874 9.755 2.202 0.010 21.842 -4.192
13.550 5.086 -13.734 13.960 2.216 0.010 21.812 -4.151
13.600 4.950 -13.561 17.302 2.230 0.010 21.782 -4.112
13.648 4.817 -13.362 19.877 2.242 0.010 21.752 -4.074
13.695 4.685 -13.145 21.782 2.254 0.010 21.723 -4.037
13.740 4.556 -12.913 23.114 2.265 0.010 21.694 -4.002
13.785 4.429 -12.674 23.961 2.275 0.010 21.665 -3.968
13.828 4.305 -12.430 24.405 2.284 0.010 21.637 -3.936
13.870 4.183 -12.185 24.521 2.293 0.010 21.610 -3.904
13.910 4.064 -11.941 24.375 2.301 0.010 21.583 -3.874
13.950 3.947 -11.701 24.022 2.308 0.010 21.556 -3.844
13.988 3.832 -11.465 23.512 2.315 0.010 21.531 -3.816
14.025 3.720 -11.237 22.887 2.321 0.010 21.505 -3.789
14.061 3.610 -11.015 22.181 2.327 0.010 21.481 -3.763
14.096 3.502 -10.801 21.425 2.332 0.010 21.456 -3.737
14.130 3.396 -10.594 20.642 2.337 0.010 21.433 -3.713
14.163 3.292 -10.396 19.852 2.341 0.010 21.410 -3.689
14.195 3.190 -10.205 19.072 2.344 0.010 21.388 -3.666
14.226 3.090 -10.022 18.315 2.347 0.010 21.366 -3.644
14.256 2.991 -9.846 17.591 2.350 0.010 21.345 -3.623
14.285 2.894 -9.677 16.909 2.352 0.010 21.325 -3.602
14.313 2.799 -9.514 16.274 2.353 0.010 21.305 -3.582
14.340 2.706 -9.357 15.693 2.355 0.010 21.286 -3.563
14.366 2.614 -9.205 15.170 2.356 0.010 21.268 -3.545
14.391 2.523 -9.058 14.706 2.356 0.010 21.250 -3.527
14.416 2.435 -8.785 27.370 2.356 0.010 21.233 -3.509
14.440 2.411 -2.462 632.292 2.357 0.010 21.216 -3.492
14.465 2.494 8.341 1080.221 2.358 0.010 21.198 -3.475
14.491 2.658 16.430 808.917 2.362 0.010 21.179 -3.456
14.520 2.882 22.399 596.957 2.368 0.010 21.158 -3.436
14.552 3.149 26.669 426.958 2.378 0.010 21.136 -3.414
14.586 3.445 29.569 290.019 2.390 0.010 21.111 -3.390
14.624 3.758 31.330 176.059 2.406 0.010 21.083 -3.365
14.664 4.079 32.083 75.343 2.426 0.010 21.053 -3.338
14.708 4.398 31.878 -20.477 2.449 0.010 21.019 -3.309
14.755 4.705 30.703 -117.536 2.476 0.010 20.983 -3.280
14.805 4.990 28.513 -219.019 2.506 0.010 20.943 -3.250
14.858 5.242 25.267 -324.540 2.539 0.010 20.900 -3.219
14.912 5.452 20.969 -429.846 2.574 0.010 20.855 -3.189
14.968 5.609 15.697 -527.172 2.611 0.010 20.807 -3.160
15.025 5.705 9.632 -606.518 2.650 0.010 20.757 -3.132
15.083 5.736 3.054 -657.822 2.690 0.010 20.706 -3.106
15.140 5.699 -3.682 -673.561 2.729 0.010 20.654 -3.082
15.196 5.597 -10.191 -650.939 2.768 0.010 20.602 -3.061
15.250 5.436 -16.119 -592.827 2.806 0.010 20.552 -3.042
15.302 5.224 -21.190 -507.084 2.843 0.010 20.502 -3.025
15.352 4.972 -25.236 -404.559 2.877 0.010 20.454 -3.012
15.399 4.690 -28.202 -296.600 2.910 0.010 20.409 -3.000
15.443 4.388 -30.131 -192.929 2.940 0.010 20.366 -2.991
15.484 4.077 -31.135 -100.417 2.967 0.010 20.326 -2.983
15.521 3.763 -31.364 -22.825 2.992 0.010 20.289 -2.977
15.556 3.454 -30.976 38.761 3.014 0.010 20.254 -2.972
15.587 3.152 -30.124 85.159 3.034 0.010 20.223 -2.968
15.616 2.863 -28.941 118.295 3.052 0.010 20.195 -2.966
15.642 2.588 -27.536 140.548 3.067 0.010 20.169 -2.964
15.665 2.328 -25.993 154.306 3.081 0.010 20.146 -2.962
15.686 2.084 -24.376 161.704 3.093 0.010 20.125 -2.961
15.704 1.857 -22.731 164.507 3.102 0.010 20.106 -2.960
15.721 1.646 -21.090 164.084 3.111 0.010 20.090 -2.959
15.735 1.451 -19.476 161.441 3.118 0.010 20.075 -2.959
15.748 1.272 -17.903 157.268 3.124 0.010 20.063 -2.959
15.759 1.108 -16.383 152.005 3.128 0.010 20.051 -2.959
15.769 0.959 -14.924 145.894 3.132 0.010 20.042 -2.958
15.777 0.823 -13.533 139.040 3.135 0.010 20.034 -2.958
15.784 0.701 -12.219 131.449 3.137 0.010 20.027 -2.958
15.790 0.591 -10.988 123.071 3.139 0.010 20.021 -2.958
15.795 0.493 -9.850 113.831 3.140 0.010 20.016 -2.958
15.799 0.405 -8.813 103.657 3.140 0.010 20.012 -2.958
15.802 0.326 -7.888 92.496 3.141 0.010 20.009 -2.958
15.805 0.255 -7.076 81.215 3.141 0.010 20.006 -2.958
15.807 0.194 -6.096 98.015 3.141 0.010 20.004 -2.958
15.808 0.144 -5.002 109.421 3.142 0.010 20.003 -2.958
15.809 0.103 -4.080 92.187 3.142 0.010 20.002 -2.958
15.810 0.070 -3.291 78.930 3.142 0.010 20.001 -2.958
15.810 0.044 -2.598 69.259 3.142 0.010 20.000 -2.958
15.811 0.025 -1.971 62.685 3.142 0.010 20.000 -2.958
15.811 0.011 -1.385 58.649 3.142 0.010 20.000 -2.958
15.811 0.003 -0.819 56.543 3.142 0.010 20.000 -2.958
15.811 0.000 -0.270 54.942 3.142 0.010 20.000 -2.958
