RightRightSwitchFront
230
0.000 0.006 0.560 56.039 6.283 0.010 0.000 1.042
0.000 0.011 0.560 0.002 6.283 0.010 0.000 1.042
0.000 0.025 1.401 84.071 6.283 0.010 0.000 1.042
0.001 0.045 1.962 56.077 6.283 0.010 0.001 1.042
0.002 0.070 2.523 56.125 6.283 0.010 0.002 1.042
0.003 0.101 3.085 56.204 6.283 0.010 0.003 1.042
0.004 0.137 3.648 56.322 6.283 0.010 0.004 1.042
0.006 0.180 4.213 56.486 6.283 0.010 0.006 1.042
0.008 0.227 4.780 56.703 6.283 0.010 0.008 1.042
0.011 0.281 5.350 56.981 6.283 0.010 0.011 1.042
0.014 0.340 5.923 57.326 6.283 0.010 0.014 1.042
0.018 0.405 6.501 57.745 6.283 0.010 0.018 1.042
0.023 0.476 7.083 58.246 6.283 0.010 0.023 1.042
0.029 0.553 7.672 58.833 6.283 0.010 0.029 1.042
0.035 0.635 8.267 59.513 6.283 0.010 0.035 1.042
0.042 0.721 8.587 31.986 6.283 0.010 0.042 1.042
0.050 0.807 8.629 4.290 6.283 0.010 0.050 1.042
0.059 0.894 8.677 4.763 6.283 0.010 0.059 1.042
0.069 0.982 8.729 5.226 6.283 0.010 0.069 1.042
0.080 1.069 8.786 5.679 6.282 0.010 0.080 1.042
0.091 1.158 8.847 6.122 6.282 0.010 0.091 1.042
0.104 1.247 8.913 6.554 6.282 0.010 0.104 1.042
0.117 1.337 8.983 6.975 6.282 0.010 0.117 1.042
0.131 1.427 9.057 7.386 6.281 0.010 0.131 1.042
0.147 1.519 9.134 7.786 6.281 0.010 0.147 1.042
0.163 1.611 9.216 8.177 6.280 0.010 0.163 1.042
0.180 1.704 9.302 8.557 6.280 0.010 0.180 1.041
0.198 1.798 9.391 8.929 6.279 0.010 0.198 1.041
0.217 1.893 9.484 9.293 6.278 0.010 0.217 1.041
0.236 1.988 9.580 9.649 6.277 0.010 0.236 1.041
0.257 2.085 9.680 9.999 6.276 0.010 0.257 1.041
0.279 2.183 9.784 10.343 6.275 0.010 0.279 1.041
0.302 2.282 9.891 10.683 6.274 0.010 0.302 1.041
0.326 2.382 10.001 11.020 6.272 0.010 0.326 1.040
0.351 2.483 10.114 11.354 6.270 0.010 0.351 1.040
0.376 2.585 10.231 11.686 6.269 0.010 0.376 1.040
0.403 2.689 10.352 12.018 6.267 0.010 0.403 1.039
0.431 2.794 10.475 12.351 6.264 0.010 0.431 1.039
0.460 2.900 10.602 12.684 6.262 0.010 0.460 1.038
0.490 3.007 10.732 13.019 6.259 0.010 0.490 1.038
0.522 3.116 10.866 13.355 6.256 0.010 0.521 1.037
0.554 3.226 11.003 13.693 6.253 0.010 0.554 1.036
0.587 3.337 11.143 14.031 6.250 0.010 0.587 1.035
0.622 3.450 11.287 14.370 6.246 0.010 0.622 1.034
0.657 3.564 11.434 14.707 6.242 0.010 0.657 1.032
0.694 3.680 11.584 15.040 6.238 0.010 0.694 1.031
0.732 3.798 11.738 15.366 6.234 0.010 0.732 1.029
0.771 3.917 11.894 15.683 6.229 0.010 0.771 1.027
0.812 4.037 12.054 15.984 6.223 0.010 0.811 1.025
0.853 4.159 12.217 16.265 6.218 0.010 0.853 1.022
0.896 4.283 12.382 16.518 6.212 0.010 0.896 1.019
0.940 4.409 12.549 16.734 6.205 0.010 0.939 1.016
0.985 4.536 12.719 16.904 6.198 0.010 0.985 1.012
1.032 4.665 12.889 17.016 6.191 0.010 1.031 1.008
1.080 4.795 13.059 17.056 6.183 0.010 1.079 1.003
1.129 4.928 13.229 17.009 6.175 0.010 1.128 0.998
1.180 5.062 13.398 16.855 6.167 0.010 1.178 0.993
1.232 5.197 13.564 16.577 6.158 0.010 1.230 0.986
1.285 5.334 13.725 16.149 6.148 0.010 1.283 0.979
1.340 5.473 13.881 15.550 6.138 0.010 1.337 0.972
1.396 5.613 14.028 14.751 6.127 0.010 1.392 0.963
1.454 5.755 14.165 13.724 6.116 0.010 1.449 0.954
1.513 5.898 14.290 12.440 6.104 0.010 1.507 0.944
1.573 6.042 14.399 10.869 6.091 0.010 1.567 0.933
1.635 6.187 14.488 8.979 6.078 0.010 1.627 0.920
1.698 6.332 14.556 6.744 6.065 0.010 1.689 0.907
1.763 6.478 14.597 4.136 6.051 0.010 1.752 0.893
1.829 6.625 14.608 1.137 6.036 0.010 1.817 0.877
1.897 6.770 14.586 -2.269 6.021 0.010 1.882 0.860
1.966 6.916 14.525 -6.086 6.005 0.010 1.949 0.841
2.037 7.060 14.422 -10.307 5.988 0.010 2.017 0.821
2.109 7.203 14.273 -14.913 5.971 0.010 2.085 0.800
2.182 7.343 14.074 -19.868 5.953 0.010 2.155 0.777
2.257 7.482 13.823 -25.117 5.935 0.010 2.226 0.752
2.333 7.617 13.517 -30.588 5.917 0.010 2.297 0.725
2.411 7.748 13.155 -36.192 5.897 0.010 2.369 0.697
2.489 7.876 12.737 -41.819 5.878 0.010 2.442 0.666
2.569 7.998 12.263 -47.346 5.858 0.010 2.515 0.634
2.651 8.116 11.737 -52.639 5.838 0.010 2.588 0.600
2.733 8.227 11.161 -57.559 5.817 0.010 2.662 0.564
2.816 8.333 10.542 -61.967 5.797 0.010 2.736 0.526
2.901 8.432 9.884 -65.733 5.776 0.010 2.810 0.485
2.986 8.523 9.197 -68.742 5.755 0.010 2.885 0.443
3.072 8.608 8.488 -70.903 5.734 0.010 2.958 0.399
3.159 8.686 7.766 -72.153 5.713 0.010 3.032 0.353
3.246 8.756 7.042 -72.463 5.692 0.010 3.105 0.305
3.334 8.820 6.323 -71.839 5.672 0.010 3.178 0.255
3.423 8.876 5.620 -70.322 5.652 0.010 3.250 0.203
3.512 8.925 4.940 -67.984 5.632 0.010 3.322 0.150
3.602 8.968 4.291 -64.926 5.612 0.010 3.392 0.095
3.692 9.005 3.678 -61.271 5.593 0.010 3.462 0.038
3.783 9.036 3.107 -57.155 5.575 0.010 3.532 -0.020
3.873 9.062 2.580 -52.721 5.557 0.010 3.600 -0.080
3.964 9.083 2.099 -48.112 5.539 0.010 3.667 -0.141
4.055 9.099 1.664 -43.465 5.522 0.010 3.734 -0.203
4.146 9.112 1.275 -38.904 5.506 0.010 3.799 -0.266
4.237 9.122 0.929 -34.540 5.491 0.010 3.864 -0.331
4.329 9.128 0.625 -30.465 5.476 0.010 3.927 -0.396
4.420 9.131 0.357 -26.754 5.463 0.010 3.990 -0.462
4.511 9.133 0.123 -23.464 5.450 0.010 4.052 -0.530
4.603 9.128 -0.408 -53.013 5.437 0.010 4.113 -0.598
4.694 9.116 -1.220 -81.287 5.426 0.010 4.173 -0.666
4.785 9.096 -1.987 -76.655 5.416 0.010 4.232 -0.735
4.875 9.069 -2.713 -72.584 5.406 0.010 4.290 -0.805
4.966 9.035 -3.404 -69.078 5.397 0.010 4.348 -0.874
5.056 8.995 -4.065 -66.118 5.389 0.010 4.404 -0.944
5.145 8.948 -4.702 -63.678 5.382 0.010 4.460 -1.014
5.234 8.894 -5.319 -61.717 5.376 0.010 4.515 -1.084
5.322 8.835 -5.921 -60.189 5.371 0.010 4.570 -1.154
5.410 8.770 -6.511 -59.041 5.367 0.010 4.623 -1.223
5.497 8.699 -7.093 -58.219 5.364 0.010 4.676 -1.292
5.583 8.622 -7.670 -57.665 5.362 0.010 4.728 -1.361
5.669 8.540 -8.243 -57.322 5.360 0.010 4.780 -1.429
5.753 8.452 -8.814 -57.131 5.360 0.010 4.831 -1.496
5.837 8.355 -9.659 -84.461 5.360 0.010 4.881 -1.563
5.919 8.250 -10.490 -83.121 5.362 0.010 4.931 -1.629
6.001 8.140 -11.040 -54.961 5.364 0.010 4.980 -1.694
6.081 8.024 -11.588 -54.771 5.367 0.010 5.029 -1.757
6.160 7.903 -12.132 -54.429 5.371 0.010 5.077 -1.820
6.238 7.776 -12.671 -53.878 5.376 0.010 5.125 -1.881
6.314 7.644 -13.201 -53.058 5.382 0.010 5.172 -1.941
6.389 7.507 -13.720 -51.913 5.389 0.010 5.219 -2.000
6.463 7.365 -14.224 -50.388 5.397 0.010 5.265 -2.057
6.535 7.218 -14.708 -48.431 5.406 0.010 5.311 -2.113
6.606 7.066 -15.168 -45.995 5.415 0.010 5.357 -2.167
6.675 6.910 -15.599 -43.040 5.426 0.010 5.402 -2.220
6.742 6.750 -15.994 -39.537 5.437 0.010 5.446 -2.270
6.808 6.586 -16.349 -35.470 5.449 0.010 5.490 -2.319
6.872 6.420 -16.657 -30.843 5.463 0.010 5.534 -2.367
6.935 6.253 -16.690 -3.299 5.476 0.010 5.576 -2.412
6.996 6.088 -16.458 23.203 5.491 0.010 5.619 -2.456
7.055 5.926 -16.191 26.720 5.506 0.010 5.661 -2.498
7.113 5.768 -15.887 30.428 5.522 0.010 5.702 -2.538
7.169 5.612 -15.542 34.502 5.539 0.010 5.743 -2.576
7.223 5.461 -15.153 38.865 5.556 0.010 5.784 -2.613
7.277 5.313 -14.719 43.426 5.574 0.010 5.824 -2.648
7.328 5.171 -14.238 48.075 5.593 0.010 5.863 -2.681
7.379 5.034 -13.711 52.686 5.612 0.010 5.902 -2.713
7.428 4.903 -13.140 57.124 5.632 0.010 5.941 -2.743
7.475 4.777 -12.528 61.246 5.651 0.010 5.979 -2.771
7.522 4.659 -11.879 64.907 5.672 0.010 6.017 -2.799
7.568 4.547 -11.199 67.972 5.692 0.010 6.055 -2.824
7.612 4.442 -10.496 70.319 5.713 0.010 6.092 -2.849
7.655 4.344 -9.777 71.845 5.734 0.010 6.129 -2.872
7.698 4.253 -9.052 72.478 5.755 0.010 6.165 -2.894
7.740 4.170 -8.331 72.177 5.776 0.010 6.201 -2.914
7.781 4.094 -7.621 70.935 5.796 0.010 6.237 -2.934
7.821 4.024 -6.933 68.781 5.817 0.010 6.273 -2.952
7.860 3.962 -6.276 65.779 5.838 0.010 6.309 -2.970
7.899 3.905 -5.655 62.018 5.858 0.010 6.344 -2.986
7.938 3.854 -5.079 57.614 5.878 0.010 6.379 -3.002
7.976 3.809 -4.552 52.697 5.897 0.010 6.415 -3.016
8.014 3.768 -4.078 47.405 5.916 0.010 6.450 -3.030
8.051 3.731 -3.660 41.877 5.935 0.010 6.485 -3.043
8.088 3.698 -3.297 36.249 5.953 0.010 6.519 -3.056
8.125 3.669 -2.991 30.643 5.971 0.010 6.554 -3.067
8.161 3.641 -2.739 25.168 5.988 0.010 6.589 -3.078
8.197 3.616 -2.540 19.916 6.004 0.010 6.624 -3.088
8.233 3.592 -2.390 14.957 6.020 0.010 6.658 -3.098
8.269 3.569 -2.287 10.347 6.036 0.010 6.693 -3.107
8.304 3.547 -2.226 6.121 6.051 0.010 6.727 -3.115
8.340 3.525 -2.203 2.299 6.065 0.010 6.762 -3.123
8.375 3.503 -2.214 -1.111 6.078 0.010 6.796 -3.131
8.409 3.480 -2.255 -4.114 6.091 0.010 6.830 -3.137
8.444 3.457 -2.322 -6.725 6.104 0.010 6.864 -3.144
8.478 3.433 -2.412 -8.964 6.116 0.010 6.898 -3.150
8.512 3.407 -2.520 -10.857 6.127 0.010 6.931 -3.155
8.546 3.381 -2.645 -12.432 6.138 0.010 6.965 -3.160
8.580 3.353 -2.782 -13.718 6.148 0.010 6.998 -3.165
8.613 3.324 -2.929 -14.747 6.157 0.010 7.031 -3.169
8.646 3.293 -3.085 -15.548 6.167 0.010 7.064 -3.173
8.679 3.261 -3.246 -16.148 6.175 0.010 7.096 -3.177
8.711 3.227 -3.412 -16.577 6.183 0.010 7.128 -3.180
8.743 3.191 -3.581 -16.857 6.191 0.010 7.160 -3.183
8.774 3.153 -3.751 -17.011 6.198 0.010 7.191 -3.186
8.805 3.114 -3.921 -17.059 6.205 0.010 7.222 -3.189
8.836 3.073 -4.091 -17.019 6.212 0.010 7.253 -3.191
8.866 3.030 -4.260 -16.908 6.218 0.010 7.283 -3.193
8.896 2.986 -4.428 -16.738 6.223 0.010 7.313 -3.195
8.926 2.940 -4.593 -16.522 6.229 0.010 7.342 -3.197
8.955 2.893 -4.756 -16.269 6.233 0.010 7.371 -3.198
8.983 2.844 -4.916 -15.989 6.238 0.010 7.400 -3.199
9.011 2.793 -5.073 -15.687 6.242 0.010 7.428 -3.201
9.038 2.741 -5.226 -15.371 6.246 0.010 7.455 -3.202
9.065 2.687 -5.377 -15.044 6.250 0.010 7.482 -3.203
9.092 2.632 -5.524 -14.711 6.253 0.010 7.508 -3.204
9.117 2.575 -5.668 -14.374 6.256 0.010 7.534 -3.204
9.142 2.517 -5.808 -14.035 6.259 0.010 7.559 -3.205
9.167 2.457 -5.945 -13.697 6.262 0.010 7.584 -3.205
9.191 2.397 -6.078 -13.359 6.264 0.010 7.608 -3.206
9.214 2.334 -6.209 -13.023 6.267 0.010 7.631 -3.206
9.237 2.271 -6.336 -12.688 6.269 0.010 7.654 -3.207
9.259 2.207 -6.459 -12.355 6.270 0.010 7.676 -3.207
9.281 2.141 -6.579 -12.022 6.272 0.010 7.697 -3.207
9.301 2.074 -6.696 -11.690 6.274 0.010 7.718 -3.207
9.321 2.006 -6.810 -11.357 6.275 0.010 7.738 -3.208
9.341 1.936 -6.920 -11.023 6.276 0.010 7.757 -3.208
9.359 1.866 -7.027 -10.687 6.277 0.010 7.776 -3.208
9.377 1.795 -7.130 -10.347 6.278 0.010 7.794 -3.208
9.395 1.723 -7.230 -10.002 6.279 0.010 7.811 -3.208
9.411 1.649 -7.327 -9.653 6.280 0.010 7.828 -3.208
9.427 1.575 -7.420 -9.296 6.280 0.010 7.843 -3.208
9.442 1.500 -7.509 -8.933 6.281 0.010 7.858 -3.208
9.456 1.424 -7.595 -8.561 6.281 0.010 7.873 -3.208
9.470 1.347 -7.677 -8.180 6.282 0.010 7.886 -3.208
9.482 1.270 -7.755 -7.790 6.282 0.010 7.899 -3.208
9.494 1.191 -7.828 -7.390 6.282 0.010 7.911 -3.208
9.505 1.113 -7.898 -6.979 6.282 0.010 7.922 -3.208
9.516 1.033 -7.964 -6.558 6.283 0.010 7.932 -3.208
9.525 0.953 -8.025 -6.126 6.283 0.010 7.942 -3.208
9.534 0.872 -8.082 -5.684 6.283 0.010 7.950 -3.208
9.542 0.790 -8.134 -5.231 6.283 0.010 7.958 -3.208
9.549 0.709 -8.182 -4.768 6.283 0.010 7.965 -3.208
9.555 0.626 -8.225 -4.295 6.283 0.010 7.972 -3.208
9.561 0.547 -7.987 23.774 6.283 0.010 7.977 -3.208
9.565 0.472 -7.464 52.285 6.283 0.010 7.982 -3.208
9.569 0.403 -6.932 53.239 6.283 0.010 7.986 -3.208
9.573 0.339 -6.394 53.827 6.283 0.010 7.989 -3.208
9.575 0.280 -5.850 54.329 6.283 0.010 7.992 -3.208
9.578 0.227 -5.303 54.749 6.283 0.010 7.994 -3.208
9.580 0.180 -4.752 55.095 6.283 0.010 7.996 -3.208
9.581 0.138 -4.198 55.373 6.283 0.010 7.997 -3.208
9.582 0.101 -3.642 55.591 6.283 0.010 7.998 -3.208
9.583 0.070 -3.085 55.755 6.283 0.010 7.999 -3.208
9.583 0.045 -2.526 55.873 6.283 0.010 8.000 -3.208
9.583 0.025 -1.966 55.953 6.283 0.010 8.000 -3.208
9.583 0.011 -1.406 56.002 6.283 0.010 8.000 -3.208
9.583 0.003 -0.846 56.027 6.283 0.010 8.000 -3.208
9.583 0.000 -0.286 56.037 0.000 0.010 8.000 -3.208
9.583 0.000 -0.003 28.295 0.000 0.010 8.000 -3.208
0.000 0.006 0.560 56.039 6.283 0.010 0.000 -1.042
0.000 0.011 0.560 -0.002 6.283 0.010 0.000 -1.042
0.000 0.025 1.401 84.047 6.283 0.010 0.000 -1.042
0.001 0.045 1.961 56.002 6.283 0.010 0.001 -1.042
0.002 0.070 2.520 55.954 6.283 0.010 0.002 -1.042
0.003 0.101 3.079 55.874 6.283 0.010 0.003 -1.042
0.004 0.137 3.637 55.757 6.283 0.010 0.004 -1.042
0.006 0.179 4.193 55.593 6.283 0.010 0.006 -1.042
0.008 0.227 4.746 55.376 6.283 0.010 0.008 -1.042
0.011 0.280 5.297 55.098 6.283 0.010 0.011 -1.042
0.014 0.338 5.845 54.753 6.283 0.010 0.014 -1.042
0.018 0.402 6.388 54.333 6.283 0.010 0.018 -1.042
0.023 0.471 6.927 53.833 6.283 0.010 0.023 -1.042
0.028 0.546 7.459 53.246 6.283 0.010 0.028 -1.042
0.035 0.626 7.985 52.566 6.283 0.010 0.035 -1.042
0.042 0.708 8.225 24.054 6.283 0.010 0.042 -1.042
0.050 0.790 8.182 -4.290 6.283 0.010 0.050 -1.042
0.058 0.871 8.135 -4.763 6.283 0.010 0.058 -1.042
0.068 0.952 8.082 -5.226 6.283 0.010 0.068 -1.042
0.078 1.032 8.026 -5.679 6.282 0.010 0.078 -1.042
0.089 1.112 7.964 -6.122 6.282 0.010 0.089 -1.042
0.101 1.191 7.899 -6.554 6.282 0.010 0.101 -1.042
0.114 1.269 7.829 -6.975 6.282 0.010 0.114 -1.042
0.127 1.347 7.755 -7.386 6.281 0.010 0.127 -1.042
0.142 1.423 7.677 -7.786 6.281 0.010 0.142 -1.042
0.157 1.499 7.596 -8.177 6.280 0.010 0.157 -1.042
0.172 1.574 7.510 -8.557 6.280 0.010 0.172 -1.042
0.189 1.649 7.421 -8.929 6.279 0.010 0.189 -1.042
0.206 1.722 7.328 -9.293 6.278 0.010 0.206 -1.042
0.224 1.794 7.231 -9.649 6.277 0.010 0.224 -1.042
0.243 1.866 7.131 -9.999 6.276 0.010 0.243 -1.042
0.262 1.936 7.028 -10.343 6.275 0.010 0.262 -1.042
0.282 2.005 6.921 -10.683 6.274 0.010 0.282 -1.043
0.303 2.073 6.811 -11.020 6.272 0.010 0.303 -1.043
0.324 2.140 6.697 -11.354 6.270 0.010 0.324 -1.043
0.346 2.206 6.580 -11.687 6.269 0.010 0.346 -1.043
0.369 2.270 6.460 -12.019 6.267 0.010 0.369 -1.044
0.392 2.334 6.337 -12.351 6.264 0.010 0.392 -1.044
0.416 2.396 6.210 -12.685 6.262 0.010 0.416 -1.045
0.441 2.457 6.080 -13.019 6.259 0.010 0.441 -1.045
0.466 2.516 5.946 -13.356 6.256 0.010 0.466 -1.046
0.492 2.574 5.809 -13.693 6.253 0.010 0.492 -1.046
0.518 2.631 5.669 -14.032 6.250 0.010 0.518 -1.047
0.545 2.686 5.525 -14.370 6.246 0.010 0.545 -1.048
0.572 2.740 5.378 -14.708 6.242 0.010 0.572 -1.049
0.600 2.792 5.228 -15.041 6.238 0.010 0.600 -1.051
0.629 2.843 5.074 -15.368 6.234 0.010 0.628 -1.052
0.657 2.892 4.917 -15.684 6.229 0.010 0.657 -1.053
0.687 2.940 4.757 -15.986 6.223 0.010 0.687 -1.055
0.717 2.986 4.595 -16.267 6.218 0.010 0.716 -1.057
0.747 3.030 4.429 -16.520 6.212 0.010 0.747 -1.059
0.778 3.073 4.262 -16.736 6.205 0.010 0.777 -1.061
0.809 3.114 4.093 -16.907 6.198 0.010 0.808 -1.064
0.840 3.153 3.923 -17.019 6.191 0.010 0.840 -1.067
0.872 3.190 3.752 -17.059 6.183 0.010 0.872 -1.070
0.905 3.226 3.582 -17.012 6.175 0.010 0.904 -1.073
0.937 3.260 3.414 -16.859 6.167 0.010 0.936 -1.077
0.970 3.293 3.248 -16.580 6.158 0.010 0.969 -1.081
1.003 3.324 3.086 -16.154 6.148 0.010 1.002 -1.085
1.037 3.353 2.931 -15.554 6.138 0.010 1.035 -1.090
1.071 3.381 2.783 -14.756 6.127 0.010 1.068 -1.095
1.105 3.407 2.646 -13.730 6.116 0.010 1.102 -1.100
1.139 3.432 2.521 -12.446 6.104 0.010 1.136 -1.106
1.174 3.457 2.413 -10.874 6.091 0.010 1.170 -1.112
1.208 3.480 2.323 -8.985 6.078 0.010 1.204 -1.119
1.243 3.502 2.255 -6.749 6.065 0.010 1.238 -1.127
1.279 3.524 2.214 -4.142 6.051 0.010 1.272 -1.135
1.314 3.547 2.202 -1.142 6.036 0.010 1.307 -1.143
1.350 3.569 2.225 2.263 6.021 0.010 1.341 -1.152
1.386 3.592 2.286 6.081 6.005 0.010 1.376 -1.162
1.422 3.616 2.389 10.303 5.988 0.010 1.411 -1.172
1.458 3.641 2.538 14.910 5.971 0.010 1.445 -1.183
1.495 3.668 2.737 19.865 5.953 0.010 1.480 -1.194
1.532 3.698 2.988 25.115 5.935 0.010 1.515 -1.207
1.569 3.731 3.294 30.588 5.917 0.010 1.550 -1.220
1.607 3.768 3.656 36.193 5.897 0.010 1.585 -1.233
1.645 3.808 4.074 41.822 5.878 0.010 1.620 -1.248
1.684 3.854 4.547 47.351 5.858 0.010 1.656 -1.264
1.723 3.905 5.074 52.646 5.838 0.010 1.691 -1.280
1.762 3.961 5.650 57.568 5.817 0.010 1.726 -1.298
1.803 4.024 6.269 61.978 5.797 0.010 1.762 -1.316
1.843 4.093 6.927 65.745 5.776 0.010 1.798 -1.336
1.885 4.169 7.614 68.756 5.755 0.010 1.834 -1.356
1.928 4.252 8.323 70.918 5.734 0.010 1.871 -1.378
1.971 4.343 9.045 72.169 5.713 0.010 1.908 -1.401
2.016 4.441 9.770 72.480 5.692 0.010 1.945 -1.425
2.061 4.545 10.489 71.856 5.672 0.010 1.982 -1.451
2.108 4.657 11.192 70.338 5.652 0.010 2.020 -1.478
2.155 4.776 11.872 67.999 5.632 0.010 2.058 -1.507
2.204 4.901 12.521 64.941 5.612 0.010 2.097 -1.537
2.255 5.033 13.134 61.285 5.593 0.010 2.136 -1.569
2.306 5.170 13.706 57.167 5.575 0.010 2.176 -1.602
2.359 5.312 14.233 52.731 5.557 0.010 2.216 -1.637
2.414 5.459 14.714 48.121 5.539 0.010 2.256 -1.673
2.470 5.611 15.149 43.472 5.522 0.010 2.297 -1.712
2.528 5.766 15.538 38.909 5.506 0.010 2.339 -1.752
2.587 5.925 15.884 34.544 5.491 0.010 2.381 -1.794
2.648 6.087 16.188 30.467 5.476 0.010 2.423 -1.837
2.710 6.251 16.456 26.755 5.463 0.010 2.466 -1.883
2.775 6.418 16.690 23.463 5.450 0.010 2.509 -1.930
2.840 6.585 16.660 -3.027 5.437 0.010 2.553 -1.979
2.908 6.748 16.352 -30.794 5.426 0.010 2.598 -2.030
2.977 6.908 15.998 -35.428 5.416 0.010 2.643 -2.082
3.048 7.064 15.603 -39.500 5.406 0.010 2.688 -2.136
3.120 7.216 15.173 -43.008 5.397 0.010 2.734 -2.192
3.193 7.363 14.713 -45.968 5.389 0.010 2.780 -2.249
3.269 7.506 14.229 -48.410 5.382 0.010 2.827 -2.308
3.345 7.643 13.725 -50.371 5.376 0.010 2.875 -2.368
3.423 7.775 13.206 -51.900 5.371 0.010 2.922 -2.429
3.502 7.902 12.676 -53.048 5.367 0.010 2.971 -2.492
3.582 8.023 12.137 -53.871 5.364 0.010 3.019 -2.556
3.663 8.139 11.593 -54.425 5.362 0.010 3.069 -2.620
3.746 8.249 11.045 -54.769 5.360 0.010 3.118 -2.686
3.829 8.354 10.496 -54.959 5.360 0.010 3.169 -2.753
3.914 8.451 9.665 -83.117 5.360 0.010 3.220 -2.820
3.999 8.539 8.820 -84.457 5.362 0.010 3.271 -2.888
4.086 8.622 8.249 -57.130 5.364 0.010 3.324 -2.957
4.173 8.698 7.675 -57.319 5.367 0.010 3.376 -3.026
4.260 8.769 7.099 -57.661 5.371 0.010 3.430 -3.095
4.349 8.835 6.517 -58.212 5.376 0.010 3.484 -3.165
4.437 8.894 5.926 -59.032 5.382 0.010 3.539 -3.235
4.527 8.947 5.325 -60.176 5.389 0.010 3.595 -3.305
4.617 8.994 4.708 -61.700 5.397 0.010 3.652 -3.375
4.707 9.035 4.071 -63.657 5.406 0.010 3.709 -3.445
4.798 9.069 3.410 -66.092 5.415 0.010 3.767 -3.514
4.889 9.096 2.720 -69.046 5.426 0.010 3.827 -3.583
4.980 9.116 1.994 -72.547 5.437 0.010 3.887 -3.652
5.071 9.128 1.228 -76.612 5.449 0.010 3.948 -3.720
5.163 9.133 0.416 -81.238 5.463 0.010 4.009 -3.787
5.254 9.131 -0.117 -53.293 5.476 0.010 4.072 -3.853
5.345 9.128 -0.355 -23.756 5.491 0.010 4.136 -3.919
5.436 9.122 -0.622 -26.719 5.506 0.010 4.200 -3.983
5.528 9.112 -0.926 -30.426 5.522 0.010 4.266 -4.047
5.619 9.100 -1.271 -34.498 5.539 0.010 4.332 -4.109
5.709 9.083 -1.660 -38.860 5.556 0.010 4.399 -4.170
5.800 9.062 -2.094 -43.419 5.574 0.010 4.468 -4.229
5.890 9.036 -2.575 -48.066 5.593 0.010 4.537 -4.288
5.980 9.005 -3.101 -52.676 5.612 0.010 4.607 -4.344
6.070 8.969 -3.673 -57.112 5.632 0.010 4.678 -4.399
6.159 8.926 -4.285 -61.232 5.651 0.010 4.749 -4.453
6.248 8.876 -4.934 -64.893 5.672 0.010 4.821 -4.504
6.336 8.820 -5.613 -67.957 5.692 0.010 4.894 -4.554
6.424 8.757 -6.316 -70.302 5.713 0.010 4.967 -4.602
6.511 8.687 -7.035 -71.829 5.734 0.010 5.041 -4.649
6.597 8.609 -7.759 -72.462 5.755 0.010 5.115 -4.693
6.682 8.524 -8.481 -72.161 5.776 0.010 5.189 -4.735
6.766 8.432 -9.190 -70.920 5.796 0.010 5.263 -4.775
6.850 8.334 -9.878 -68.768 5.817 0.010 5.337 -4.813
6.932 8.228 -10.535 -65.767 5.838 0.010 5.411 -4.850
7.013 8.117 -11.156 -62.008 5.858 0.010 5.484 -4.884
7.093 7.999 -11.732 -57.606 5.878 0.010 5.558 -4.916
7.172 7.877 -12.258 -52.690 5.897 0.010 5.630 -4.946
7.250 7.750 -12.732 -47.400 5.916 0.010 5.702 -4.975
7.326 7.618 -13.151 -41.874 5.935 0.010 5.774 -5.002
7.401 7.483 -13.514 -36.248 5.953 0.010 5.844 -5.027
7.474 7.345 -13.820 -30.643 5.971 0.010 5.914 -5.050
7.546 7.204 -14.072 -25.170 5.988 0.010 5.983 -5.071
7.617 7.061 -14.271 -19.918 6.004 0.010 6.050 -5.091
7.686 6.917 -14.421 -14.960 6.020 0.010 6.117 -5.110
7.754 6.772 -14.524 -10.351 6.036 0.010 6.183 -5.127
7.820 6.626 -14.585 -6.125 6.051 0.010 6.247 -5.143
7.885 6.480 -14.608 -2.305 6.065 0.010 6.310 -5.157
7.948 6.334 -14.597 1.105 6.078 0.010 6.372 -5.170
8.010 6.188 -14.556 4.109 6.091 0.010 6.433 -5.183
8.070 6.043 -14.489 6.720 6.104 0.010 6.492 -5.194
8.129 5.899 -14.399 8.958 6.116 0.010 6.550 -5.204
8.187 5.757 -14.291 10.852 6.127 0.010 6.607 -5.213
8.243 5.615 -14.167 12.426 6.138 0.010 6.663 -5.222
8.298 5.475 -14.030 13.713 6.148 0.010 6.717 -5.229
8.351 5.336 -13.882 14.742 6.157 0.010 6.770 -5.236
8.403 5.199 -13.727 15.543 6.167 0.010 6.821 -5.243
8.454 5.063 -13.565 16.145 6.175 0.010 6.872 -5.248
8.503 4.929 -13.400 16.573 6.183 0.010 6.921 -5.253
8.551 4.797 -13.231 16.853 6.191 0.010 6.968 -5.258
8.598 4.666 -13.061 17.008 6.198 0.010 7.015 -5.262
8.643 4.537 -12.890 17.056 6.205 0.010 7.060 -5.266
8.687 4.410 -12.720 17.017 6.212 0.010 7.104 -5.269
8.730 4.284 -12.551 16.906 6.218 0.010 7.147 -5.272
8.771 4.160 -12.384 16.736 6.223 0.010 7.188 -5.275
8.812 4.038 -12.219 16.520 6.229 0.010 7.229 -5.277
8.851 3.918 -12.056 16.268 6.233 0.010 7.268 -5.279
8.889 3.799 -11.896 15.987 6.238 0.010 7.306 -5.281
8.926 3.681 -11.739 15.686 6.242 0.010 7.342 -5.282
8.962 3.566 -11.585 15.370 6.246 0.010 7.378 -5.284
8.996 3.451 -11.435 15.043 6.250 0.010 7.413 -5.285
9.029 3.338 -11.288 14.710 6.253 0.010 7.446 -5.286
9.062 3.227 -11.144 14.373 6.256 0.010 7.478 -5.287
9.093 3.117 -11.004 14.035 6.259 0.010 7.509 -5.288
9.123 3.008 -10.867 13.696 6.262 0.010 7.539 -5.288
9.152 2.901 -10.733 13.358 6.264 0.010 7.568 -5.289
9.180 2.795 -10.603 13.022 6.267 0.010 7.596 -5.289
9.207 2.690 -10.476 12.688 6.269 0.010 7.623 -5.290
9.233 2.586 -10.353 12.354 6.270 0.010 7.649 -5.290
9.257 2.484 -10.232 12.022 6.272 0.010 7.674 -5.290
9.281 2.383 -10.116 11.690 6.274 0.010 7.698 -5.291
9.304 2.283 -10.002 11.357 6.275 0.010 7.721 -5.291
9.326 2.184 -9.892 11.023 6.276 0.010 7.742 -5.291
9.347 2.086 -9.785 10.687 6.277 0.010 7.763 -5.291
9.367 1.989 -9.681 10.347 6.278 0.010 7.783 -5.291
9.386 1.894 -9.581 10.002 6.279 0.010 7.802 -5.291
9.404 1.799 -9.485 9.653 6.280 0.010 7.820 -5.291
9.421 1.705 -9.392 9.296 6.280 0.010 7.837 -5.292
9.437 1.612 -9.303 8.933 6.281 0.010 7.853 -5.292
9.452 1.520 -9.217 8.561 6.281 0.010 7.869 -5.292
9.466 1.428 -9.135 8.180 6.282 0.010 7.883 -5.292
9.480 1.338 -9.057 7.790 6.282 0.010 7.896 -5.292
9.492 1.248 -8.983 7.390 6.282 0.010 7.909 -5.292
9.504 1.159 -8.914 6.979 6.282 0.010 7.920 -5.292
9.514 1.070 -8.848 6.558 6.283 0.010 7.931 -5.292
9.524 0.982 -8.787 6.126 6.283 0.010 7.941 -5.292
9.533 0.895 -8.730 5.684 6.283 0.010 7.950 -5.292
9.541 0.808 -8.678 5.231 6.283 0.010 7.958 -5.292
9.549 0.722 -8.630 4.768 6.283 0.010 7.965 -5.292
9.555 0.636 -8.587 4.295 6.283 0.010 7.971 -5.292
9.560 0.553 -8.270 31.713 6.283 0.010 7.977 -5.292
9.565 0.477 -7.677 59.242 6.283 0.010 7.982 -5.292
9.569 0.406 -7.089 58.840 6.283 0.010 7.986 -5.292
9.573 0.341 -6.507 58.251 6.283 0.010 7.989 -5.292
9.575 0.281 -5.929 57.750 6.283 0.010 7.992 -5.292
9.578 0.228 -5.356 57.330 6.283 0.010 7.994 -5.292
9.580 0.180 -4.786 56.984 6.283 0.010 7.996 -5.292
9.581 0.138 -4.219 56.705 6.283 0.010 7.997 -5.292
9.582 0.101 -3.654 56.488 6.283 0.010 7.998 -5.292
9.583 0.070 -3.091 56.324 6.283 0.010 7.999 -5.292
9.583 0.045 -2.529 56.205 6.283 0.010 8.000 -5.292
9.583 0.025 -1.967 56.126 6.283 0.010 8.000 -5.292
9.583 0.011 -1.407 56.077 6.283 0.010 8.000 -5.292
9.583 0.003 -0.846 56.052 6.283 0.010 8.000 -5.292
9.583 0.000 -0.286 56.042 0.000 0.010 8.000 -5.292
9.583 0.000 -0.003 28.296 0.000 0.010 8.000 -5.292
