RightLeftScale2
587
0.000 0.006 0.597 59.701 0.000 0.010 0.000 1.042
0.000 0.012 0.597 -0.000 0.000 0.010 0.000 1.042
0.000 0.027 1.493 89.552 0.000 0.010 0.000 1.042
0.001 0.048 2.090 59.701 0.000 0.010 0.001 1.042
0.002 0.075 2.687 59.701 0.000 0.010 0.002 1.042
0.003 0.107 3.284 59.701 0.000 0.010 0.003 1.042
0.004 0.146 3.881 59.701 0.000 0.010 0.004 1.042
0.006 0.191 4.478 59.701 0.000 0.010 0.006 1.042
0.009 0.242 5.075 59.701 0.000 0.010 0.009 1.042
0.011 0.299 5.672 59.701 0.000 0.010 0.011 1.042
0.015 0.358 5.970 29.851 0.000 0.010 0.015 1.042
0.019 0.418 5.970 -0.000 0.000 0.010 0.019 1.042
0.024 0.478 5.970 0.000 0.000 0.010 0.024 1.042
0.029 0.537 5.970 -0.000 0.000 0.010 0.029 1.042
0.035 0.597 5.970 -0.000 0.000 0.010 0.035 1.042
0.042 0.657 5.970 0.000 0.000 0.010 0.042 1.042
0.049 0.716 5.970 0.000 0.000 0.010 0.049 1.042
0.057 0.776 5.970 -0.000 0.000 0.010 0.057 1.042
0.065 0.836 5.970 0.000 0.000 0.010 0.065 1.042
0.074 0.896 5.970 -0.000 0.000 0.010 0.074 1.042
0.084 0.955 5.970 0.000 0.000 0.010 0.084 1.042
0.094 1.015 5.970 0.000 0.000 0.010 0.094 1.042
0.105 1.075 5.970 -0.000 0.000 0.010 0.105 1.042
0.116 1.134 5.970 -0.000 0.000 0.010 0.116 1.042
0.128 1.194 5.970 0.000 0.000 0.010 0.128 1.042
0.140 1.254 5.970 -0.000 0.000 0.010 0.140 1.042
0.154 1.313 5.970 0.000 0.000 0.010 0.154 1.042
0.167 1.373 5.970 0.000 0.000 0.010 0.167 1.042
0.182 1.433 5.970 -0.000 0.000 0.010 0.182 1.042
0.197 1.493 5.970 0.000 0.000 0.010 0.197 1.042
0.212 1.552 5.970 -0.000 0.000 0.010 0.212 1.042
0.228 1.612 5.970 0.000 0.000 0.010 0.228 1.042
0.245 1.672 5.970 -0.000 0.000 0.010 0.245 1.042
0.262 1.731 5.970 0.000 0.000 0.010 0.262 1.042
0.280 1.791 5.970 0.000 0.000 0.010 0.280 1.042
0.299 1.851 5.970 0.000 0.000 0.010 0.299 1.042
0.318 1.910 5.970 -0.000 0.000 0.010 0.318 1.042
0.337 1.970 5.970 -0.000 0.000 0.010 0.337 1.042
0.358 2.030 5.970 0.000 0.000 0.010 0.358 1.042
0.379 2.090 5.970 0.000 0.000 0.010 0.379 1.042
0.400 2.149 5.970 -0.000 0.000 0.010 0.400 1.042
0.422 2.209 5.970 0.000 0.000 0.010 0.422 1.042
0.445 2.269 5.970 0.000 0.000 0.010 0.445 1.042
0.468 2.328 5.970 -0.000 0.000 0.010 0.468 1.042
0.492 2.388 5.970 0.000 0.000 0.010 0.492 1.042
0.517 2.448 5.970 -0.000 0.000 0.010 0.517 1.042
0.542 2.507 5.970 0.000 0.000 0.010 0.542 1.042
0.567 2.567 5.970 -0.000 0.000 0.010 0.567 1.042
0.594 2.627 5.970 0.000 0.000 0.010 0.594 1.042
0.620 2.687 5.970 -0.000 0.000 0.010 0.620 1.042
0.648 2.746 5.970 0.000 0.000 0.010 0.648 1.042
0.676 2.806 5.970 -0.000 0.000 0.010 0.676 1.042
0.705 2.866 5.970 -0.000 0.000 0.010 0.705 1.042
0.734 2.925 5.970 -0.000 0.000 0.010 0.734 1.042
0.764 2.985 5.970 0.000 0.000 0.010 0.764 1.042
0.794 3.045 5.970 -0.000 0.000 0.010 0.794 1.042
0.825 3.104 5.970 0.000 0.000 0.010 0.825 1.042
0.857 3.164 5.970 -0.000 0.000 0.010 0.857 1.042
0.889 3.224 5.970 0.000 0.000 0.010 0.889 1.042
0.922 3.284 5.970 0.000 0.000 0.010 0.922 1.042
0.955 3.343 5.970 -0.000 0.000 0.010 0.955 1.042
0.989 3.403 5.970 0.000 0.000 0.010 0.989 1.042
1.024 3.463 5.970 0.000 0.000 0.010 1.024 1.042
1.059 3.522 5.970 -0.000 0.000 0.010 1.059 1.042
1.095 3.582 5.970 0.000 0.000 0.010 1.095 1.042
1.131 3.642 5.970 0.000 0.000 0.010 1.131 1.042
1.169 3.701 5.970 -0.000 0.000 0.010 1.169 1.042
1.206 3.761 5.970 0.000 0.000 0.010 1.206 1.042
1.244 3.821 5.970 -0.000 0.000 0.010 1.244 1.042
1.283 3.881 5.970 -0.000 0.000 0.010 1.283 1.042
1.323 3.940 5.970 0.000 0.000 0.010 1.323 1.042
1.363 4.000 5.970 0.000 0.000 0.010 1.363 1.042
1.403 4.060 5.970 0.000 0.000 0.010 1.403 1.042
1.444 4.119 5.970 0.000 0.000 0.010 1.444 1.042
1.486 4.179 5.970 -0.000 0.000 0.010 1.486 1.042
1.529 4.239 5.970 0.000 0.000 0.010 1.529 1.042
1.571 4.299 5.970 0.000 0.000 0.010 1.571 1.042
1.615 4.358 5.970 -0.000 0.000 0.010 1.615 1.042
1.659 4.418 5.970 0.000 0.000 0.010 1.659 1.042
1.704 4.478 5.970 -0.000 0.000 0.010 1.704 1.042
1.749 4.537 5.970 -0.000 0.000 0.010 1.749 1.042
1.795 4.597 5.970 0.000 0.000 0.010 1.795 1.042
1.842 4.657 5.970 -0.000 0.000 0.010 1.842 1.042
1.889 4.716 5.970 0.000 0.000 0.010 1.889 1.042
1.937 4.776 5.970 -0.000 0.000 0.010 1.937 1.042
1.985 4.836 5.970 0.000 0.000 0.010 1.985 1.042
2.034 4.896 5.970 -0.000 0.000 0.010 2.034 1.042
2.084 4.955 5.970 0.000 0.000 0.010 2.084 1.042
2.134 5.015 5.970 -0.000 0.000 0.010 2.134 1.042
2.185 5.075 5.970 0.000 0.000 0.010 2.185 1.042
2.236 5.134 5.970 -0.000 0.000 0.010 2.236 1.042
2.288 5.194 5.970 0.000 0.000 0.010 2.288 1.042
2.340 5.254 5.970 -0.000 0.000 0.010 2.340 1.042
2.394 5.313 5.970 0.000 0.000 0.010 2.394 1.042
2.447 5.373 5.970 0.000 0.000 0.010 2.447 1.042
2.502 5.433 5.970 -0.000 0.000 0.010 2.502 1.042
2.557 5.493 5.970 0.000 0.000 0.010 2.557 1.042
2.612 5.552 5.970 -0.000 0.000 0.010 2.612 1.042
2.668 5.612 5.970 -0.000 0.000 0.010 2.668 1.042
2.725 5.672 5.970 0.000 0.000 0.010 2.725 1.042
2.782 5.731 5.970 -0.000 0.000 0.010 2.782 1.042
2.840 5.791 5.970 0.000 0.000 0.010 2.840 1.042
2.899 5.851 5.970 -0.000 0.000 0.010 2.899 1.042
2.958 5.910 5.970 0.000 0.000 0.010 2.958 1.042
3.017 5.970 5.970 0.000 0.000 0.010 3.017 1.042
3.078 6.030 5.970 -0.000 0.000 0.010 3.078 1.042
3.139 6.090 5.970 0.000 0.000 0.010 3.139 1.042
3.200 6.149 5.970 0.000 0.000 0.010 3.200 1.042
3.262 6.209 5.970 -0.000 0.000 0.010 3.262 1.042
3.325 6.269 5.970 0.000 0.000 0.010 3.325 1.042
3.388 6.328 5.970 -0.000 0.000 0.010 3.388 1.042
3.452 6.388 5.970 0.000 0.000 0.010 3.452 1.042
3.517 6.448 5.970 0.000 0.000 0.010 3.517 1.042
3.582 6.507 5.970 0.000 0.000 0.010 3.582 1.042
3.647 6.567 5.970 -0.000 0.000 0.010 3.647 1.042
3.714 6.627 5.970 0.000 0.000 0.010 3.714 1.042
3.780 6.687 5.970 -0.000 0.000 0.010 3.780 1.042
3.848 6.746 5.970 0.000 0.000 0.010 3.848 1.042
3.916 6.806 5.970 -0.000 0.000 0.010 3.916 1.042
3.985 6.866 5.970 -0.000 0.000 0.010 3.985 1.042
4.054 6.925 5.970 0.000 0.000 0.010 4.054 1.042
4.124 6.985 5.970 0.000 0.000 0.010 4.124 1.042
4.194 7.045 5.970 -0.000 0.000 0.010 4.194 1.042
4.265 7.104 5.970 0.000 0.000 0.010 4.265 1.042
4.337 7.164 5.970 -0.000 0.000 0.010 4.337 1.042
4.409 7.224 5.970 0.000 0.000 0.010 4.409 1.042
4.482 7.284 5.970 0.000 0.000 0.010 4.482 1.042
4.555 7.343 5.970 -0.000 0.000 0.010 4.555 1.042
4.629 7.403 5.970 -0.000 0.000 0.010 4.629 1.042
4.704 7.463 5.970 0.000 0.000 0.010 4.704 1.042
4.779 7.522 5.970 0.000 0.000 0.010 4.779 1.042
4.855 7.582 5.970 -0.000 0.000 0.010 4.855 1.042
4.931 7.642 5.970 0.000 0.000 0.010 4.931 1.042
5.009 7.701 5.970 0.000 0.000 0.010 5.009 1.042
5.086 7.758 5.672 -29.851 0.000 0.010 5.086 1.042
5.164 7.809 5.075 -59.701 0.000 0.010 5.164 1.042
5.243 7.854 4.478 -59.701 0.000 0.010 5.243 1.042
5.322 7.893 3.881 -59.701 0.000 0.010 5.322 1.042
5.401 7.925 3.284 -59.701 0.000 0.010 5.401 1.042
5.480 7.952 2.687 -59.701 0.000 0.010 5.480 1.042
5.560 7.973 2.090 -59.701 0.000 0.010 5.560 1.042
5.640 7.988 1.493 -59.701 0.000 0.010 5.640 1.042
5.720 7.997 0.896 -59.701 0.000 0.010 5.720 1.042
5.800 8.000 0.299 -59.701 0.000 0.010 5.800 1.042
5.880 8.000 -0.000 -29.851 0.000 0.010 5.880 1.042
5.960 8.000 0.000 0.000 0.000 0.010 5.960 1.042
6.040 8.000 0.000 0.000 0.000 0.010 6.040 1.042
6.120 8.000 0.000 0.000 0.000 0.010 6.120 1.042
6.200 8.000 -0.000 -0.000 0.000 0.010 6.200 1.042
6.280 8.000 0.000 0.000 0.000 0.010 6.280 1.042
6.360 8.000 0.000 -0.000 0.000 0.010 6.360 1.042
6.440 8.000 0.000 0.000 0.000 0.010 6.440 1.042
6.520 8.000 0.000 0.000 0.000 0.010 6.520 1.042
6.600 8.000 0.000 0.000 0.000 0.010 6.600 1.042
6.680 8.000 0.000 0.000 0.000 0.010 6.680 1.042
6.760 8.000 0.000 0.000 0.000 0.010 6.760 1.042
6.840 8.000 0.000 0.000 0.000 0.010 6.840 1.042
6.920 8.000 0.000 0.000 0.000 0.010 6.920 1.042
7.000 8.000 0.000 0.000 0.000 0.010 7.000 1.042
7.080 8.000 0.000 0.000 0.000 0.010 7.080 1.042
7.160 8.000 0.000 0.000 0.000 0.010 7.160 1.042
7.240 8.000 0.000 0.000 0.000 0.010 7.240 1.042
7.320 8.000 0.000 0.000 0.000 0.010 7.320 1.042
7.400 8.000 -0.000 -0.000 0.000 0.010 7.400 1.042
7.480 8.000 0.000 0.000 0.000 0.010 7.480 1.042
7.560 8.000 0.000 -0.000 0.000 0.010 7.560 1.042
7.640 8.000 0.000 0.000 0.000 0.010 7.640 1.042
7.720 8.000 0.000 0.000 0.000 0.010 7.720 1.042
7.800 8.000 0.000 0.000 0.000 0.010 7.800 1.042
7.880 8.000 0.000 0.000 0.000 0.010 7.880 1.042
7.960 8.000 0.000 0.000 0.000 0.010 7.960 1.042
8.040 8.000 0.000 0.000 0.000 0.010 8.040 1.042
8.120 8.000 0.000 0.000 0.000 0.010 8.120 1.042
8.200 8.000 0.000 0.000 0.000 0.010 8.200 1.042
8.280 8.000 0.000 0.000 0.000 0.010 8.280 1.042
8.360 8.000 0.000 0.000 0.000 0.010 8.360 1.042
8.440 8.000 0.000 0.000 0.000 0.010 8.440 1.042
8.520 8.000 0.000 0.000 0.000 0.010 8.520 1.042
8.600 8.000 0.000 0.000 0.000 0.010 8.600 1.042
8.680 8.000 0.000 0.000 0.000 0.010 8.680 1.042
8.760 8.000 0.000 0.000 0.000 0.010 8.760 1.042
8.840 8.000 0.000 0.000 0.000 0.010 8.840 1.042
8.920 8.000 0.000 0.000 0.000 0.010 8.920 1.042
9.000 8.000 0.000 0.000 0.000 0.010 9.000 1.042
9.080 8.000 0.000 0.000 0.000 0.010 9.080 1.042
9.160 8.000 0.000 0.000 0.000 0.010 9.160 1.042
9.240 8.000 0.000 0.000 0.000 0.010 9.240 1.042
9.320 8.000 0.000 0.000 0.000 0.010 9.320 1.042
9.400 8.000 0.000 0.000 0.000 0.010 9.400 1.042
9.480 8.000 0.000 0.000 0.000 0.010 9.480 1.042
9.560 8.000 0.000 0.000 0.000 0.010 9.560 1.042
9.640 8.000 0.000 0.000 0.000 0.010 9.640 1.042
9.720 8.000 0.000 0.000 0.000 0.010 9.720 1.042
9.800 8.000 0.000 0.000 0.000 0.010 9.800 1.042
9.880 8.000 0.000 0.000 0.000 0.010 9.880 1.042
9.960 8.000 -0.000 -0.000 0.000 0.010 9.960 1.042
10.040 8.002 0.188 18.822 6.283 0.010 10.040 1.042
10.120 8.015 1.309 112.056 6.283 0.010 10.120 1.042
10.200 8.030 1.477 16.773 6.283 0.010 10.200 1.042
10.281 8.044 1.459 -1.789 6.282 0.010 10.281 1.042
10.361 8.059 1.444 -1.439 6.282 0.010 10.361 1.041
10.442 8.073 1.433 -1.104 6.281 0.010 10.442 1.041
10.523 8.087 1.425 -0.781 6.280 0.010 10.523 1.041
10.604 8.102 1.421 -0.467 6.279 0.010 10.604 1.041
10.685 8.116 1.419 -0.163 6.278 0.010 10.685 1.040
10.767 8.130 1.420 0.136 6.277 0.010 10.767 1.040
10.848 8.144 1.425 0.430 6.275 0.010 10.848 1.039
10.930 8.159 1.432 0.722 6.274 0.010 10.930 1.039
11.011 8.173 1.442 1.012 6.272 0.010 11.011 1.038
11.093 8.187 1.455 1.302 6.271 0.010 11.093 1.037
11.175 8.202 1.471 1.594 6.269 0.010 11.175 1.036
11.257 8.217 1.490 1.888 6.266 0.010 11.257 1.035
11.340 8.232 1.512 2.187 6.264 0.010 11.340 1.033
11.422 8.248 1.537 2.492 6.262 0.010 11.422 1.031
11.505 8.263 1.565 2.805 6.259 0.010 11.505 1.030
11.588 8.279 1.596 3.126 6.257 0.010 11.588 1.028
11.671 8.295 1.631 3.458 6.254 0.010 11.670 1.025
11.754 8.312 1.669 3.801 6.251 0.010 11.754 1.023
11.837 8.329 1.710 4.158 6.248 0.010 11.837 1.020
11.920 8.347 1.755 4.530 6.244 0.010 11.920 1.017
12.004 8.365 1.805 4.920 6.241 0.010 12.004 1.013
12.088 8.383 1.858 5.328 6.237 0.010 12.088 1.010
12.172 8.403 1.916 5.758 6.233 0.010 12.171 1.006
12.256 8.422 1.978 6.209 6.229 0.010 12.256 1.001
12.341 8.443 2.045 6.687 6.225 0.010 12.340 0.996
12.425 8.464 2.116 7.192 6.221 0.010 12.424 0.991
12.510 8.486 2.194 7.728 6.216 0.010 12.509 0.986
12.595 8.509 2.277 8.295 6.211 0.010 12.594 0.980
12.681 8.532 2.366 8.898 6.206 0.010 12.679 0.974
12.766 8.557 2.461 9.541 6.201 0.010 12.764 0.967
12.852 8.583 2.563 10.225 6.195 0.010 12.850 0.959
12.938 8.609 2.673 10.952 6.189 0.010 12.936 0.952
13.024 8.637 2.790 11.730 6.183 0.010 13.021 0.943
13.111 8.666 2.916 12.561 6.177 0.010 13.108 0.934
13.198 8.697 3.050 13.445 6.170 0.010 13.194 0.925
13.285 8.729 3.194 14.390 6.163 0.010 13.281 0.915
13.373 8.762 3.348 15.402 6.156 0.010 13.368 0.904
13.461 8.797 3.513 16.477 6.148 0.010 13.455 0.892
13.549 8.834 3.689 17.628 6.140 0.010 13.542 0.880
13.638 8.873 3.878 18.851 6.132 0.010 13.630 0.867
13.727 8.914 4.079 20.156 6.123 0.010 13.718 0.853
13.817 8.957 4.295 21.540 6.114 0.010 13.807 0.838
13.907 9.002 4.525 23.008 6.104 0.010 13.895 0.823
13.997 9.050 4.770 24.561 6.094 0.010 13.984 0.806
14.088 9.100 5.032 26.195 6.083 0.010 14.074 0.789
14.180 9.153 5.311 27.911 6.072 0.010 14.163 0.770
14.272 9.209 5.608 29.701 6.061 0.010 14.253 0.750
14.365 9.269 5.924 31.554 6.048 0.010 14.343 0.729
14.458 9.331 6.259 33.458 6.036 0.010 14.434 0.707
14.552 9.397 6.612 35.393 6.022 0.010 14.525 0.683
14.646 9.467 6.986 37.327 6.008 0.010 14.616 0.658
14.742 9.541 7.378 39.230 5.993 0.010 14.708 0.631
14.838 9.619 7.788 41.044 5.978 0.010 14.800 0.603
14.935 9.701 8.216 42.714 5.961 0.010 14.892 0.573
15.033 9.788 8.657 44.159 5.944 0.010 14.985 0.542
15.132 9.879 9.110 45.278 5.926 0.010 15.078 0.508
15.231 9.974 9.569 45.953 5.907 0.010 15.171 0.472
15.332 10.075 10.030 46.039 5.887 0.010 15.264 0.434
15.434 10.179 10.484 45.364 5.866 0.010 15.358 0.394
15.537 10.289 10.921 43.729 5.845 0.010 15.451 0.351
15.641 10.402 11.330 40.914 5.821 0.010 15.545 0.306
15.746 10.519 11.697 36.671 5.797 0.010 15.638 0.258
15.853 10.639 12.004 30.747 5.772 0.010 15.732 0.207
15.960 10.761 12.233 22.891 5.745 0.010 15.825 0.153
16.069 10.885 12.362 12.873 5.718 0.010 15.918 0.096
16.179 11.009 12.367 0.519 5.689 0.010 16.010 0.036
16.290 11.131 12.224 -14.256 5.659 0.010 16.101 -0.028
16.403 11.250 11.910 -31.416 5.628 0.010 16.191 -0.095
16.517 11.364 11.403 -50.743 5.595 0.010 16.280 -0.165
16.631 11.471 10.684 -71.832 5.562 0.010 16.368 -0.240
16.747 11.568 9.744 -94.034 5.528 0.010 16.453 -0.318
16.863 11.654 8.579 -116.487 5.493 0.010 16.537 -0.399
16.981 11.726 7.198 -138.132 5.457 0.010 16.618 -0.484
17.099 11.782 5.620 -157.792 5.421 0.010 16.696 -0.572
17.217 11.821 3.877 -174.257 5.384 0.010 16.771 -0.663
17.335 11.841 2.013 -186.435 5.347 0.010 16.843 -0.757
17.454 11.842 0.079 -193.457 5.310 0.010 16.912 -0.854
17.572 11.823 -1.869 -194.802 5.273 0.010 16.976 -0.953
17.690 11.785 -3.773 -190.364 5.237 0.010 17.037 -1.054
17.807 11.730 -5.578 -180.466 5.201 0.010 17.094 -1.156
17.924 11.657 -7.236 -165.816 5.166 0.010 17.147 -1.260
18.039 11.570 -8.710 -147.417 5.132 0.010 17.196 -1.365
18.154 11.471 -9.975 -126.440 5.098 0.010 17.241 -1.470
18.268 11.360 -11.015 -104.095 5.066 0.010 17.282 -1.576
18.380 11.242 -11.831 -81.518 5.035 0.010 17.319 -1.682
18.491 11.118 -12.427 -59.677 5.005 0.010 17.353 -1.788
18.601 10.990 -12.821 -39.332 4.976 0.010 17.383 -1.894
18.710 10.859 -13.031 -21.008 4.949 0.010 17.410 -1.999
18.817 10.728 -13.081 -5.013 4.923 0.010 17.434 -2.104
18.923 10.598 -12.996 8.535 4.898 0.010 17.455 -2.208
19.028 10.470 -12.799 19.666 4.874 0.010 17.473 -2.311
19.131 10.345 -12.514 28.520 4.852 0.010 17.488 -2.413
19.233 10.224 -12.161 35.304 4.830 0.010 17.501 -2.515
19.334 10.106 -11.758 40.268 4.810 0.010 17.512 -2.615
19.434 9.993 -11.321 43.668 4.791 0.010 17.521 -2.715
19.533 9.884 -10.864 45.759 4.773 0.010 17.528 -2.813
19.631 9.780 -10.396 46.778 4.756 0.010 17.533 -2.911
19.728 9.681 -9.927 46.939 4.740 0.010 17.536 -3.008
19.824 9.586 -9.462 46.428 4.724 0.010 17.538 -3.104
19.919 9.496 -9.008 45.405 4.710 0.010 17.539 -3.198
20.013 9.411 -8.568 44.002 4.696 0.010 17.538 -3.293
20.106 9.329 -8.145 42.331 4.684 0.010 17.536 -3.386
20.198 9.252 -7.740 40.480 4.672 0.010 17.532 -3.478
20.290 9.178 -7.355 38.520 4.660 0.010 17.528 -3.570
20.381 9.108 -6.990 36.505 4.650 0.010 17.523 -3.661
20.472 9.042 -6.645 34.482 4.640 0.010 17.517 -3.751
20.562 8.979 -6.320 32.477 4.630 0.010 17.510 -3.841
20.651 8.919 -6.015 30.521 4.621 0.010 17.502 -3.930
20.739 8.861 -5.729 28.626 4.613 0.010 17.494 -4.018
20.827 8.807 -5.461 26.806 4.605 0.010 17.485 -4.105
20.915 8.755 -5.210 25.068 4.598 0.010 17.475 -4.192
21.002 8.705 -4.976 23.416 4.591 0.010 17.465 -4.279
21.089 8.657 -4.757 21.853 4.585 0.010 17.454 -4.365
21.175 8.612 -4.554 20.378 4.579 0.010 17.443 -4.450
21.260 8.568 -4.364 18.990 4.574 0.010 17.431 -4.535
21.346 8.526 -4.187 17.686 4.569 0.010 17.419 -4.619
21.431 8.486 -4.022 16.464 4.564 0.010 17.407 -4.703
21.515 8.447 -3.869 15.321 4.560 0.010 17.394 -4.787
21.599 8.410 -3.726 14.252 4.556 0.010 17.381 -4.870
21.683 8.374 -3.594 13.254 4.552 0.010 17.368 -4.953
21.766 8.339 -3.471 12.324 4.549 0.010 17.355 -5.035
21.849 8.306 -3.356 11.456 4.546 0.010 17.341 -5.117
21.932 8.273 -3.250 10.649 4.543 0.010 17.327 -5.198
22.014 8.242 -3.151 9.898 4.541 0.010 17.313 -5.280
22.097 8.211 -3.059 9.200 4.539 0.010 17.299 -5.361
22.178 8.182 -2.973 8.553 4.537 0.010 17.285 -5.441
22.260 8.153 -2.894 7.954 4.536 0.010 17.271 -5.521
22.341 8.124 -2.820 7.401 4.535 0.010 17.256 -5.601
22.422 8.097 -2.751 6.890 4.534 0.010 17.242 -5.681
22.503 8.070 -2.686 6.422 4.533 0.010 17.228 -5.761
22.583 8.044 -2.627 5.993 4.533 0.010 17.213 -5.840
22.663 8.018 -2.571 5.602 4.533 0.010 17.199 -5.919
22.743 7.993 -2.518 5.249 4.533 0.010 17.185 -5.997
22.823 7.968 -2.469 4.931 4.533 0.010 17.171 -6.076
22.902 7.944 -2.422 4.650 4.533 0.010 17.156 -6.154
22.982 7.920 -2.378 4.403 4.534 0.010 17.142 -6.232
23.061 7.897 -2.336 4.192 4.535 0.010 17.128 -6.309
23.139 7.874 -2.296 4.015 4.536 0.010 17.114 -6.387
23.218 7.851 -2.257 3.873 4.538 0.010 17.101 -6.464
23.296 7.829 -2.220 3.767 4.539 0.010 17.087 -6.541
23.374 7.807 -2.183 3.697 4.541 0.010 17.074 -6.618
23.452 7.786 -2.146 3.664 4.543 0.010 17.061 -6.695
23.530 7.765 -2.109 3.669 4.546 0.010 17.048 -6.772
23.607 7.744 -2.072 3.713 4.548 0.010 17.035 -6.848
23.684 7.724 -2.034 3.798 4.551 0.010 17.022 -6.924
23.761 7.704 -1.995 3.925 4.554 0.010 17.010 -7.000
23.838 7.684 -1.954 4.096 4.557 0.010 16.998 -7.076
23.915 7.665 -1.911 4.313 4.560 0.010 16.986 -7.152
23.991 7.646 -1.865 4.578 4.563 0.010 16.975 -7.227
24.068 7.628 -1.816 4.892 4.567 0.010 16.964 -7.303
24.144 7.611 -1.764 5.258 4.571 0.010 16.953 -7.378
24.220 7.594 -1.707 5.678 4.574 0.010 16.942 -7.453
24.296 7.577 -1.645 6.154 4.579 0.010 16.932 -7.528
24.371 7.561 -1.578 6.688 4.583 0.010 16.922 -7.603
24.447 7.546 -1.506 7.281 4.587 0.010 16.912 -7.678
24.522 7.532 -1.426 7.936 4.592 0.010 16.903 -7.753
24.597 7.519 -1.340 8.653 4.596 0.010 16.894 -7.828
24.672 7.506 -1.245 9.435 4.601 0.010 16.886 -7.902
24.747 7.495 -1.143 10.280 4.606 0.010 16.878 -7.977
24.822 7.484 -1.031 11.189 4.611 0.010 16.870 -8.051
24.897 7.475 -0.909 12.161 4.616 0.010 16.862 -8.126
24.971 7.467 -0.777 13.195 4.621 0.010 16.855 -8.200
25.046 7.461 -0.634 14.289 4.626 0.010 16.849 -8.274
25.121 7.456 -0.480 15.439 4.631 0.010 16.842 -8.349
25.195 7.453 -0.313 16.642 4.637 0.010 16.837 -8.423
25.270 7.452 -0.135 17.891 4.642 0.010 16.831 -8.497
25.344 7.452 0.057 19.180 4.647 0.010 16.826 -8.572
25.419 7.455 0.262 20.502 4.652 0.010 16.821 -8.646
25.493 7.460 0.481 21.845 4.657 0.010 16.817 -8.720
25.568 7.467 0.713 23.201 4.663 0.010 16.813 -8.795
25.643 7.477 0.958 24.556 4.668 0.010 16.810 -8.870
25.718 7.489 1.217 25.896 4.673 0.010 16.807 -8.944
25.793 7.504 1.489 27.207 4.677 0.010 16.804 -9.019
25.868 7.521 1.774 28.472 4.682 0.010 16.801 -9.095
25.943 7.542 2.071 29.672 4.686 0.010 16.799 -9.170
26.019 7.566 2.379 30.789 4.690 0.010 16.797 -9.246
26.095 7.593 2.697 31.802 4.694 0.010 16.796 -9.322
26.171 7.623 3.024 32.690 4.698 0.010 16.795 -9.398
26.248 7.657 3.358 33.430 4.701 0.010 16.794 -9.474
26.325 7.694 3.698 34.000 4.704 0.010 16.793 -9.551
26.402 7.734 4.042 34.375 4.707 0.010 16.792 -9.629
26.480 7.778 4.387 34.532 4.709 0.010 16.792 -9.706
26.558 7.825 4.731 34.447 4.711 0.010 16.792 -9.785
26.637 7.876 5.072 34.097 4.712 0.010 16.792 -9.863
26.716 7.930 5.407 33.458 4.712 0.010 16.792 -9.943
26.796 7.985 5.492 8.472 4.713 0.010 16.792 -10.023
26.876 8.000 1.537 -395.435 4.713 0.010 16.792 -10.103
26.956 8.001 0.037 -150.020 4.713 0.010 16.792 -10.183
27.036 8.001 0.032 -0.486 4.713 0.010 16.792 -10.263
27.116 8.001 0.028 -0.465 4.713 0.010 16.792 -10.343
27.196 8.002 0.023 -0.444 4.713 0.010 16.792 -10.423
27.276 8.002 0.019 -0.423 4.713 0.010 16.792 -10.503
27.356 8.002 0.015 -0.402 4.712 0.010 16.792 -10.583
27.436 8.002 0.011 -0.382 4.712 0.010 16.792 -10.663
27.516 8.002 0.007 -0.361 4.712 0.010 16.792 -10.743
27.596 8.002 0.004 -0.340 4.712 0.010 16.792 -10.823
27.676 8.002 0.001 -0.319 4.712 0.010 16.792 -10.903
27.756 8.002 -0.002 -0.298 4.712 0.010 16.792 -10.983
27.836 8.002 -0.005 -0.277 4.712 0.010 16.792 -11.063
27.916 8.002 -0.007 -0.256 4.712 0.010 16.792 -11.143
27.996 8.002 -0.010 -0.235 4.712 0.010 16.792 -11.223
28.076 8.002 -0.012 -0.214 4.712 0.010 16.792 -11.303
28.156 8.002 -0.014 -0.193 4.712 0.010 16.792 -11.383
28.236 8.001 -0.016 -0.172 4.712 0.010 16.792 -11.463
28.316 8.001 -0.017 -0.151 4.712 0.010 16.792 -11.543
28.396 8.001 -0.018 -0.130 4.712 0.010 16.792 -11.623
28.476 8.001 -0.019 -0.109 4.712 0.010 16.792 -11.703
28.556 8.001 -0.020 -0.088 4.712 0.010 16.792 -11.783
28.636 8.000 -0.021 -0.067 4.712 0.010 16.792 -11.863
28.716 8.000 -0.021 -0.046 4.712 0.010 16.792 -11.943
28.796 8.000 -0.022 -0.025 4.712 0.010 16.792 -12.023
28.876 8.000 -0.022 -0.005 4.712 0.010 16.792 -12.103
28.956 8.000 -0.022 0.016 4.712 0.010 16.792 -12.183
29.036 7.999 -0.021 0.037 4.712 0.010 16.792 -12.263
29.116 7.999 -0.021 0.058 4.712 0.010 16.792 -12.343
29.196 7.999 -0.020 0.079 4.712 0.010 16.792 -12.423
29.276 7.999 -0.019 0.100 4.712 0.010 16.792 -12.503
29.356 7.999 -0.018 0.121 4.712 0.010 16.792 -12.583
29.436 7.998 -0.016 0.142 4.712 0.010 16.792 -12.663
29.516 7.998 -0.015 0.163 4.712 0.010 16.792 -12.743
29.596 7.998 -0.013 0.184 4.712 0.010 16.792 -12.823
29.676 7.998 -0.011 0.205 4.712 0.010 16.792 -12.903
29.756 7.998 -0.008 0.226 4.712 0.010 16.792 -12.983
29.836 7.998 -0.006 0.247 4.712 0.010 16.792 -13.063
29.916 7.998 -0.003 0.268 4.712 0.010 16.792 -13.143
29.996 7.998 -0.000 0.289 4.712 0.010 16.792 -13.223
30.076 7.998 0.003 0.310 4.712 0.010 16.792 -13.303
30.156 7.998 0.006 0.331 4.712 0.010 16.792 -13.383
30.236 7.998 0.009 0.352 4.712 0.010 16.792 -13.463
30.316 7.998 0.013 0.372 4.713 0.010 16.792 -13.543
30.396 7.998 0.017 0.393 4.713 0.010 16.792 -13.623
30.476 7.999 0.021 0.414 4.713 0.010 16.792 -13.703
30.556 7.999 0.026 0.435 4.713 0.010 16.792 -13.783
30.636 7.999 0.030 0.456 4.713 0.010 16.792 -13.863
30.716 8.000 0.035 0.477 4.713 0.010 16.792 -13.943
30.796 7.990 -0.989 -102.428 4.713 0.010 16.792 -14.022
30.874 7.804 -18.529 -1754.001 4.715 0.010 16.792 -14.101
30.949 7.563 -24.144 -561.433 4.719 0.010 16.792 -14.176
31.023 7.325 -23.754 38.979 4.725 0.010 16.793 -14.249
31.094 7.086 -23.950 -19.595 4.734 0.010 16.794 -14.320
31.162 6.839 -24.694 -74.389 4.745 0.010 16.796 -14.389
31.228 6.579 -25.977 -128.297 4.759 0.010 16.798 -14.454
31.291 6.300 -27.903 -192.675 4.775 0.010 16.802 -14.517
31.351 5.994 -30.615 -271.142 4.794 0.010 16.806 -14.577
31.407 5.654 -34.005 -338.997 4.817 0.010 16.811 -14.633
31.460 5.275 -37.941 -393.658 4.842 0.010 16.817 -14.686
31.508 4.850 -42.424 -448.285 4.872 0.010 16.824 -14.734
31.552 4.376 -47.409 -498.502 4.906 0.010 16.832 -14.777
31.591 3.848 -52.772 -536.280 4.945 0.010 16.840 -14.814
31.623 3.266 -58.255 -548.332 4.989 0.010 16.848 -14.846
31.650 2.632 -63.401 -514.607 5.038 0.010 16.856 -14.871
31.669 1.957 -67.482 -408.036 5.094 0.010 16.863 -14.890
31.682 1.263 -69.446 -196.398 5.155 0.010 16.868 -14.901
31.688 0.582 -68.055 139.073 5.223 0.010 16.871 -14.906
31.688 0.039 -54.268 1378.682 5.296 0.010 16.870 -14.906
31.694 0.547 50.783 10505.131 5.373 0.010 16.867 -14.902
31.702 0.888 34.128 -1665.482 5.453 0.010 16.861 -14.895
31.713 1.024 13.554 -2057.467 5.534 0.010 16.854 -14.888
31.722 0.941 -8.254 -2180.745 5.613 0.010 16.847 -14.881
31.729 0.660 -28.182 -1992.784 5.689 0.010 16.842 -14.877
31.731 0.222 -43.740 -1555.803 5.760 0.010 16.840 -14.876
31.734 0.315 9.313 5305.304 5.826 0.010 16.843 -14.878
31.743 0.900 58.421 4910.778 5.885 0.010 16.851 -14.881
31.758 1.487 58.759 33.787 5.938 0.010 16.865 -14.887
31.778 2.048 56.113 -264.640 5.985 0.010 16.884 -14.893
31.804 2.565 51.712 -440.031 6.027 0.010 16.909 -14.900
31.834 3.030 46.500 -521.235 6.064 0.010 16.938 -14.907
31.869 3.442 41.109 -539.119 6.096 0.010 16.972 -14.914
31.907 3.801 35.918 -519.082 6.124 0.010 17.009 -14.921
31.948 4.112 31.126 -479.240 6.148 0.010 17.050 -14.927
31.992 4.380 26.813 -431.299 6.169 0.010 17.094 -14.932
32.038 4.610 22.990 -382.222 6.188 0.010 17.139 -14.937
32.086 4.806 19.632 -335.794 6.204 0.010 17.187 -14.941
32.136 4.973 16.694 -293.814 6.218 0.010 17.237 -14.945
32.187 5.115 14.125 -256.917 6.230 0.010 17.288 -14.948
32.239 5.233 11.874 -225.091 6.240 0.010 17.340 -14.950
32.292 5.332 9.894 -198.003 6.249 0.010 17.394 -14.952
32.347 5.414 8.142 -175.174 6.257 0.010 17.448 -14.954
32.401 5.479 6.581 -156.091 6.263 0.010 17.502 -14.955
32.457 5.531 5.179 -140.254 6.268 0.010 17.558 -14.956
32.512 5.570 3.907 -127.204 6.272 0.010 17.613 -14.957
32.568 5.598 2.742 -116.529 6.275 0.010 17.669 -14.958
32.625 5.614 1.663 -107.863 6.278 0.010 17.726 -14.958
32.681 5.621 0.654 -100.886 6.280 0.010 17.782 -14.958
32.737 5.618 -0.299 -95.313 6.281 0.010 17.838 -14.958
32.793 5.606 -1.208 -90.888 6.282 0.010 17.894 -14.958
32.849 5.585 -2.082 -87.381 6.283 0.010 17.950 -14.958
32.904 5.556 -2.928 -84.583 0.000 0.010 18.005 -14.958
32.960 5.518 -3.751 -82.296 0.000 0.010 18.061 -14.958
33.014 5.473 -4.554 -80.339 0.000 0.010 18.115 -14.958
33.068 5.419 -5.339 -78.539 0.000 0.010 18.169 -14.958
33.122 5.358 -6.107 -76.735 0.000 0.010 18.223 -14.958
33.175 5.288 -6.978 -87.135 0.000 0.010 18.276 -14.958
33.227 5.203 -8.569 -159.083 0.000 0.010 18.328 -14.958
33.278 5.107 -9.600 -103.152 0.001 0.010 18.379 -14.958
33.328 5.003 -10.376 -77.610 0.002 0.010 18.429 -14.958
33.377 4.893 -11.026 -64.959 0.003 0.010 18.478 -14.958
33.425 4.777 -11.561 -53.479 0.006 0.010 18.526 -14.958
33.471 4.657 -11.992 -43.076 0.008 0.010 18.572 -14.958
33.517 4.534 -12.328 -33.650 0.011 0.010 18.618 -14.957
33.561 4.408 -12.579 -25.094 0.015 0.010 18.662 -14.957
33.604 4.281 -12.752 -17.303 0.020 0.010 18.705 -14.956
33.645 4.152 -12.854 -10.178 0.025 0.010 18.746 -14.955
33.685 4.023 -12.890 -3.626 0.031 0.010 18.786 -14.954
33.724 3.895 -12.866 2.435 0.037 0.010 18.825 -14.952
33.762 3.767 -12.785 8.075 0.045 0.010 18.863 -14.951
33.798 3.640 -12.651 13.353 0.052 0.010 18.899 -14.949
33.833 3.515 -12.468 18.311 0.061 0.010 18.934 -14.947
33.867 3.393 -12.239 22.980 0.070 0.010 18.968 -14.945
33.900 3.273 -11.965 27.374 0.079 0.010 19.001 -14.942
33.932 3.157 -11.650 31.498 0.090 0.010 19.032 -14.940
33.962 3.044 -11.296 35.342 0.100 0.010 19.063 -14.937
33.991 2.935 -10.908 38.886 0.111 0.010 19.092 -14.934
34.020 2.830 -10.486 42.105 0.123 0.010 19.120 -14.931
34.047 2.730 -10.037 44.963 0.135 0.010 19.147 -14.927
34.073 2.634 -9.563 47.427 0.147 0.010 19.173 -14.923
34.099 2.543 -9.068 49.459 0.160 0.010 19.198 -14.919
34.123 2.458 -8.558 51.027 0.173 0.010 19.222 -14.915
34.147 2.377 -8.037 52.102 0.186 0.010 19.246 -14.911
34.170 2.302 -7.510 52.665 0.199 0.010 19.268 -14.907
34.193 2.232 -6.983 52.705 0.212 0.010 19.290 -14.902
34.214 2.168 -6.461 52.223 0.226 0.010 19.311 -14.897
34.235 2.108 -5.948 51.232 0.239 0.010 19.332 -14.893
34.256 2.054 -5.451 49.757 0.252 0.010 19.352 -14.888
34.276 2.004 -4.973 47.833 0.266 0.010 19.371 -14.882
34.295 1.959 -4.518 45.506 0.279 0.010 19.390 -14.877
34.315 1.918 -4.089 42.827 0.291 0.010 19.408 -14.872
34.333 1.881 -3.691 39.857 0.304 0.010 19.426 -14.866
34.352 1.848 -3.324 36.656 0.317 0.010 19.444 -14.861
34.370 1.818 -2.991 33.287 0.329 0.010 19.461 -14.855
34.388 1.791 -2.693 29.813 0.340 0.010 19.478 -14.849
34.406 1.767 -2.430 26.291 0.352 0.010 19.495 -14.843
34.423 1.745 -2.202 22.776 0.363 0.010 19.511 -14.837
34.440 1.725 -2.009 19.316 0.374 0.010 19.527 -14.831
34.457 1.706 -1.850 15.951 0.384 0.010 19.543 -14.824
34.474 1.689 -1.723 12.715 0.394 0.010 19.559 -14.818
34.491 1.673 -1.626 9.637 0.404 0.010 19.574 -14.811
34.508 1.657 -1.559 6.737 0.413 0.010 19.589 -14.805
34.524 1.642 -1.519 4.028 0.421 0.010 19.604 -14.798
34.540 1.627 -1.503 1.518 0.430 0.010 19.619 -14.792
34.556 1.612 -1.511 -0.788 0.437 0.010 19.634 -14.785
34.572 1.596 -1.540 -2.892 0.445 0.010 19.648 -14.778
34.588 1.580 -1.588 -4.798 0.452 0.010 19.663 -14.771
34.604 1.564 -1.653 -6.513 0.458 0.010 19.677 -14.764
34.619 1.547 -1.734 -8.045 0.464 0.010 19.690 -14.757
34.635 1.528 -1.828 -9.404 0.470 0.010 19.704 -14.750
34.650 1.509 -1.934 -10.601 0.475 0.010 19.717 -14.744
34.665 1.488 -2.050 -11.647 0.480 0.010 19.731 -14.737
34.679 1.467 -2.176 -12.553 0.485 0.010 19.744 -14.730
34.694 1.444 -2.309 -13.330 0.489 0.010 19.756 -14.723
34.708 1.419 -2.449 -13.988 0.493 0.010 19.769 -14.716
34.722 1.393 -2.594 -14.535 0.497 0.010 19.781 -14.710
34.735 1.366 -2.744 -14.981 0.500 0.010 19.793 -14.703
34.749 1.337 -2.898 -15.332 0.503 0.010 19.805 -14.697
34.762 1.306 -3.053 -15.597 0.506 0.010 19.816 -14.691
34.775 1.274 -3.211 -15.779 0.508 0.010 19.828 -14.684
34.787 1.240 -3.370 -15.885 0.510 0.010 19.838 -14.678
34.799 1.205 -3.529 -15.919 0.512 0.010 19.849 -14.672
34.811 1.168 -3.688 -15.884 0.514 0.010 19.859 -14.667
34.822 1.130 -3.846 -15.783 0.516 0.010 19.869 -14.661
34.833 1.090 -4.002 -15.619 0.517 0.010 19.878 -14.656
34.843 1.048 -4.156 -15.393 0.518 0.010 19.887 -14.651
34.854 1.005 -4.307 -15.107 0.519 0.010 19.896 -14.646
34.863 0.961 -4.455 -14.763 0.520 0.010 19.905 -14.641
34.872 0.915 -4.598 -14.361 0.521 0.010 19.912 -14.636
34.881 0.867 -4.737 -13.904 0.521 0.010 19.920 -14.632
34.889 0.819 -4.871 -13.392 0.522 0.010 19.927 -14.628
34.897 0.769 -5.000 -12.826 0.522 0.010 19.934 -14.624
34.904 0.717 -5.122 -12.209 0.523 0.010 19.940 -14.621
34.911 0.665 -5.237 -11.542 0.523 0.010 19.946 -14.617
34.917 0.611 -5.345 -10.826 0.523 0.010 19.951 -14.614
34.922 0.557 -5.446 -10.064 0.523 0.010 19.956 -14.611
34.927 0.502 -5.539 -9.259 0.523 0.010 19.960 -14.609
34.932 0.445 -5.623 -8.414 0.523 0.010 19.964 -14.607
34.936 0.388 -5.698 -7.531 0.524 0.010 19.967 -14.605
34.939 0.331 -5.764 -6.614 0.524 0.010 19.970 -14.603
34.942 0.274 -5.704 6.023 0.524 0.010 19.973 -14.602
34.944 0.220 -5.336 36.790 0.524 0.010 19.975 -14.601
34.946 0.173 -4.776 56.024 0.524 0.010 19.976 -14.600
34.947 0.131 -4.204 57.143 0.524 0.010 19.977 -14.599
34.948 0.094 -3.624 58.011 0.524 0.010 19.978 -14.599
34.949 0.064 -3.038 58.657 0.524 0.010 19.979 -14.598
34.949 0.039 -2.447 59.113 0.524 0.010 19.979 -14.598
34.949 0.021 -1.853 59.411 0.524 0.010 19.979 -14.598
34.949 0.008 -1.257 59.585 0.524 0.010 19.979 -14.598
34.949 0.002 -0.660 59.669 0.524 0.010 19.979 -14.598
34.949 0.000 -0.181 47.922 0.524 0.010 19.979 -14.598
0.000 0.006 0.597 59.701 0.000 0.010 0.000 -1.042
0.000 0.012 0.597 -0.000 0.000 0.010 0.000 -1.042
0.000 0.027 1.493 89.552 0.000 0.010 0.000 -1.042
0.001 0.048 2.090 59.701 0.000 0.010 0.001 -1.042
0.002 0.075 2.687 59.701 0.000 0.010 0.002 -1.042
0.003 0.107 3.284 59.701 0.000 0.010 0.003 -1.042
0.004 0.146 3.881 59.701 0.000 0.010 0.004 -1.042
0.006 0.191 4.478 59.701 0.000 0.010 0.006 -1.042
0.009 0.242 5.075 59.701 0.000 0.010 0.009 -1.042
0.011 0.299 5.672 59.701 0.000 0.010 0.011 -1.042
0.015 0.358 5.970 29.851 0.000 0.010 0.015 -1.042
0.019 0.418 5.970 -0.000 0.000 0.010 0.019 -1.042
0.024 0.478 5.970 0.000 0.000 0.010 0.024 -1.042
0.029 0.537 5.970 -0.000 0.000 0.010 0.029 -1.042
0.035 0.597 5.970 -0.000 0.000 0.010 0.035 -1.042
0.042 0.657 5.970 0.000 0.000 0.010 0.042 -1.042
0.049 0.716 5.970 0.000 0.000 0.010 0.049 -1.042
0.057 0.776 5.970 -0.000 0.000 0.010 0.057 -1.042
0.065 0.836 5.970 0.000 0.000 0.010 0.065 -1.042
0.074 0.896 5.970 -0.000 0.000 0.010 0.074 -1.042
0.084 0.955 5.970 0.000 0.000 0.010 0.084 -1.042
0.094 1.015 5.970 0.000 0.000 0.010 0.094 -1.042
0.105 1.075 5.970 -0.000 0.000 0.010 0.105 -1.042
0.116 1.134 5.970 -0.000 0.000 0.010 0.116 -1.042
0.128 1.194 5.970 0.000 0.000 0.010 0.128 -1.042
0.140 1.254 5.970 -0.000 0.000 0.010 0.140 -1.042
0.154 1.313 5.970 0.000 0.000 0.010 0.154 -1.042
0.167 1.373 5.970 0.000 0.000 0.010 0.167 -1.042
0.182 1.433 5.970 -0.000 0.000 0.010 0.182 -1.042
0.197 1.493 5.970 0.000 0.000 0.010 0.197 -1.042
0.212 1.552 5.970 -0.000 0.000 0.010 0.212 -1.042
0.228 1.612 5.970 0.000 0.000 0.010 0.228 -1.042
0.245 1.672 5.970 -0.000 0.000 0.010 0.245 -1.042
0.262 1.731 5.970 0.000 0.000 0.010 0.262 -1.042
0.280 1.791 5.970 0.000 0.000 0.010 0.280 -1.042
0.299 1.851 5.970 0.000 0.000 0.010 0.299 -1.042
0.318 1.910 5.970 -0.000 0.000 0.010 0.318 -1.042
0.337 1.970 5.970 -0.000 0.000 0.010 0.337 -1.042
0.358 2.030 5.970 0.000 0.000 0.010 0.358 -1.042
0.379 2.090 5.970 0.000 0.000 0.010 0.379 -1.042
0.400 2.149 5.970 -0.000 0.000 0.010 0.400 -1.042
0.422 2.209 5.970 0.000 0.000 0.010 0.422 -1.042
0.445 2.269 5.970 0.000 0.000 0.010 0.445 -1.042
0.468 2.328 5.970 -0.000 0.000 0.010 0.468 -1.042
0.492 2.388 5.970 0.000 0.000 0.010 0.492 -1.042
0.517 2.448 5.970 -0.000 0.000 0.010 0.517 -1.042
0.542 2.507 5.970 0.000 0.000 0.010 0.542 -1.042
0.567 2.567 5.970 -0.000 0.000 0.010 0.567 -1.042
0.594 2.627 5.970 0.000 0.000 0.010 0.594 -1.042
0.620 2.687 5.970 -0.000 0.000 0.010 0.620 -1.042
0.648 2.746 5.970 0.000 0.000 0.010 0.648 -1.042
0.676 2.806 5.970 -0.000 0.000 0.010 0.676 -1.042
0.705 2.866 5.970 -0.000 0.000 0.010 0.705 -1.042
0.734 2.925 5.970 -0.000 0.000 0.010 0.734 -1.042
0.764 2.985 5.970 0.000 0.000 0.010 0.764 -1.042
0.794 3.045 5.970 -0.000 0.000 0.010 0.794 -1.042
0.825 3.104 5.970 0.000 0.000 0.010 0.825 -1.042
0.857 3.164 5.970 -0.000 0.000 0.010 0.857 -1.042
0.889 3.224 5.970 0.000 0.000 0.010 0.889 -1.042
0.922 3.284 5.970 0.000 0.000 0.010 0.922 -1.042
0.955 3.343 5.970 -0.000 0.000 0.010 0.955 -1.042
0.989 3.403 5.970 0.000 0.000 0.010 0.989 -1.042
1.024 3.463 5.970 0.000 0.000 0.010 1.024 -1.042
1.059 3.522 5.970 -0.000 0.000 0.010 1.059 -1.042
1.095 3.582 5.970 0.000 0.000 0.010 1.095 -1.042
1.131 3.642 5.970 0.000 0.000 0.010 1.131 -1.042
1.169 3.701 5.970 -0.000 0.000 0.010 1.169 -1.042
1.206 3.761 5.970 0.000 0.000 0.010 1.206 -1.042
1.244 3.821 5.970 -0.000 0.000 0.010 1.244 -1.042
1.283 3.881 5.970 -0.000 0.000 0.010 1.283 -1.042
1.323 3.940 5.970 0.000 0.000 0.010 1.323 -1.042
1.363 4.000 5.970 0.000 0.000 0.010 1.363 -1.042
1.403 4.060 5.970 0.000 0.000 0.010 1.403 -1.042
1.444 4.119 5.970 0.000 0.000 0.010 1.444 -1.042
1.486 4.179 5.970 -0.000 0.000 0.010 1.486 -1.042
1.529 4.239 5.970 0.000 0.000 0.010 1.529 -1.042
1.571 4.299 5.970 0.000 0.000 0.010 1.571 -1.042
1.615 4.358 5.970 -0.000 0.000 0.010 1.615 -1.042
1.659 4.418 5.970 0.000 0.000 0.010 1.659 -1.042
1.704 4.478 5.970 -0.000 0.000 0.010 1.704 -1.042
1.749 4.537 5.970 -0.000 0.000 0.010 1.749 -1.042
1.795 4.597 5.970 0.000 0.000 0.010 1.795 -1.042
1.842 4.657 5.970 -0.000 0.000 0.010 1.842 -1.042
1.889 4.716 5.970 0.000 0.000 0.010 1.889 -1.042
1.937 4.776 5.970 -0.000 0.000 0.010 1.937 -1.042
1.985 4.836 5.970 0.000 0.000 0.010 1.985 -1.042
2.034 4.896 5.970 -0.000 0.000 0.010 2.034 -1.042
2.084 4.955 5.970 0.000 0.000 0.010 2.084 -1.042
2.134 5.015 5.970 -0.000 0.000 0.010 2.134 -1.042
2.185 5.075 5.970 0.000 0.000 0.010 2.185 -1.042
2.236 5.134 5.970 -0.000 0.000 0.010 2.236 -1.042
2.288 5.194 5.970 0.000 0.000 0.010 2.288 -1.042
2.340 5.254 5.970 -0.000 0.000 0.010 2.340 -1.042
2.394 5.313 5.970 0.000 0.000 0.010 2.394 -1.042
2.447 5.373 5.970 0.000 0.000 0.010 2.447 -1.042
2.502 5.433 5.970 -0.000 0.000 0.010 2.502 -1.042
2.557 5.493 5.970 0.000 0.000 0.010 2.557 -1.042
2.612 5.552 5.970 -0.000 0.000 0.010 2.612 -1.042
2.668 5.612 5.970 -0.000 0.000 0.010 2.668 -1.042
2.725 5.672 5.970 0.000 0.000 0.010 2.725 -1.042
2.782 5.731 5.970 -0.000 0.000 0.010 2.782 -1.042
2.840 5.791 5.970 0.000 0.000 0.010 2.840 -1.042
2.899 5.851 5.970 -0.000 0.000 0.010 2.899 -1.042
2.958 5.910 5.970 0.000 0.000 0.010 2.958 -1.042
3.017 5.970 5.970 0.000 0.000 0.010 3.017 -1.042
3.078 6.030 5.970 -0.000 0.000 0.010 3.078 -1.042
3.139 6.090 5.970 0.000 0.000 0.010 3.139 -1.042
3.200 6.149 5.970 0.000 0.000 0.010 3.200 -1.042
3.262 6.209 5.970 -0.000 0.000 0.010 3.262 -1.042
3.325 6.269 5.970 0.000 0.000 0.010 3.325 -1.042
3.388 6.328 5.970 -0.000 0.000 0.010 3.388 -1.042
3.452 6.388 5.970 0.000 0.000 0.010 3.452 -1.042
3.517 6.448 5.970 0.000 0.000 0.010 3.517 -1.042
3.582 6.507 5.970 0.000 0.000 0.010 3.582 -1.042
3.647 6.567 5.970 -0.000 0.000 0.010 3.647 -1.042
3.714 6.627 5.970 0.000 0.000 0.010 3.714 -1.042
3.780 6.687 5.970 -0.000 0.000 0.010 3.780 -1.042
3.848 6.746 5.970 0.000 0.000 0.010 3.848 -1.042
3.916 6.806 5.970 -0.000 0.000 0.010 3.916 -1.042
3.985 6.866 5.970 -0.000 0.000 0.010 3.985 -1.042
4.054 6.925 5.970 0.000 0.000 0.010 4.054 -1.042
4.124 6.985 5.970 0.000 0.000 0.010 4.124 -1.042
4.194 7.045 5.970 -0.000 0.000 0.010 4.194 -1.042
4.265 7.104 5.970 0.000 0.000 0.010 4.265 -1.042
4.337 7.164 5.970 -0.000 0.000 0.010 4.337 -1.042
4.409 7.224 5.970 0.000 0.000 0.010 4.409 -1.042
4.482 7.284 5.970 0.000 0.000 0.010 4.482 -1.042
4.555 7.343 5.970 -0.000 0.000 0.010 4.555 -1.042
4.629 7.403 5.970 -0.000 0.000 0.010 4.629 -1.042
4.704 7.463 5.970 0.000 0.000 0.010 4.704 -1.042
4.779 7.522 5.970 0.000 0.000 0.010 4.779 -1.042
4.855 7.582 5.970 -0.000 0.000 0.010 4.855 -1.042
4.931 7.642 5.970 0.000 0.000 0.010 4.931 -1.042
5.009 7.701 5.970 0.000 0.000 0.010 5.009 -1.042
5.086 7.758 5.672 -29.851 0.000 0.010 5.086 -1.042
5.164 7.809 5.075 -59.701 0.000 0.010 5.164 -1.042
5.243 7.854 4.478 -59.701 0.000 0.010 5.243 -1.042
5.322 7.893 3.881 -59.701 0.000 0.010 5.322 -1.042
5.401 7.925 3.284 -59.701 0.000 0.010 5.401 -1.042
5.480 7.952 2.687 -59.701 0.000 0.010 5.480 -1.042
5.560 7.973 2.090 -59.701 0.000 0.010 5.560 -1.042
5.640 7.988 1.493 -59.701 0.000 0.010 5.640 -1.042
5.720 7.997 0.896 -59.701 0.000 0.010 5.720 -1.042
5.800 8.000 0.299 -59.701 0.000 0.010 5.800 -1.042
5.880 8.000 -0.000 -29.851 0.000 0.010 5.880 -1.042
5.960 8.000 0.000 0.000 0.000 0.010 5.960 -1.042
6.040 8.000 0.000 0.000 0.000 0.010 6.040 -1.042
6.120 8.000 0.000 0.000 0.000 0.010 6.120 -1.042
6.200 8.000 -0.000 -0.000 0.000 0.010 6.200 -1.042
6.280 8.000 0.000 0.000 0.000 0.010 6.280 -1.042
6.360 8.000 0.000 -0.000 0.000 0.010 6.360 -1.042
6.440 8.000 0.000 0.000 0.000 0.010 6.440 -1.042
6.520 8.000 0.000 0.000 0.000 0.010 6.520 -1.042
6.600 8.000 0.000 0.000 0.000 0.010 6.600 -1.042
6.680 8.000 0.000 0.000 0.000 0.010 6.680 -1.042
6.760 8.000 0.000 0.000 0.000 0.010 6.760 -1.042
6.840 8.000 0.000 0.000 0.000 0.010 6.840 -1.042
6.920 8.000 0.000 0.000 0.000 0.010 6.920 -1.042
7.000 8.000 0.000 0.000 0.000 0.010 7.000 -1.042
7.080 8.000 0.000 0.000 0.000 0.010 7.080 -1.042
7.160 8.000 0.000 0.000 0.000 0.010 7.160 -1.042
7.240 8.000 0.000 0.000 0.000 0.010 7.240 -1.042
7.320 8.000 0.000 0.000 0.000 0.010 7.320 -1.042
7.400 8.000 -0.000 -0.000 0.000 0.010 7.400 -1.042
7.480 8.000 0.000 0.000 0.000 0.010 7.480 -1.042
7.560 8.000 0.000 -0.000 0.000 0.010 7.560 -1.042
7.640 8.000 0.000 0.000 0.000 0.010 7.640 -1.042
7.720 8.000 0.000 0.000 0.000 0.010 7.720 -1.042
7.800 8.000 0.000 0.000 0.000 0.010 7.800 -1.042
7.880 8.000 0.000 0.000 0.000 0.010 7.880 -1.042
7.960 8.000 0.000 0.000 0.000 0.010 7.960 -1.042
8.040 8.000 0.000 0.000 0.000 0.010 8.040 -1.042
8.120 8.000 0.000 0.000 0.000 0.010 8.120 -1.042
8.200 8.000 0.000 0.000 0.000 0.010 8.200 -1.042
8.280 8.000 0.000 0.000 0.000 0.010 8.280 -1.042
8.360 8.000 0.000 0.000 0.000 0.010 8.360 -1.042
8.440 8.000 0.000 0.000 0.000 0.010 8.440 -1.042
8.520 8.000 0.000 0.000 0.000 0.010 8.520 -1.042
8.600 8.000 0.000 0.000 0.000 0.010 8.600 -1.042
8.680 8.000 0.000 0.000 0.000 0.010 8.680 -1.042
8.760 8.000 0.000 0.000 0.000 0.010 8.760 -1.042
8.840 8.000 0.000 0.000 0.000 0.010 8.840 -1.042
8.920 8.000 0.000 0.000 0.000 0.010 8.920 -1.042
9.000 8.000 0.000 0.000 0.000 0.010 9.000 -1.042
9.080 8.000 0.000 0.000 0.000 0.010 9.080 -1.042
9.160 8.000 0.000 0.000 0.000 0.010 9.160 -1.042
9.240 8.000 0.000 0.000 0.000 0.010 9.240 -1.042
9.320 8.000 0.000 0.000 0.000 0.010 9.320 -1.042
9.400 8.000 0.000 0.000 0.000 0.010 9.400 -1.042
9.480 8.000 0.000 0.000 0.000 0.010 9.480 -1.042
9.560 8.000 0.000 0.000 0.000 0.010 9.560 -1.042
9.640 8.000 0.000 0.000 0.000 0.010 9.640 -1.042
9.720 8.000 0.000 0.000 0.000 0.010 9.720 -1.042
9.800 8.000 0.000 0.000 0.000 0.010 9.800 -1.042
9.880 8.000 0.000 0.000 0.000 0.010 9.880 -1.042
9.960 8.000 -0.000 -0.000 0.000 0.010 9.960 -1.042
10.040 7.998 -0.188 -18.822 6.283 0.010 10.040 -1.042
10.120 7.985 -1.309 -112.056 6.283 0.010 10.120 -1.042
10.200 7.970 -1.477 -16.773 6.283 0.010 10.200 -1.042
10.279 7.956 -1.459 1.789 6.282 0.010 10.279 -1.042
10.359 7.941 -1.444 1.439 6.282 0.010 10.359 -1.042
10.438 7.927 -1.433 1.104 6.281 0.010 10.438 -1.042
10.517 7.913 -1.425 0.780 6.280 0.010 10.517 -1.042
10.596 7.898 -1.421 0.468 6.279 0.010 10.596 -1.042
10.675 7.884 -1.419 0.162 6.278 0.010 10.675 -1.043
10.753 7.870 -1.420 -0.136 6.277 0.010 10.753 -1.043
10.832 7.856 -1.425 -0.431 6.275 0.010 10.832 -1.044
10.910 7.841 -1.432 -0.722 6.274 0.010 10.910 -1.044
10.989 7.827 -1.442 -1.012 6.272 0.010 10.989 -1.045
11.067 7.813 -1.455 -1.302 6.271 0.010 11.067 -1.046
11.145 7.798 -1.471 -1.594 6.269 0.010 11.145 -1.047
11.223 7.783 -1.490 -1.888 6.266 0.010 11.223 -1.048
11.300 7.768 -1.512 -2.188 6.264 0.010 11.300 -1.050
11.378 7.752 -1.537 -2.493 6.262 0.010 11.378 -1.051
11.455 7.737 -1.565 -2.805 6.259 0.010 11.455 -1.053
11.532 7.721 -1.596 -3.126 6.257 0.010 11.532 -1.055
11.609 7.704 -1.631 -3.458 6.254 0.010 11.609 -1.057
11.686 7.688 -1.669 -3.802 6.251 0.010 11.686 -1.060
11.763 7.671 -1.710 -4.158 6.248 0.010 11.763 -1.062
11.840 7.653 -1.756 -4.531 6.244 0.010 11.839 -1.065
11.916 7.635 -1.805 -4.921 6.241 0.010 11.916 -1.068
11.992 7.617 -1.858 -5.329 6.237 0.010 11.992 -1.072
12.068 7.597 -1.916 -5.758 6.233 0.010 12.068 -1.075
12.144 7.578 -1.978 -6.211 6.229 0.010 12.143 -1.079
12.219 7.557 -2.045 -6.688 6.225 0.010 12.219 -1.083
12.295 7.536 -2.117 -7.193 6.221 0.010 12.294 -1.088
12.370 7.514 -2.194 -7.728 6.216 0.010 12.369 -1.093
12.445 7.491 -2.277 -8.296 6.211 0.010 12.444 -1.098
12.519 7.468 -2.366 -8.900 6.206 0.010 12.518 -1.104
12.594 7.443 -2.461 -9.542 6.201 0.010 12.592 -1.109
12.668 7.417 -2.563 -10.225 6.195 0.010 12.666 -1.116
12.742 7.391 -2.673 -10.955 6.189 0.010 12.740 -1.123
12.816 7.363 -2.790 -11.732 6.183 0.010 12.813 -1.130
12.889 7.334 -2.916 -12.561 6.177 0.010 12.886 -1.137
12.962 7.303 -3.050 -13.448 6.170 0.010 12.959 -1.145
13.035 7.271 -3.194 -14.394 6.163 0.010 13.031 -1.154
13.107 7.238 -3.348 -15.402 6.156 0.010 13.103 -1.163
13.179 7.203 -3.513 -16.482 6.148 0.010 13.174 -1.172
13.251 7.166 -3.690 -17.630 6.140 0.010 13.245 -1.182
13.322 7.127 -3.878 -18.856 6.132 0.010 13.315 -1.193
13.393 7.086 -4.080 -20.159 6.123 0.010 13.385 -1.204
13.463 7.043 -4.295 -21.545 6.114 0.010 13.455 -1.215
13.533 6.998 -4.525 -23.014 6.104 0.010 13.524 -1.227
13.603 6.950 -4.771 -24.566 6.094 0.010 13.592 -1.240
13.672 6.900 -5.033 -26.202 6.083 0.010 13.660 -1.253
13.740 6.847 -5.312 -27.918 6.072 0.010 13.727 -1.267
13.808 6.791 -5.609 -29.708 6.061 0.010 13.793 -1.282
13.875 6.731 -5.925 -31.563 6.048 0.010 13.859 -1.297
13.942 6.669 -6.260 -33.468 6.036 0.010 13.924 -1.313
14.008 6.603 -6.614 -35.403 6.022 0.010 13.987 -1.330
14.074 6.533 -6.987 -37.341 6.008 0.010 14.050 -1.347
14.138 6.459 -7.379 -39.241 5.993 0.010 14.112 -1.365
14.202 6.381 -7.790 -41.060 5.978 0.010 14.173 -1.384
14.265 6.299 -8.217 -42.731 5.961 0.010 14.233 -1.403
14.327 6.212 -8.659 -44.176 5.944 0.010 14.292 -1.423
14.388 6.121 -9.112 -45.298 5.926 0.010 14.350 -1.444
14.448 6.025 -9.572 -45.975 5.907 0.010 14.406 -1.466
14.508 5.925 -10.032 -46.062 5.887 0.010 14.461 -1.488
14.566 5.820 -10.486 -45.388 5.866 0.010 14.514 -1.511
14.623 5.711 -10.924 -43.756 5.845 0.010 14.566 -1.535
14.679 5.598 -11.333 -40.940 5.821 0.010 14.617 -1.559
14.734 5.481 -11.700 -36.698 5.797 0.010 14.665 -1.584
14.787 5.361 -12.008 -30.775 5.772 0.010 14.713 -1.610
14.840 5.238 -12.237 -22.916 5.745 0.010 14.758 -1.636
14.891 5.115 -12.366 -12.896 5.718 0.010 14.801 -1.663
14.941 4.991 -12.371 -0.539 5.689 0.010 14.843 -1.690
14.990 4.869 -12.229 14.244 5.659 0.010 14.883 -1.718
15.037 4.749 -11.915 31.409 5.628 0.010 14.921 -1.746
15.083 4.635 -11.407 50.748 5.595 0.010 14.958 -1.775
15.129 4.528 -10.689 71.845 5.562 0.010 14.992 -1.804
15.173 4.431 -9.748 94.061 5.528 0.010 15.025 -1.834
15.216 4.345 -8.583 116.528 5.493 0.010 15.056 -1.865
15.259 4.273 -7.201 138.188 5.457 0.010 15.085 -1.895
15.301 4.217 -5.623 157.858 5.421 0.010 15.113 -1.927
15.343 4.178 -3.879 174.336 5.384 0.010 15.140 -1.959
15.385 4.158 -2.014 186.521 5.347 0.010 15.165 -1.992
15.426 4.157 -0.079 193.548 5.310 0.010 15.189 -2.026
15.468 4.176 1.870 194.894 5.273 0.010 15.212 -2.061
15.510 4.214 3.775 190.453 5.237 0.010 15.234 -2.097
15.553 4.269 5.580 180.547 5.201 0.010 15.255 -2.134
15.596 4.342 7.239 165.887 5.166 0.010 15.274 -2.173
15.641 4.429 8.714 147.476 5.132 0.010 15.293 -2.213
15.686 4.529 9.979 126.485 5.098 0.010 15.311 -2.255
15.732 4.639 11.020 104.126 5.066 0.010 15.328 -2.298
15.780 4.757 11.835 81.535 5.035 0.010 15.343 -2.343
15.829 4.882 12.432 59.683 5.005 0.010 15.358 -2.390
15.879 5.010 12.826 39.328 4.976 0.010 15.372 -2.438
15.930 5.140 13.036 20.995 4.949 0.010 15.385 -2.488
15.983 5.271 13.085 4.994 4.923 0.010 15.396 -2.539
16.037 5.401 13.000 -8.558 4.898 0.010 15.407 -2.592
16.092 5.529 12.803 -19.693 4.874 0.010 15.416 -2.646
16.149 5.654 12.517 -28.548 4.852 0.010 15.425 -2.702
16.206 5.776 12.164 -35.334 4.830 0.010 15.432 -2.760
16.265 5.894 11.761 -40.296 4.810 0.010 15.439 -2.818
16.325 6.007 11.324 -43.696 4.791 0.010 15.444 -2.878
16.387 6.115 10.866 -45.785 4.773 0.010 15.448 -2.939
16.449 6.219 10.398 -46.803 4.756 0.010 15.451 -3.001
16.512 6.319 9.929 -46.962 4.740 0.010 15.454 -3.064
16.576 6.413 9.464 -46.449 4.724 0.010 15.455 -3.128
16.641 6.503 9.010 -45.424 4.710 0.010 15.455 -3.193
16.707 6.589 8.570 -44.020 4.696 0.010 15.455 -3.259
16.774 6.671 8.146 -42.347 4.684 0.010 15.453 -3.326
16.841 6.748 7.741 -40.494 4.672 0.010 15.451 -3.393
16.909 6.822 7.356 -38.532 4.660 0.010 15.448 -3.462
16.978 6.892 6.991 -36.518 4.650 0.010 15.444 -3.530
17.048 6.958 6.646 -34.491 4.640 0.010 15.439 -3.600
17.118 7.021 6.321 -32.487 4.630 0.010 15.433 -3.670
17.189 7.081 6.016 -30.528 4.621 0.010 15.427 -3.740
17.260 7.139 5.729 -28.633 4.613 0.010 15.421 -3.811
17.332 7.193 5.461 -26.812 4.605 0.010 15.413 -3.883
17.405 7.245 5.211 -25.073 4.598 0.010 15.405 -3.955
17.478 7.295 4.976 -23.421 4.591 0.010 15.397 -4.027
17.551 7.343 4.758 -21.857 4.585 0.010 15.388 -4.100
17.625 7.388 4.554 -20.382 4.579 0.010 15.378 -4.174
17.699 7.432 4.364 -18.994 4.574 0.010 15.368 -4.247
17.774 7.474 4.187 -17.690 4.569 0.010 15.357 -4.321
17.849 7.514 4.022 -16.468 4.564 0.010 15.346 -4.396
17.925 7.553 3.869 -15.324 4.560 0.010 15.335 -4.470
18.001 7.590 3.727 -14.255 4.556 0.010 15.323 -4.545
18.077 7.626 3.594 -13.257 4.552 0.010 15.311 -4.621
18.154 7.661 3.471 -12.325 4.549 0.010 15.299 -4.696
18.230 7.694 3.356 -11.458 4.546 0.010 15.286 -4.772
18.308 7.727 3.250 -10.650 4.543 0.010 15.274 -4.848
18.385 7.758 3.151 -9.899 4.541 0.010 15.260 -4.925
18.463 7.789 3.059 -9.202 4.539 0.010 15.247 -5.001
18.541 7.818 2.973 -8.555 4.537 0.010 15.234 -5.078
18.620 7.847 2.894 -7.956 4.536 0.010 15.220 -5.156
18.699 7.876 2.820 -7.402 4.535 0.010 15.206 -5.233
18.778 7.903 2.751 -6.892 4.534 0.010 15.192 -5.311
18.857 7.930 2.687 -6.423 4.533 0.010 15.178 -5.389
18.936 7.956 2.627 -5.994 4.533 0.010 15.164 -5.467
19.016 7.982 2.571 -5.603 4.533 0.010 15.149 -5.546
19.096 8.007 2.518 -5.249 4.533 0.010 15.135 -5.625
19.177 8.032 2.469 -4.932 4.533 0.010 15.121 -5.704
19.257 8.056 2.422 -4.650 4.533 0.010 15.106 -5.783
19.338 8.080 2.378 -4.404 4.534 0.010 15.092 -5.862
19.419 8.103 2.336 -4.192 4.535 0.010 15.078 -5.942
19.500 8.126 2.296 -4.015 4.536 0.010 15.063 -6.022
19.582 8.149 2.257 -3.874 4.538 0.010 15.049 -6.102
19.664 8.171 2.220 -3.767 4.539 0.010 15.035 -6.183
19.745 8.193 2.183 -3.697 4.541 0.010 15.021 -6.264
19.828 8.214 2.146 -3.664 4.543 0.010 15.007 -6.345
19.910 8.235 2.109 -3.669 4.546 0.010 14.993 -6.426
19.993 8.256 2.072 -3.714 4.548 0.010 14.980 -6.507
20.075 8.276 2.034 -3.799 4.551 0.010 14.966 -6.589
20.158 8.296 1.995 -3.926 4.554 0.010 14.953 -6.671
20.241 8.316 1.954 -4.097 4.557 0.010 14.940 -6.753
20.325 8.335 1.911 -4.314 4.560 0.010 14.927 -6.835
20.408 8.354 1.865 -4.578 4.563 0.010 14.915 -6.918
20.492 8.372 1.816 -4.892 4.567 0.010 14.902 -7.001
20.576 8.389 1.764 -5.259 4.571 0.010 14.890 -7.084
20.660 8.406 1.707 -5.678 4.574 0.010 14.879 -7.167
20.744 8.423 1.645 -6.154 4.579 0.010 14.867 -7.250
20.829 8.439 1.578 -6.688 4.583 0.010 14.856 -7.334
20.913 8.454 1.506 -7.282 4.587 0.010 14.845 -7.418
20.998 8.468 1.426 -7.936 4.592 0.010 14.835 -7.502
21.083 8.481 1.340 -8.653 4.596 0.010 14.825 -7.586
21.168 8.494 1.245 -9.434 4.601 0.010 14.815 -7.671
21.253 8.505 1.143 -10.279 4.606 0.010 14.806 -7.755
21.338 8.516 1.031 -11.188 4.611 0.010 14.797 -7.840
21.423 8.525 0.909 -12.160 4.616 0.010 14.789 -7.925
21.508 8.532 0.777 -13.194 4.621 0.010 14.781 -8.010
21.594 8.539 0.634 -14.288 4.626 0.010 14.773 -8.095
21.679 8.544 0.480 -15.438 4.631 0.010 14.766 -8.180
21.765 8.547 0.313 -16.641 4.637 0.010 14.759 -8.265
21.850 8.548 0.135 -17.890 4.642 0.010 14.753 -8.350
21.936 8.548 -0.057 -19.179 4.647 0.010 14.747 -8.435
22.021 8.545 -0.262 -20.500 4.652 0.010 14.742 -8.521
22.106 8.540 -0.481 -21.844 4.657 0.010 14.737 -8.606
22.192 8.533 -0.713 -23.199 4.663 0.010 14.733 -8.691
22.277 8.523 -0.958 -24.554 4.668 0.010 14.728 -8.776
22.362 8.511 -1.217 -25.895 4.673 0.010 14.725 -8.861
22.447 8.496 -1.489 -27.206 4.677 0.010 14.722 -8.946
22.532 8.479 -1.774 -28.470 4.682 0.010 14.719 -9.031
22.616 8.458 -2.071 -29.671 4.686 0.010 14.717 -9.116
22.701 8.434 -2.378 -30.788 4.690 0.010 14.715 -9.200
22.785 8.407 -2.696 -31.802 4.694 0.010 14.713 -9.284
22.869 8.377 -3.023 -32.689 4.698 0.010 14.711 -9.368
22.952 8.343 -3.358 -33.430 4.701 0.010 14.710 -9.451
23.035 8.306 -3.698 -34.000 4.704 0.010 14.710 -9.534
23.118 8.266 -4.041 -34.375 4.707 0.010 14.709 -9.617
23.200 8.222 -4.387 -34.533 4.709 0.010 14.709 -9.699
23.282 8.175 -4.731 -34.449 4.711 0.010 14.708 -9.781
23.363 8.124 -5.072 -34.099 4.712 0.010 14.708 -9.862
23.444 8.070 -5.407 -33.460 4.712 0.010 14.708 -9.943
23.524 8.015 -5.492 -8.476 4.713 0.010 14.708 -10.023
23.604 8.000 -1.537 395.432 4.713 0.010 14.708 -10.103
23.684 7.999 -0.037 150.020 4.713 0.010 14.708 -10.183
23.764 7.999 -0.032 0.486 4.713 0.010 14.708 -10.263
23.844 7.999 -0.028 0.465 4.713 0.010 14.708 -10.343
23.924 7.998 -0.023 0.444 4.713 0.010 14.708 -10.423
24.004 7.998 -0.019 0.423 4.713 0.010 14.708 -10.503
24.084 7.998 -0.015 0.402 4.712 0.010 14.708 -10.583
24.164 7.998 -0.011 0.382 4.712 0.010 14.708 -10.663
24.244 7.998 -0.007 0.361 4.712 0.010 14.708 -10.743
24.324 7.998 -0.004 0.340 4.712 0.010 14.708 -10.823
24.404 7.998 -0.001 0.319 4.712 0.010 14.708 -10.903
24.484 7.998 0.002 0.298 4.712 0.010 14.708 -10.983
24.564 7.998 0.005 0.277 4.712 0.010 14.708 -11.063
24.644 7.998 0.007 0.256 4.712 0.010 14.708 -11.143
24.724 7.998 0.010 0.235 4.712 0.010 14.708 -11.223
24.804 7.998 0.012 0.214 4.712 0.010 14.708 -11.303
24.884 7.998 0.014 0.193 4.712 0.010 14.708 -11.383
24.964 7.999 0.016 0.172 4.712 0.010 14.708 -11.463
25.044 7.999 0.017 0.151 4.712 0.010 14.708 -11.543
25.124 7.999 0.018 0.130 4.712 0.010 14.708 -11.623
25.204 7.999 0.019 0.109 4.712 0.010 14.708 -11.703
25.284 7.999 0.020 0.088 4.712 0.010 14.708 -11.783
25.364 8.000 0.021 0.067 4.712 0.010 14.708 -11.863
25.444 8.000 0.021 0.046 4.712 0.010 14.708 -11.943
25.524 8.000 0.022 0.025 4.712 0.010 14.708 -12.023
25.604 8.000 0.022 0.005 4.712 0.010 14.708 -12.103
25.684 8.000 0.022 -0.016 4.712 0.010 14.708 -12.183
25.764 8.001 0.021 -0.037 4.712 0.010 14.708 -12.263
25.844 8.001 0.021 -0.058 4.712 0.010 14.708 -12.343
25.924 8.001 0.020 -0.079 4.712 0.010 14.708 -12.423
26.004 8.001 0.019 -0.100 4.712 0.010 14.708 -12.503
26.084 8.001 0.018 -0.121 4.712 0.010 14.708 -12.583
26.164 8.002 0.016 -0.142 4.712 0.010 14.708 -12.663
26.244 8.002 0.015 -0.163 4.712 0.010 14.708 -12.743
26.324 8.002 0.013 -0.184 4.712 0.010 14.708 -12.823
26.404 8.002 0.011 -0.205 4.712 0.010 14.708 -12.903
26.484 8.002 0.008 -0.226 4.712 0.010 14.708 -12.983
26.564 8.002 0.006 -0.247 4.712 0.010 14.708 -13.063
26.644 8.002 0.003 -0.268 4.712 0.010 14.708 -13.143
26.724 8.002 0.000 -0.289 4.712 0.010 14.708 -13.223
26.804 8.002 -0.003 -0.310 4.712 0.010 14.708 -13.303
26.884 8.002 -0.006 -0.331 4.712 0.010 14.708 -13.383
26.964 8.002 -0.009 -0.352 4.712 0.010 14.708 -13.463
27.044 8.002 -0.013 -0.372 4.713 0.010 14.708 -13.543
27.124 8.002 -0.017 -0.393 4.713 0.010 14.708 -13.623
27.204 8.001 -0.021 -0.414 4.713 0.010 14.708 -13.703
27.284 8.001 -0.026 -0.435 4.713 0.010 14.708 -13.783
27.364 8.001 -0.030 -0.456 4.713 0.010 14.708 -13.863
27.444 8.000 -0.035 -0.477 4.713 0.010 14.708 -13.943
27.524 8.010 0.989 102.428 4.713 0.010 14.708 -14.023
27.606 8.196 18.529 1753.977 4.715 0.010 14.708 -14.105
27.690 8.437 24.143 561.363 4.719 0.010 14.709 -14.189
27.777 8.675 23.752 -39.047 4.725 0.010 14.710 -14.276
27.866 8.914 23.947 19.524 4.734 0.010 14.711 -14.365
27.958 9.161 24.691 74.308 4.745 0.010 14.714 -14.457
28.052 9.421 25.973 128.199 4.759 0.010 14.717 -14.551
28.149 9.697 27.663 169.005 4.775 0.010 14.723 -14.648
28.249 9.993 29.540 187.741 4.794 0.010 14.730 -14.747
28.352 10.310 31.734 219.407 4.817 0.010 14.739 -14.850
28.459 10.655 34.474 274.020 4.842 0.010 14.752 -14.956
28.569 11.032 37.760 328.586 4.872 0.010 14.768 -15.065
28.683 11.448 41.547 378.730 4.906 0.010 14.788 -15.178
28.802 11.905 45.712 416.428 4.945 0.010 14.813 -15.294
28.926 12.405 49.996 428.400 4.989 0.010 14.844 -15.414
29.056 12.944 53.942 394.617 5.038 0.010 14.882 -15.538
29.191 13.513 56.822 288.046 5.094 0.010 14.929 -15.665
29.332 14.091 57.823 100.057 5.155 0.010 14.985 -15.794
29.478 14.652 56.068 -175.451 5.223 0.010 15.053 -15.924
29.630 15.153 50.140 -592.844 5.296 0.010 15.131 -16.053
29.785 15.541 38.820 -1132.018 5.373 0.010 15.222 -16.180
29.943 15.763 22.165 -1665.470 5.453 0.010 15.324 -16.300
30.101 15.779 1.609 -2055.567 5.534 0.010 15.435 -16.412
30.257 15.577 -20.178 -2178.703 5.613 0.010 15.553 -16.514
30.408 15.176 -40.088 -1991.066 5.689 0.010 15.675 -16.604
30.555 14.620 -55.636 -1554.813 5.760 0.010 15.799 -16.681
30.694 13.963 -65.655 -1001.811 5.826 0.010 15.922 -16.747
30.827 13.260 -70.315 -466.020 5.885 0.010 16.043 -16.802
30.952 12.554 -70.657 -34.214 5.938 0.010 16.160 -16.847
31.071 11.873 -68.017 263.997 5.985 0.010 16.273 -16.885
31.183 11.237 -63.623 439.367 6.027 0.010 16.381 -16.916
31.290 10.653 -58.417 520.631 6.064 0.010 16.484 -16.941
31.391 10.123 -53.031 538.608 6.096 0.010 16.583 -16.961
31.488 9.644 -47.844 518.668 6.124 0.010 16.678 -16.978
31.580 9.214 -43.055 478.913 6.148 0.010 16.770 -16.991
31.668 8.826 -38.745 431.045 6.169 0.010 16.857 -17.002
31.753 8.477 -34.924 382.027 6.188 0.010 16.941 -17.011
31.834 8.161 -31.568 335.644 6.204 0.010 17.023 -17.018
31.913 7.875 -28.631 293.699 6.218 0.010 17.101 -17.024
31.989 7.614 -26.063 256.829 6.230 0.010 17.177 -17.028
32.063 7.376 -23.812 225.024 6.240 0.010 17.251 -17.032
32.135 7.158 -21.833 197.951 6.249 0.010 17.323 -17.034
32.204 6.957 -20.081 175.134 6.257 0.010 17.392 -17.037
32.272 6.772 -18.521 156.060 6.263 0.010 17.460 -17.038
32.338 6.601 -17.119 140.231 6.268 0.010 17.526 -17.039
32.402 6.442 -15.847 127.186 6.272 0.010 17.590 -17.040
32.465 6.295 -14.682 116.515 6.275 0.010 17.653 -17.041
32.527 6.159 -13.603 107.853 6.278 0.010 17.715 -17.041
32.587 6.034 -12.594 100.879 6.280 0.010 17.775 -17.041
32.646 5.917 -11.641 95.307 6.281 0.010 17.834 -17.042
32.704 5.810 -10.732 90.884 6.282 0.010 17.892 -17.042
32.762 5.711 -9.859 87.379 6.283 0.010 17.949 -17.042
32.818 5.621 -9.013 84.581 0.000 0.010 18.006 -17.042
32.873 5.539 -8.190 82.295 0.000 0.010 18.061 -17.042
32.928 5.465 -7.386 80.338 0.000 0.010 18.116 -17.042
32.982 5.399 -6.601 78.539 0.000 0.010 18.170 -17.042
33.035 5.341 -5.834 76.735 0.000 0.010 18.223 -17.042
33.088 5.291 -4.962 87.135 0.000 0.010 18.276 -17.042
33.141 5.258 -3.371 159.082 0.000 0.010 18.329 -17.042
33.193 5.234 -2.340 103.151 0.001 0.010 18.381 -17.042
33.245 5.219 -1.564 77.608 0.002 0.010 18.433 -17.042
33.297 5.209 -0.914 64.957 0.003 0.010 18.485 -17.041
33.349 5.206 -0.380 53.476 0.006 0.010 18.537 -17.041
33.401 5.206 0.051 43.073 0.008 0.010 18.589 -17.041
33.454 5.210 0.388 33.646 0.011 0.010 18.641 -17.040
33.506 5.216 0.639 25.090 0.015 0.010 18.694 -17.040
33.558 5.225 0.812 17.300 0.020 0.010 18.746 -17.039
33.610 5.234 0.913 10.175 0.025 0.010 18.798 -17.038
33.663 5.243 0.950 3.623 0.031 0.010 18.851 -17.036
33.715 5.252 0.925 -2.437 0.037 0.010 18.903 -17.034
33.768 5.261 0.844 -8.077 0.045 0.010 18.956 -17.032
33.821 5.268 0.711 -13.354 0.052 0.010 19.008 -17.030
33.873 5.273 0.528 -18.312 0.061 0.010 19.061 -17.027
33.926 5.276 0.298 -22.980 0.070 0.010 19.114 -17.023
33.979 5.276 0.024 -27.374 0.079 0.010 19.166 -17.019
34.032 5.274 -0.291 -31.497 0.090 0.010 19.219 -17.015
34.084 5.267 -0.644 -35.340 0.100 0.010 19.271 -17.010
34.137 5.257 -1.033 -38.884 0.111 0.010 19.323 -17.004
34.189 5.242 -1.454 -42.102 0.123 0.010 19.375 -16.998
34.241 5.223 -1.904 -44.960 0.135 0.010 19.427 -16.991
34.293 5.199 -2.378 -47.423 0.147 0.010 19.479 -16.984
34.345 5.171 -2.872 -49.455 0.160 0.010 19.530 -16.976
34.397 5.137 -3.383 -51.023 0.173 0.010 19.581 -16.968
34.448 5.098 -3.904 -52.098 0.186 0.010 19.631 -16.959
34.498 5.054 -4.430 -52.660 0.199 0.010 19.680 -16.949
34.548 5.004 -4.957 -52.700 0.212 0.010 19.729 -16.939
34.598 4.949 -5.479 -52.219 0.226 0.010 19.778 -16.928
34.646 4.889 -5.992 -51.228 0.239 0.010 19.825 -16.917
34.695 4.824 -6.489 -49.754 0.252 0.010 19.872 -16.905
34.742 4.755 -6.968 -47.830 0.266 0.010 19.918 -16.893
34.789 4.680 -7.423 -45.503 0.279 0.010 19.963 -16.880
34.835 4.602 -7.851 -42.825 0.291 0.010 20.007 -16.867
34.880 4.519 -8.249 -39.855 0.304 0.010 20.050 -16.854
34.925 4.433 -8.616 -36.654 0.317 0.010 20.093 -16.840
34.968 4.344 -8.949 -33.286 0.329 0.010 20.134 -16.827
35.011 4.251 -9.247 -29.812 0.340 0.010 20.174 -16.813
35.052 4.156 -9.510 -26.291 0.352 0.010 20.213 -16.799
35.093 4.059 -9.738 -22.776 0.363 0.010 20.251 -16.784
35.132 3.960 -9.931 -19.316 0.374 0.010 20.288 -16.770
35.171 3.859 -10.090 -15.951 0.384 0.010 20.324 -16.756
35.208 3.756 -10.217 -12.716 0.394 0.010 20.359 -16.742
35.245 3.653 -10.314 -9.639 0.404 0.010 20.392 -16.727
35.280 3.550 -10.381 -6.738 0.413 0.010 20.425 -16.713
35.315 3.445 -10.421 -4.029 0.421 0.010 20.456 -16.699
35.348 3.341 -10.437 -1.520 0.430 0.010 20.487 -16.686
35.381 3.237 -10.429 0.787 0.437 0.010 20.516 -16.672
35.412 3.133 -10.400 2.891 0.445 0.010 20.544 -16.659
35.442 3.029 -10.352 4.797 0.452 0.010 20.572 -16.646
35.472 2.926 -10.287 6.512 0.458 0.010 20.598 -16.633
35.500 2.824 -10.206 8.043 0.464 0.010 20.623 -16.620
35.527 2.723 -10.112 9.403 0.470 0.010 20.648 -16.608
35.553 2.623 -10.006 10.600 0.475 0.010 20.671 -16.596
35.579 2.524 -9.890 11.646 0.480 0.010 20.693 -16.584
35.603 2.426 -9.764 12.552 0.485 0.010 20.715 -16.573
35.626 2.330 -9.631 13.329 0.489 0.010 20.736 -16.562
35.648 2.235 -9.491 13.987 0.493 0.010 20.755 -16.552
35.670 2.142 -9.346 14.534 0.497 0.010 20.774 -16.541
35.690 2.050 -9.196 14.980 0.500 0.010 20.792 -16.532
35.710 1.959 -9.043 15.332 0.503 0.010 20.809 -16.522
35.729 1.871 -8.887 15.596 0.506 0.010 20.826 -16.513
35.747 1.783 -8.729 15.779 0.508 0.010 20.841 -16.505
35.763 1.698 -8.570 15.885 0.510 0.010 20.856 -16.496
35.780 1.613 -8.411 15.919 0.512 0.010 20.870 -16.488
35.795 1.531 -8.252 15.884 0.514 0.010 20.883 -16.481
35.809 1.450 -8.094 15.783 0.516 0.010 20.896 -16.474
35.823 1.371 -7.938 15.619 0.517 0.010 20.908 -16.467
35.836 1.293 -7.784 15.393 0.518 0.010 20.919 -16.461
35.848 1.216 -7.633 15.107 0.519 0.010 20.930 -16.454
35.860 1.142 -7.485 14.763 0.520 0.010 20.940 -16.449
35.870 1.068 -7.342 14.361 0.521 0.010 20.949 -16.444
35.880 0.996 -7.203 13.904 0.521 0.010 20.958 -16.439
35.890 0.925 -7.069 13.392 0.522 0.010 20.966 -16.434
35.898 0.856 -6.941 12.826 0.522 0.010 20.973 -16.430
35.906 0.788 -6.819 12.209 0.523 0.010 20.980 -16.426
35.913 0.721 -6.703 11.542 0.523 0.010 20.986 -16.422
35.920 0.655 -6.595 10.826 0.523 0.010 20.992 -16.419
35.926 0.590 -6.494 10.064 0.523 0.010 20.997 -16.416
35.931 0.526 -6.402 9.259 0.523 0.010 21.001 -16.413
35.936 0.463 -6.318 8.414 0.523 0.010 21.005 -16.411
35.940 0.400 -6.242 7.531 0.524 0.010 21.009 -16.409
35.943 0.339 -6.176 6.614 0.524 0.010 21.012 -16.407
35.946 0.279 -6.001 17.528 0.524 0.010 21.014 -16.406
35.948 0.223 -5.536 46.461 0.524 0.010 21.016 -16.405
35.950 0.174 -4.902 63.379 0.524 0.010 21.018 -16.404
35.951 0.131 -4.280 62.260 0.524 0.010 21.019 -16.403
35.952 0.095 -3.666 61.392 0.524 0.010 21.020 -16.403
35.953 0.064 -3.058 60.746 0.524 0.010 21.020 -16.402
35.953 0.040 -2.456 60.290 0.524 0.010 21.021 -16.402
35.953 0.021 -1.856 59.992 0.524 0.010 21.021 -16.402
35.953 0.008 -1.257 59.818 0.524 0.010 21.021 -16.402
35.953 0.002 -0.660 59.734 0.524 0.010 21.021 -16.402
35.953 0.000 -0.181 47.931 0.524 0.010 21.021 -16.402
