RightScaleLeftSwitch
438
0.000 0.006 0.556 55.556 4.189 0.010 20.902 -2.521
0.000 0.011 0.556 0.001 4.189 0.010 20.902 -2.521
0.000 0.025 1.389 83.336 4.189 0.010 20.902 -2.521
0.001 0.044 1.945 55.565 4.189 0.010 20.902 -2.522
0.002 0.069 2.500 55.576 4.189 0.010 20.901 -2.522
0.003 0.100 3.056 55.595 4.189 0.010 20.901 -2.523
0.004 0.136 3.613 55.623 4.189 0.010 20.900 -2.524
0.006 0.178 4.169 55.661 4.189 0.010 20.899 -2.526
0.008 0.225 4.726 55.709 4.189 0.010 20.898 -2.528
0.011 0.275 5.006 27.973 4.189 0.010 20.897 -2.530
0.014 0.325 5.008 0.223 4.189 0.010 20.895 -2.533
0.018 0.375 5.011 0.251 4.189 0.010 20.893 -2.536
0.022 0.425 5.013 0.274 4.189 0.010 20.891 -2.540
0.027 0.476 5.016 0.290 4.189 0.010 20.889 -2.544
0.032 0.526 5.019 0.298 4.189 0.010 20.886 -2.548
0.038 0.576 5.022 0.297 4.189 0.010 20.883 -2.553
0.044 0.626 5.025 0.288 4.189 0.010 20.880 -2.559
0.051 0.677 5.028 0.268 4.189 0.010 20.877 -2.565
0.058 0.727 5.030 0.238 4.189 0.010 20.873 -2.571
0.066 0.777 5.032 0.196 4.189 0.010 20.869 -2.578
0.074 0.828 5.034 0.143 4.189 0.010 20.865 -2.585
0.083 0.878 5.034 0.076 4.189 0.010 20.861 -2.593
0.092 0.928 5.034 -0.004 4.189 0.010 20.856 -2.601
0.102 0.979 5.033 -0.097 4.189 0.010 20.851 -2.609
0.112 1.029 5.031 -0.205 4.189 0.010 20.846 -2.618
0.123 1.079 5.028 -0.327 4.188 0.010 20.841 -2.627
0.134 1.129 5.023 -0.465 4.188 0.010 20.835 -2.637
0.146 1.180 5.017 -0.618 4.188 0.010 20.829 -2.647
0.158 1.230 5.009 -0.786 4.188 0.010 20.823 -2.658
0.171 1.280 5.000 -0.970 4.188 0.010 20.817 -2.669
0.184 1.330 4.988 -1.170 4.188 0.010 20.810 -2.681
0.198 1.379 4.974 -1.386 4.188 0.010 20.803 -2.692
0.213 1.429 4.958 -1.618 4.188 0.010 20.796 -2.705
0.227 1.478 4.939 -1.866 4.188 0.010 20.788 -2.718
0.243 1.527 4.918 -2.130 4.188 0.010 20.781 -2.731
0.258 1.576 4.894 -2.409 4.188 0.010 20.773 -2.745
0.275 1.625 4.867 -2.703 4.188 0.010 20.765 -2.759
0.291 1.673 4.837 -3.013 4.188 0.010 20.756 -2.773
0.309 1.721 4.803 -3.337 4.188 0.010 20.748 -2.788
0.326 1.769 4.767 -3.675 4.188 0.010 20.739 -2.803
0.344 1.816 4.726 -4.026 4.188 0.010 20.730 -2.819
0.363 1.863 4.682 -4.390 4.188 0.010 20.720 -2.835
0.382 1.910 4.635 -4.767 4.189 0.010 20.711 -2.852
0.402 1.955 4.583 -5.155 4.189 0.010 20.701 -2.869
0.422 2.001 4.528 -5.554 4.189 0.010 20.691 -2.886
0.442 2.045 4.468 -5.963 4.189 0.010 20.681 -2.904
0.463 2.089 4.404 -6.381 4.190 0.010 20.670 -2.922
0.484 2.133 4.336 -6.806 4.190 0.010 20.660 -2.940
0.506 2.175 4.264 -7.239 4.191 0.010 20.649 -2.959
0.528 2.217 4.187 -7.678 4.191 0.010 20.638 -2.978
0.551 2.258 4.106 -8.121 4.192 0.010 20.627 -2.998
0.574 2.298 4.020 -8.568 4.192 0.010 20.615 -3.018
0.597 2.338 3.930 -9.017 4.193 0.010 20.604 -3.038
0.621 2.376 3.835 -9.467 4.194 0.010 20.592 -3.059
0.645 2.414 3.736 -9.916 4.195 0.010 20.580 -3.080
0.670 2.450 3.632 -10.363 4.196 0.010 20.568 -3.101
0.694 2.485 3.524 -10.805 4.198 0.010 20.556 -3.123
0.720 2.519 3.412 -11.242 4.199 0.010 20.543 -3.145
0.745 2.552 3.295 -11.669 4.201 0.010 20.531 -3.167
0.771 2.584 3.174 -12.086 4.203 0.010 20.518 -3.189
0.797 2.614 3.050 -12.488 4.205 0.010 20.505 -3.212
0.824 2.644 2.921 -12.874 4.207 0.010 20.493 -3.235
0.850 2.671 2.788 -13.240 4.210 0.010 20.480 -3.259
0.877 2.698 2.653 -13.581 4.212 0.010 20.467 -3.282
0.905 2.723 2.514 -13.893 4.215 0.010 20.454 -3.306
0.932 2.747 2.372 -14.171 4.218 0.010 20.441 -3.331
0.960 2.769 2.228 -14.409 4.222 0.010 20.427 -3.355
0.988 2.790 2.082 -14.601 4.225 0.010 20.414 -3.380
1.016 2.809 1.934 -14.739 4.229 0.010 20.401 -3.404
1.044 2.827 1.786 -14.814 4.234 0.010 20.388 -3.429
1.072 2.844 1.638 -14.818 4.238 0.010 20.375 -3.455
1.101 2.858 1.491 -14.739 4.243 0.010 20.362 -3.480
1.130 2.872 1.345 -14.565 4.249 0.010 20.349 -3.506
1.159 2.884 1.202 -14.285 4.254 0.010 20.336 -3.532
1.187 2.895 1.063 -13.882 4.260 0.010 20.324 -3.558
1.217 2.904 0.930 -13.342 4.267 0.010 20.311 -3.584
1.246 2.912 0.804 -12.648 4.274 0.010 20.299 -3.610
1.275 2.919 0.686 -11.783 4.281 0.010 20.286 -3.637
1.304 2.925 0.578 -10.727 4.288 0.010 20.274 -3.663
1.333 2.929 0.484 -9.461 4.297 0.010 20.262 -3.690
1.363 2.933 0.404 -7.967 4.305 0.010 20.250 -3.717
1.392 2.937 0.342 -6.226 4.314 0.010 20.239 -3.744
1.421 2.940 0.300 -4.219 4.324 0.010 20.228 -3.771
1.451 2.943 0.280 -1.932 4.334 0.010 20.217 -3.798
1.480 2.946 0.287 0.649 4.344 0.010 20.206 -3.826
1.510 2.949 0.322 3.534 4.355 0.010 20.195 -3.853
1.539 2.953 0.390 6.726 4.366 0.010 20.185 -3.881
1.569 2.958 0.492 10.224 4.378 0.010 20.175 -3.909
1.599 2.964 0.632 14.018 4.390 0.010 20.166 -3.937
1.628 2.972 0.813 18.093 4.402 0.010 20.157 -3.965
1.658 2.982 1.037 22.423 4.415 0.010 20.148 -3.994
1.688 2.995 1.307 26.972 4.428 0.010 20.139 -4.022
1.718 3.012 1.624 31.696 4.442 0.010 20.131 -4.051
1.749 3.032 1.989 36.543 4.456 0.010 20.123 -4.081
1.779 3.056 2.404 41.453 4.470 0.010 20.115 -4.110
1.810 3.084 2.867 46.359 4.484 0.010 20.108 -4.140
1.841 3.118 3.379 51.195 4.499 0.010 20.101 -4.171
1.873 3.157 3.938 55.891 4.513 0.010 20.095 -4.201
1.905 3.203 4.542 60.384 4.528 0.010 20.089 -4.233
1.937 3.255 5.188 64.620 4.542 0.010 20.083 -4.265
1.970 3.312 5.682 49.397 4.557 0.010 20.078 -4.298
2.004 3.372 6.011 32.853 4.571 0.010 20.073 -4.331
2.038 3.435 6.351 34.000 4.585 0.010 20.068 -4.365
2.073 3.502 6.691 34.061 4.599 0.010 20.064 -4.400
2.109 3.572 7.022 33.092 4.612 0.010 20.060 -4.435
2.146 3.646 7.334 31.186 4.625 0.010 20.057 -4.472
2.183 3.722 7.619 28.467 4.637 0.010 20.054 -4.509
2.221 3.801 7.870 25.083 4.649 0.010 20.051 -4.547
2.260 3.881 8.081 21.189 4.659 0.010 20.049 -4.585
2.299 3.966 8.474 39.226 4.669 0.010 20.047 -4.625
2.340 4.057 9.070 59.663 4.678 0.010 20.045 -4.666
2.381 4.153 9.668 59.769 4.687 0.010 20.044 -4.707
2.424 4.256 10.274 60.575 4.694 0.010 20.043 -4.750
2.468 4.365 10.896 62.190 4.700 0.010 20.042 -4.793
2.512 4.481 11.543 64.722 4.705 0.010 20.042 -4.838
2.558 4.603 12.226 68.280 4.709 0.010 20.042 -4.884
2.606 4.732 12.955 72.972 4.711 0.010 20.042 -4.931
2.655 4.870 13.745 78.911 4.712 0.010 20.042 -4.980
2.704 4.988 11.852 -189.271 4.713 0.010 20.042 -5.030
2.754 5.000 1.193 -1065.934 4.713 0.010 20.042 -5.080
2.804 5.001 0.026 -116.695 4.713 0.010 20.042 -5.130
2.854 5.001 0.023 -0.282 4.713 0.010 20.042 -5.180
2.904 5.001 0.020 -0.272 4.713 0.010 20.042 -5.230
2.954 5.001 0.017 -0.262 4.713 0.010 20.042 -5.280
3.004 5.001 0.015 -0.251 4.713 0.010 20.042 -5.330
3.054 5.001 0.013 -0.241 4.712 0.010 20.042 -5.380
3.104 5.002 0.010 -0.231 4.712 0.010 20.042 -5.430
3.154 5.002 0.008 -0.221 4.712 0.010 20.042 -5.480
3.205 5.002 0.006 -0.211 4.712 0.010 20.042 -5.530
3.255 5.002 0.004 -0.201 4.712 0.010 20.042 -5.580
3.305 5.002 0.002 -0.191 4.712 0.010 20.042 -5.630
3.355 5.002 0.000 -0.181 4.712 0.010 20.042 -5.680
3.405 5.002 -0.002 -0.171 4.712 0.010 20.042 -5.730
3.455 5.002 -0.003 -0.161 4.712 0.010 20.042 -5.780
3.505 5.002 -0.005 -0.150 4.712 0.010 20.042 -5.830
3.555 5.002 -0.006 -0.140 4.712 0.010 20.042 -5.880
3.605 5.002 -0.007 -0.130 4.712 0.010 20.042 -5.930
3.655 5.001 -0.009 -0.120 4.712 0.010 20.042 -5.980
3.705 5.001 -0.010 -0.110 4.712 0.010 20.042 -6.030
3.755 5.001 -0.011 -0.100 4.712 0.010 20.042 -6.080
3.805 5.001 -0.012 -0.090 4.712 0.010 20.042 -6.130
3.855 5.001 -0.012 -0.080 4.712 0.010 20.042 -6.180
3.905 5.001 -0.013 -0.070 4.712 0.010 20.042 -6.230
3.955 5.001 -0.014 -0.060 4.712 0.010 20.042 -6.280
4.005 5.001 -0.014 -0.049 4.712 0.010 20.042 -6.330
4.055 5.000 -0.015 -0.039 4.712 0.010 20.042 -6.380
4.105 5.000 -0.015 -0.029 4.712 0.010 20.042 -6.430
4.155 5.000 -0.015 -0.019 4.712 0.010 20.042 -6.480
4.205 5.000 -0.015 -0.009 4.712 0.010 20.042 -6.530
4.255 5.000 -0.015 0.001 4.712 0.010 20.042 -6.580
4.305 5.000 -0.015 0.011 4.712 0.010 20.042 -6.630
4.355 5.000 -0.015 0.021 4.712 0.010 20.042 -6.680
4.405 4.999 -0.014 0.031 4.712 0.010 20.042 -6.730
4.455 4.999 -0.014 0.041 4.712 0.010 20.042 -6.780
4.505 4.999 -0.014 0.052 4.712 0.010 20.042 -6.830
4.555 4.999 -0.013 0.062 4.712 0.010 20.042 -6.880
4.605 4.999 -0.012 0.072 4.712 0.010 20.042 -6.930
4.655 4.999 -0.011 0.082 4.712 0.010 20.042 -6.980
4.705 4.999 -0.010 0.092 4.712 0.010 20.042 -7.030
4.755 4.999 -0.009 0.102 4.712 0.010 20.042 -7.080
4.805 4.998 -0.008 0.112 4.712 0.010 20.042 -7.130
4.855 4.998 -0.007 0.122 4.712 0.010 20.042 -7.180
4.905 4.998 -0.006 0.132 4.712 0.010 20.042 -7.230
4.955 4.998 -0.004 0.142 4.712 0.010 20.042 -7.280
5.005 4.998 -0.003 0.153 4.712 0.010 20.042 -7.330
5.055 4.998 -0.001 0.163 4.712 0.010 20.042 -7.380
5.105 4.998 0.001 0.173 4.712 0.010 20.042 -7.430
5.155 4.998 0.002 0.183 4.712 0.010 20.042 -7.480
5.204 4.998 0.004 0.193 4.712 0.010 20.042 -7.530
5.254 4.998 0.006 0.203 4.712 0.010 20.042 -7.580
5.304 4.998 0.008 0.213 4.713 0.010 20.042 -7.630
5.354 4.999 0.011 0.223 4.713 0.010 20.042 -7.680
5.404 4.999 0.013 0.233 4.713 0.010 20.042 -7.730
5.454 4.999 0.015 0.243 4.713 0.010 20.042 -7.780
5.504 4.999 0.018 0.254 4.713 0.010 20.042 -7.830
5.554 4.999 0.021 0.264 4.713 0.010 20.042 -7.880
5.604 4.999 0.023 0.274 4.713 0.010 20.042 -7.930
5.654 5.000 0.026 0.284 4.713 0.010 20.042 -7.980
5.704 4.996 -0.345 -37.161 4.713 0.010 20.042 -8.030
5.754 4.978 -1.826 -148.090 4.713 0.010 20.042 -8.080
5.804 4.959 -1.902 -7.593 4.713 0.010 20.042 -8.129
5.853 4.941 -1.815 8.757 4.714 0.010 20.042 -8.179
5.902 4.924 -1.728 8.709 4.715 0.010 20.042 -8.228
5.951 4.907 -1.641 8.652 4.715 0.010 20.042 -8.277
6.000 4.892 -1.555 8.585 4.716 0.010 20.042 -8.326
6.049 4.877 -1.470 8.510 4.718 0.010 20.042 -8.375
6.098 4.863 -1.386 8.427 4.719 0.010 20.043 -8.423
6.146 4.850 -1.302 8.337 4.720 0.010 20.043 -8.472
6.195 4.838 -1.220 8.239 4.722 0.010 20.043 -8.520
6.243 4.826 -1.139 8.136 4.724 0.010 20.044 -8.568
6.291 4.816 -1.058 8.026 4.725 0.010 20.045 -8.617
6.339 4.806 -0.979 7.912 4.727 0.010 20.045 -8.665
6.387 4.797 -0.901 7.792 4.729 0.010 20.046 -8.713
6.435 4.789 -0.825 7.667 4.731 0.010 20.047 -8.761
6.483 4.781 -0.749 7.539 4.733 0.010 20.048 -8.808
6.531 4.775 -0.675 7.406 4.735 0.010 20.049 -8.856
6.578 4.769 -0.603 7.270 4.738 0.010 20.050 -8.904
6.626 4.763 -0.531 7.131 4.740 0.010 20.051 -8.951
6.673 4.759 -0.461 6.989 4.742 0.010 20.053 -8.999
6.721 4.755 -0.393 6.845 4.745 0.010 20.054 -9.046
6.769 4.751 -0.326 6.699 4.747 0.010 20.056 -9.094
6.816 4.749 -0.260 6.551 4.749 0.010 20.057 -9.141
6.863 4.747 -0.196 6.402 4.752 0.010 20.059 -9.189
6.911 4.746 -0.134 6.252 4.754 0.010 20.061 -9.236
6.958 4.745 -0.073 6.101 4.757 0.010 20.063 -9.284
7.006 4.745 -0.013 5.950 4.759 0.010 20.065 -9.331
7.053 4.745 0.045 5.799 4.762 0.010 20.068 -9.378
7.101 4.746 0.101 5.648 4.764 0.010 20.070 -9.426
7.148 4.748 0.156 5.499 4.767 0.010 20.072 -9.473
7.196 4.750 0.210 5.350 4.769 0.010 20.075 -9.521
7.243 4.752 0.262 5.203 4.771 0.010 20.078 -9.568
7.291 4.755 0.312 5.057 4.774 0.010 20.081 -9.616
7.338 4.759 0.361 4.913 4.776 0.010 20.084 -9.663
7.386 4.763 0.409 4.772 4.778 0.010 20.087 -9.711
7.434 4.768 0.455 4.633 4.780 0.010 20.090 -9.758
7.481 4.773 0.500 4.496 4.783 0.010 20.093 -9.806
7.529 4.778 0.544 4.363 4.785 0.010 20.097 -9.853
7.577 4.784 0.586 4.233 4.787 0.010 20.100 -9.901
7.625 4.790 0.627 4.106 4.789 0.010 20.104 -9.949
7.673 4.797 0.667 3.982 4.791 0.010 20.107 -9.997
7.721 4.804 0.706 3.863 4.793 0.010 20.111 -10.045
7.769 4.811 0.743 3.747 4.794 0.010 20.115 -10.093
7.817 4.819 0.780 3.635 4.796 0.010 20.119 -10.141
7.866 4.827 0.815 3.527 4.798 0.010 20.123 -10.189
7.914 4.836 0.849 3.423 4.799 0.010 20.127 -10.237
7.962 4.845 0.882 3.323 4.801 0.010 20.132 -10.285
8.011 4.854 0.915 3.228 4.802 0.010 20.136 -10.334
8.059 4.863 0.946 3.137 4.804 0.010 20.140 -10.382
8.108 4.873 0.976 3.050 4.805 0.010 20.145 -10.431
8.157 4.883 1.006 2.967 4.806 0.010 20.149 -10.479
8.206 4.894 1.035 2.889 4.807 0.010 20.154 -10.528
8.255 4.904 1.063 2.814 4.808 0.010 20.159 -10.577
8.304 4.915 1.091 2.745 4.809 0.010 20.163 -10.626
8.353 4.926 1.117 2.679 4.809 0.010 20.168 -10.675
8.403 4.938 1.144 2.617 4.810 0.010 20.173 -10.724
8.452 4.949 1.169 2.559 4.811 0.010 20.178 -10.773
8.502 4.961 1.194 2.505 4.811 0.010 20.183 -10.822
8.552 4.973 1.219 2.455 4.811 0.010 20.188 -10.872
8.602 4.986 1.243 2.409 4.811 0.010 20.192 -10.922
8.652 4.999 1.266 2.366 4.811 0.010 20.197 -10.971
8.702 5.011 1.290 2.326 4.811 0.010 20.202 -11.021
8.752 5.025 1.313 2.290 4.811 0.010 20.207 -11.071
8.802 5.038 1.335 2.256 4.811 0.010 20.212 -11.121
8.853 5.052 1.357 2.226 4.810 0.010 20.217 -11.172
8.903 5.065 1.379 2.197 4.809 0.010 20.222 -11.222
8.954 5.079 1.401 2.172 4.809 0.010 20.227 -11.272
9.005 5.094 1.423 2.148 4.808 0.010 20.232 -11.323
9.056 5.108 1.444 2.127 4.807 0.010 20.237 -11.374
9.107 5.123 1.465 2.107 4.806 0.010 20.242 -11.425
9.159 5.138 1.486 2.088 4.804 0.010 20.246 -11.476
9.210 5.153 1.507 2.071 4.803 0.010 20.251 -11.528
9.262 5.168 1.527 2.054 4.801 0.010 20.256 -11.579
9.314 5.183 1.547 2.038 4.799 0.010 20.260 -11.631
9.366 5.199 1.568 2.023 4.798 0.010 20.265 -11.682
9.418 5.215 1.588 2.007 4.795 0.010 20.269 -11.734
9.470 5.231 1.608 1.990 4.793 0.010 20.273 -11.787
9.523 5.247 1.627 1.973 4.791 0.010 20.278 -11.839
9.575 5.264 1.647 1.954 4.788 0.010 20.282 -11.891
9.628 5.280 1.666 1.933 4.786 0.010 20.286 -11.944
9.681 5.297 1.685 1.911 4.783 0.010 20.289 -11.997
9.734 5.314 1.704 1.885 4.780 0.010 20.293 -12.050
9.788 5.331 1.723 1.857 4.777 0.010 20.296 -12.103
9.841 5.349 1.741 1.825 4.773 0.010 20.300 -12.156
9.895 5.366 1.759 1.789 4.770 0.010 20.303 -12.210
9.949 5.384 1.776 1.748 4.766 0.010 20.306 -12.264
10.003 5.402 1.793 1.702 4.762 0.010 20.309 -12.318
10.057 5.420 1.810 1.651 4.758 0.010 20.311 -12.372
10.111 5.439 1.826 1.593 4.754 0.010 20.314 -12.426
10.166 5.457 1.841 1.528 4.750 0.010 20.316 -12.481
10.221 5.476 1.856 1.456 4.745 0.010 20.318 -12.535
10.276 5.494 1.869 1.375 4.740 0.010 20.319 -12.590
10.331 5.513 1.882 1.286 4.735 0.010 20.321 -12.645
10.386 5.532 1.894 1.187 4.730 0.010 20.322 -12.701
10.441 5.551 1.905 1.078 4.725 0.010 20.323 -12.756
10.497 5.570 1.915 0.959 4.719 0.010 20.323 -12.812
10.553 5.589 1.923 0.829 4.714 0.010 20.324 -12.868
10.609 5.609 1.930 0.686 4.708 0.010 20.324 -12.924
10.665 5.628 1.935 0.532 4.702 0.010 20.323 -12.980
10.722 5.647 1.939 0.365 4.696 0.010 20.322 -13.037
10.779 5.667 1.941 0.184 4.689 0.010 20.321 -13.093
10.835 5.686 1.940 -0.010 4.683 0.010 20.320 -13.150
10.893 5.706 1.938 -0.219 4.676 0.010 20.318 -13.207
10.950 5.725 1.934 -0.441 4.669 0.010 20.316 -13.264
11.007 5.744 1.927 -0.678 4.662 0.010 20.313 -13.322
11.065 5.763 1.918 -0.930 4.655 0.010 20.310 -13.379
11.123 5.782 1.906 -1.196 4.647 0.010 20.306 -13.437
11.181 5.801 1.891 -1.477 4.639 0.010 20.302 -13.495
11.239 5.820 1.873 -1.771 4.631 0.010 20.298 -13.553
11.297 5.839 1.852 -2.080 4.623 0.010 20.293 -13.611
11.356 5.857 1.828 -2.401 4.615 0.010 20.287 -13.669
11.415 5.875 1.801 -2.734 4.607 0.010 20.281 -13.728
11.474 5.893 1.770 -3.079 4.598 0.010 20.275 -13.786
11.533 5.910 1.736 -3.434 4.589 0.010 20.268 -13.845
11.592 5.927 1.698 -3.798 4.581 0.010 20.260 -13.904
11.651 5.944 1.656 -4.169 4.572 0.010 20.252 -13.963
11.711 5.960 1.611 -4.546 4.562 0.010 20.244 -14.022
11.771 5.975 1.562 -4.927 4.553 0.010 20.234 -14.081
11.831 5.990 1.509 -5.310 4.543 0.010 20.225 -14.140
11.891 6.005 1.452 -5.693 4.534 0.010 20.214 -14.199
11.951 6.019 1.391 -6.073 4.524 0.010 20.203 -14.258
12.011 6.032 1.326 -6.449 4.514 0.010 20.192 -14.317
12.072 6.045 1.258 -6.816 4.504 0.010 20.180 -14.377
12.132 6.056 1.186 -7.174 4.494 0.010 20.167 -14.436
12.193 6.068 1.111 -7.519 4.484 0.010 20.153 -14.495
12.254 6.078 1.033 -7.849 4.473 0.010 20.139 -14.554
12.314 6.087 0.951 -8.160 4.463 0.010 20.124 -14.613
12.375 6.096 0.867 -8.452 4.452 0.010 20.109 -14.672
12.436 6.104 0.779 -8.720 4.442 0.010 20.093 -14.731
12.498 6.111 0.690 -8.963 4.431 0.010 20.076 -14.790
12.559 6.117 0.598 -9.179 4.420 0.010 20.059 -14.849
12.620 6.122 0.504 -9.366 4.410 0.010 20.041 -14.907
12.681 6.126 0.409 -9.521 4.399 0.010 20.023 -14.965
12.743 6.129 0.313 -9.645 4.388 0.010 20.003 -15.024
12.804 6.131 0.215 -9.735 4.377 0.010 19.984 -15.082
12.865 6.132 0.117 -9.791 4.366 0.010 19.963 -15.139
12.926 6.133 0.019 -9.813 4.355 0.010 19.942 -15.197
12.988 6.132 -0.079 -9.799 4.344 0.010 19.920 -15.254
13.049 6.130 -0.176 -9.752 4.334 0.010 19.898 -15.311
13.110 6.127 -0.273 -9.671 4.323 0.010 19.875 -15.368
13.172 6.124 -0.368 -9.557 4.312 0.010 19.851 -15.425
13.233 6.119 -0.463 -9.412 4.301 0.010 19.827 -15.481
13.294 6.113 -0.555 -9.237 4.291 0.010 19.802 -15.537
13.355 6.107 -0.645 -9.033 4.280 0.010 19.777 -15.592
13.416 6.100 -0.733 -8.804 4.269 0.010 19.751 -15.648
13.477 6.091 -0.819 -8.550 4.259 0.010 19.725 -15.703
13.538 6.082 -0.902 -8.275 4.249 0.010 19.698 -15.757
13.598 6.073 -0.981 -7.981 4.238 0.010 19.670 -15.811
13.659 6.062 -1.058 -7.670 4.228 0.010 19.643 -15.865
13.720 6.050 -1.188 -13.037 4.218 0.010 19.614 -15.919
13.780 6.034 -1.650 -46.169 4.208 0.010 19.585 -15.971
13.840 6.010 -2.383 -73.258 4.198 0.010 19.556 -16.024
13.900 5.979 -3.106 -72.280 4.189 0.010 19.526 -16.076
13.959 5.941 -3.818 -71.240 4.179 0.010 19.496 -16.127
14.018 5.895 -4.519 -70.153 4.170 0.010 19.466 -16.178
14.077 5.843 -5.210 -69.031 4.161 0.010 19.436 -16.228
14.134 5.784 -5.889 -67.887 4.152 0.010 19.405 -16.277
14.192 5.719 -6.556 -66.732 4.143 0.010 19.374 -16.325
14.248 5.647 -7.156 -60.009 4.135 0.010 19.344 -16.373
14.304 5.573 -7.418 -26.149 4.126 0.010 19.313 -16.419
14.359 5.499 -7.401 1.704 4.118 0.010 19.283 -16.465
14.413 5.425 -7.380 2.075 4.111 0.010 19.252 -16.510
14.467 5.352 -7.356 2.409 4.103 0.010 19.222 -16.554
14.519 5.278 -7.329 2.706 4.096 0.010 19.191 -16.597
14.571 5.205 -7.299 2.970 4.089 0.010 19.161 -16.639
14.623 5.133 -7.267 3.200 4.082 0.010 19.131 -16.681
14.673 5.060 -7.233 3.402 4.075 0.010 19.101 -16.721
14.723 4.989 -7.197 3.575 4.069 0.010 19.071 -16.761
14.772 4.917 -7.160 3.724 4.062 0.010 19.041 -16.801
14.821 4.846 -7.121 3.848 4.056 0.010 19.012 -16.839
14.869 4.775 -7.082 3.952 4.051 0.010 18.983 -16.877
14.916 4.704 -7.042 4.035 4.045 0.010 18.954 -16.914
14.962 4.634 -7.001 4.101 4.039 0.010 18.925 -16.950
15.008 4.565 -6.959 4.151 4.034 0.010 18.896 -16.986
15.053 4.496 -6.917 4.186 4.029 0.010 18.868 -17.021
15.097 4.427 -6.875 4.209 4.024 0.010 18.840 -17.055
15.140 4.359 -6.833 4.220 4.019 0.010 18.812 -17.089
15.183 4.291 -6.791 4.220 4.015 0.010 18.785 -17.122
15.226 4.223 -6.749 4.212 4.011 0.010 18.758 -17.154
15.267 4.156 -6.707 4.196 4.006 0.010 18.731 -17.186
15.308 4.090 -6.665 4.172 4.002 0.010 18.704 -17.217
15.348 4.023 -6.623 4.143 3.998 0.010 18.678 -17.247
15.388 3.957 -6.582 4.108 3.995 0.010 18.652 -17.277
15.427 3.892 -6.542 4.069 3.991 0.010 18.626 -17.306
15.465 3.827 -6.501 4.027 3.988 0.010 18.601 -17.335
15.503 3.762 -6.462 3.981 3.984 0.010 18.576 -17.363
15.540 3.698 -6.422 3.933 3.981 0.010 18.551 -17.391
15.576 3.634 -6.383 3.882 3.978 0.010 18.527 -17.418
15.612 3.571 -6.345 3.831 3.975 0.010 18.503 -17.444
15.647 3.508 -6.307 3.777 3.972 0.010 18.479 -17.470
15.681 3.445 -6.270 3.723 3.970 0.010 18.456 -17.496
15.715 3.383 -6.233 3.668 3.967 0.010 18.433 -17.520
15.748 3.321 -6.197 3.613 3.965 0.010 18.411 -17.545
15.781 3.259 -6.162 3.558 3.962 0.010 18.388 -17.569
15.813 3.198 -6.127 3.503 3.960 0.010 18.367 -17.592
15.844 3.137 -6.092 3.448 3.958 0.010 18.345 -17.615
15.875 3.076 -6.058 3.393 3.956 0.010 18.324 -17.637
15.905 3.016 -6.025 3.339 3.954 0.010 18.303 -17.659
15.935 2.956 -5.992 3.285 3.952 0.010 18.283 -17.681
15.964 2.897 -5.960 3.231 3.950 0.010 18.263 -17.702
15.992 2.837 -5.928 3.179 3.949 0.010 18.243 -17.722
16.020 2.778 -5.897 3.127 3.947 0.010 18.224 -17.742
16.047 2.720 -5.866 3.075 3.946 0.010 18.205 -17.762
16.074 2.661 -5.836 3.024 3.944 0.010 18.187 -17.781
16.100 2.603 -5.806 2.974 3.943 0.010 18.169 -17.800
16.125 2.546 -5.777 2.924 3.942 0.010 18.151 -17.818
16.150 2.488 -5.748 2.875 3.941 0.010 18.134 -17.836
16.174 2.431 -5.720 2.826 3.940 0.010 18.117 -17.853
16.198 2.374 -5.692 2.777 3.939 0.010 18.100 -17.870
16.221 2.317 -5.665 2.729 3.938 0.010 18.084 -17.887
16.244 2.261 -5.638 2.681 3.937 0.010 18.068 -17.903
16.266 2.205 -5.612 2.633 3.936 0.010 18.053 -17.919
16.287 2.149 -5.586 2.586 3.935 0.010 18.038 -17.934
16.308 2.093 -5.560 2.538 3.934 0.010 18.023 -17.949
16.329 2.038 -5.535 2.490 3.934 0.010 18.009 -17.963
16.349 1.983 -5.511 2.443 3.933 0.010 17.995 -17.977
16.368 1.928 -5.487 2.395 3.932 0.010 17.981 -17.991
16.387 1.873 -5.464 2.347 3.932 0.010 17.968 -18.004
16.405 1.819 -5.441 2.298 3.931 0.010 17.955 -18.017
16.422 1.765 -5.418 2.249 3.931 0.010 17.943 -18.030
16.439 1.711 -5.396 2.200 3.930 0.010 17.931 -18.042
16.456 1.657 -5.375 2.150 3.930 0.010 17.919 -18.054
16.472 1.604 -5.354 2.100 3.930 0.010 17.908 -18.065
16.488 1.550 -5.333 2.049 3.929 0.010 17.897 -18.076
16.503 1.497 -5.313 1.997 3.929 0.010 17.886 -18.087
16.517 1.444 -5.294 1.944 3.929 0.010 17.876 -18.097
16.531 1.391 -5.275 1.891 3.929 0.010 17.866 -18.107
16.544 1.339 -5.256 1.836 3.928 0.010 17.857 -18.116
16.557 1.286 -5.239 1.781 3.928 0.010 17.848 -18.125
16.570 1.234 -5.221 1.725 3.928 0.010 17.839 -18.134
16.581 1.182 -5.205 1.668 3.928 0.010 17.830 -18.143
16.593 1.130 -5.189 1.610 3.928 0.010 17.823 -18.151
16.603 1.079 -5.173 1.550 3.928 0.010 17.815 -18.158
16.614 1.027 -5.158 1.490 3.927 0.010 17.808 -18.165
16.623 0.976 -5.144 1.429 3.927 0.010 17.801 -18.172
16.633 0.924 -5.130 1.367 3.927 0.010 17.794 -18.179
16.641 0.873 -5.117 1.303 3.927 0.010 17.788 -18.185
16.650 0.822 -5.105 1.239 3.927 0.010 17.782 -18.191
16.657 0.771 -5.093 1.173 3.927 0.010 17.777 -18.196
16.665 0.720 -5.082 1.107 3.927 0.010 17.772 -18.201
16.671 0.670 -5.072 1.040 3.927 0.010 17.767 -18.206
16.677 0.619 -5.062 0.972 3.927 0.010 17.763 -18.211
16.683 0.568 -5.053 0.902 3.927 0.010 17.759 -18.215
16.688 0.518 -5.045 0.832 3.927 0.010 17.755 -18.218
16.693 0.468 -5.037 0.762 3.927 0.010 17.752 -18.222
16.697 0.417 -5.030 0.690 3.927 0.010 17.749 -18.225
16.701 0.367 -5.024 0.618 3.927 0.010 17.746 -18.227
16.704 0.317 -5.018 0.545 3.927 0.010 17.744 -18.229
16.707 0.267 -5.014 0.472 3.927 0.010 17.742 -18.231
16.709 0.217 -4.963 5.108 3.927 0.010 17.740 -18.233
16.711 0.171 -4.634 32.819 3.927 0.010 17.739 -18.234
16.712 0.130 -4.076 55.806 3.927 0.010 17.738 -18.235
16.713 0.095 -3.519 55.722 3.927 0.010 17.738 -18.236
16.713 0.065 -2.962 55.660 3.927 0.010 17.737 -18.236
16.714 0.041 -2.406 55.616 3.927 0.010 17.737 -18.236
16.714 0.023 -1.850 55.586 3.927 0.010 17.737 -18.236
16.714 0.010 -1.295 55.568 3.927 0.010 17.737 -18.237
16.714 0.002 -0.739 55.559 3.927 0.010 17.737 -18.237
16.714 0.000 -0.231 50.849 3.927 0.010 17.737 -18.237
0.000 0.006 0.556 55.556 4.189 0.010 19.098 -1.479
0.000 0.011 0.556 -0.001 4.189 0.010 19.098 -1.479
0.000 0.025 1.389 83.330 4.189 0.010 19.098 -1.480
0.001 0.044 1.944 55.546 4.189 0.010 19.097 -1.480
0.002 0.069 2.500 55.535 4.189 0.010 19.097 -1.480
0.003 0.100 3.055 55.516 4.189 0.010 19.097 -1.481
0.004 0.136 3.610 55.488 4.189 0.010 19.096 -1.483
0.006 0.178 4.164 55.450 4.189 0.010 19.095 -1.484
0.008 0.225 4.718 55.402 4.189 0.010 19.094 -1.486
0.011 0.275 4.994 27.582 4.189 0.010 19.093 -1.488
0.014 0.325 4.992 -0.223 4.189 0.010 19.091 -1.491
0.018 0.375 4.989 -0.251 4.189 0.010 19.089 -1.494
0.022 0.425 4.987 -0.274 4.189 0.010 19.087 -1.498
0.027 0.474 4.984 -0.290 4.189 0.010 19.085 -1.502
0.032 0.524 4.981 -0.298 4.189 0.010 19.082 -1.507
0.038 0.574 4.978 -0.297 4.189 0.010 19.079 -1.512
0.044 0.624 4.975 -0.288 4.189 0.010 19.076 -1.517
0.051 0.673 4.972 -0.268 4.189 0.010 19.073 -1.523
0.058 0.723 4.970 -0.238 4.189 0.010 19.069 -1.529
0.066 0.773 4.968 -0.196 4.189 0.010 19.065 -1.536
0.074 0.822 4.966 -0.143 4.189 0.010 19.061 -1.543
0.083 0.872 4.966 -0.076 4.189 0.010 19.057 -1.551
0.092 0.922 4.966 0.004 4.189 0.010 19.052 -1.559
0.101 0.971 4.967 0.097 4.189 0.010 19.047 -1.567
0.112 1.021 4.969 0.205 4.189 0.010 19.042 -1.576
0.122 1.071 4.972 0.327 4.188 0.010 19.037 -1.585
0.134 1.121 4.977 0.465 4.188 0.010 19.031 -1.595
0.145 1.170 4.983 0.618 4.188 0.010 19.025 -1.605
0.157 1.220 4.991 0.786 4.188 0.010 19.019 -1.616
0.170 1.270 5.000 0.970 4.188 0.010 19.013 -1.627
0.183 1.320 5.012 1.170 4.188 0.010 19.006 -1.638
0.197 1.371 5.026 1.386 4.188 0.010 18.999 -1.650
0.211 1.421 5.042 1.618 4.188 0.010 18.992 -1.662
0.226 1.472 5.061 1.866 4.188 0.010 18.985 -1.675
0.241 1.523 5.082 2.130 4.188 0.010 18.977 -1.688
0.257 1.574 5.106 2.409 4.188 0.010 18.969 -1.702
0.273 1.625 5.133 2.703 4.188 0.010 18.961 -1.716
0.290 1.677 5.163 3.013 4.188 0.010 18.953 -1.730
0.307 1.729 5.197 3.337 4.188 0.010 18.944 -1.745
0.325 1.781 5.233 3.675 4.188 0.010 18.935 -1.761
0.343 1.834 5.274 4.026 4.188 0.010 18.926 -1.777
0.362 1.887 5.318 4.390 4.188 0.010 18.917 -1.793
0.382 1.940 5.365 4.767 4.189 0.010 18.907 -1.810
0.402 1.995 5.417 5.155 4.189 0.010 18.897 -1.827
0.422 2.049 5.472 5.554 4.189 0.010 18.887 -1.845
0.443 2.105 5.532 5.963 4.189 0.010 18.876 -1.863
0.465 2.161 5.596 6.380 4.190 0.010 18.865 -1.882
0.487 2.217 5.664 6.806 4.190 0.010 18.854 -1.901
0.510 2.275 5.736 7.239 4.191 0.010 18.843 -1.921
0.533 2.333 5.813 7.678 4.191 0.010 18.831 -1.941
0.557 2.392 5.894 8.121 4.192 0.010 18.819 -1.962
0.581 2.452 5.980 8.568 4.192 0.010 18.807 -1.983
0.607 2.512 6.070 9.017 4.193 0.010 18.795 -2.005
0.632 2.574 6.165 9.467 4.194 0.010 18.782 -2.027
0.659 2.636 6.264 9.916 4.195 0.010 18.769 -2.050
0.686 2.700 6.368 10.363 4.196 0.010 18.756 -2.073
0.713 2.765 6.476 10.805 4.198 0.010 18.742 -2.097
0.742 2.831 6.588 11.241 4.199 0.010 18.728 -2.122
0.771 2.898 6.705 11.669 4.201 0.010 18.714 -2.147
0.800 2.966 6.826 12.085 4.203 0.010 18.699 -2.173
0.831 3.036 6.950 12.488 4.205 0.010 18.685 -2.200
0.862 3.106 7.079 12.874 4.207 0.010 18.670 -2.227
0.893 3.179 7.212 13.239 4.210 0.010 18.654 -2.255
0.926 3.252 7.347 13.580 4.212 0.010 18.639 -2.283
0.959 3.327 7.486 13.892 4.215 0.010 18.623 -2.312
0.993 3.403 7.628 14.170 4.218 0.010 18.606 -2.342
1.028 3.481 7.772 14.409 4.222 0.010 18.590 -2.373
1.064 3.560 7.918 14.600 4.225 0.010 18.573 -2.404
1.100 3.641 8.065 14.738 4.229 0.010 18.556 -2.437
1.137 3.723 8.214 14.813 4.234 0.010 18.539 -2.470
1.175 3.806 8.362 14.817 4.238 0.010 18.522 -2.504
1.214 3.892 8.509 14.738 4.243 0.010 18.504 -2.538
1.254 3.978 8.655 14.564 4.249 0.010 18.486 -2.574
1.295 4.066 8.798 14.283 4.254 0.010 18.468 -2.610
1.336 4.155 8.936 13.880 4.260 0.010 18.450 -2.647
1.379 4.246 9.070 13.340 4.267 0.010 18.431 -2.686
1.422 4.338 9.196 12.646 4.274 0.010 18.413 -2.725
1.466 4.431 9.314 11.781 4.281 0.010 18.394 -2.765
1.512 4.525 9.421 10.725 4.288 0.010 18.375 -2.806
1.558 4.621 9.516 9.459 4.297 0.010 18.356 -2.848
1.605 4.717 9.596 7.965 4.305 0.010 18.338 -2.892
1.653 4.813 9.658 6.223 4.314 0.010 18.319 -2.936
1.702 4.910 9.700 4.217 4.324 0.010 18.300 -2.981
1.752 5.007 9.719 1.930 4.334 0.010 18.281 -3.028
1.803 5.104 9.713 -0.652 4.344 0.010 18.262 -3.075
1.855 5.201 9.677 -3.536 4.355 0.010 18.244 -3.124
1.908 5.297 9.610 -6.728 4.366 0.010 18.226 -3.174
1.962 5.392 9.508 -10.225 4.378 0.010 18.208 -3.224
2.017 5.486 9.368 -14.019 4.390 0.010 18.190 -3.276
2.073 5.578 9.187 -18.094 4.402 0.010 18.173 -3.329
2.130 5.668 8.963 -22.423 4.415 0.010 18.156 -3.383
2.187 5.754 8.693 -26.971 4.428 0.010 18.139 -3.439
2.246 5.838 8.376 -31.695 4.442 0.010 18.123 -3.495
2.305 5.918 8.010 -36.541 4.456 0.010 18.108 -3.552
2.365 5.994 7.596 -41.450 4.470 0.010 18.093 -3.610
2.425 6.066 7.132 -46.356 4.484 0.010 18.079 -3.669
2.487 6.132 6.620 -51.190 4.499 0.010 18.065 -3.729
2.549 6.192 6.062 -55.885 4.513 0.010 18.053 -3.789
2.611 6.247 5.458 -60.378 4.528 0.010 18.041 -3.851
2.674 6.295 4.812 -64.613 4.542 0.010 18.030 -3.913
2.737 6.333 3.762 -104.943 4.557 0.010 18.019 -3.975
2.801 6.356 2.323 -143.953 4.571 0.010 18.010 -4.038
2.865 6.365 0.872 -145.100 4.585 0.010 18.002 -4.101
2.928 6.359 -0.580 -145.162 4.599 0.010 17.994 -4.164
2.992 6.339 -2.022 -144.193 4.612 0.010 17.987 -4.227
3.055 6.304 -3.445 -142.288 4.625 0.010 17.981 -4.290
3.117 6.256 -4.840 -139.571 4.637 0.010 17.976 -4.352
3.179 6.194 -6.202 -136.188 4.649 0.010 17.972 -4.414
3.240 6.119 -7.525 -132.297 4.659 0.010 17.968 -4.475
3.301 6.034 -8.473 -94.781 4.669 0.010 17.965 -4.536
3.360 5.943 -9.070 -59.664 4.678 0.010 17.963 -4.595
3.419 5.846 -9.667 -59.772 4.687 0.010 17.961 -4.653
3.476 5.744 -10.273 -60.579 4.694 0.010 17.960 -4.711
3.532 5.635 -10.895 -62.195 4.700 0.010 17.959 -4.767
3.588 5.519 -11.542 -64.729 4.705 0.010 17.959 -4.822
3.641 5.397 -12.225 -68.288 4.709 0.010 17.958 -4.876
3.694 5.268 -12.955 -72.982 4.711 0.010 17.958 -4.929
3.745 5.130 -13.744 -78.923 4.712 0.010 17.958 -4.980
3.796 5.012 -11.852 189.257 4.713 0.010 17.958 -5.030
3.846 5.000 -1.193 1065.928 4.713 0.010 17.958 -5.080
3.896 4.999 -0.026 116.695 4.713 0.010 17.958 -5.130
3.946 4.999 -0.023 0.282 4.713 0.010 17.958 -5.180
3.996 4.999 -0.020 0.272 4.713 0.010 17.958 -5.230
4.046 4.999 -0.017 0.262 4.713 0.010 17.958 -5.280
4.096 4.999 -0.015 0.251 4.713 0.010 17.958 -5.330
4.146 4.999 -0.013 0.241 4.712 0.010 17.958 -5.380
4.196 4.998 -0.010 0.231 4.712 0.010 17.958 -5.430
4.245 4.998 -0.008 0.221 4.712 0.010 17.958 -5.480
4.295 4.998 -0.006 0.211 4.712 0.010 17.958 -5.530
4.345 4.998 -0.004 0.201 4.712 0.010 17.958 -5.580
4.395 4.998 -0.002 0.191 4.712 0.010 17.958 -5.630
4.445 4.998 -0.000 0.181 4.712 0.010 17.958 -5.680
4.495 4.998 0.002 0.171 4.712 0.010 17.958 -5.730
4.545 4.998 0.003 0.161 4.712 0.010 17.958 -5.780
4.595 4.998 0.005 0.150 4.712 0.010 17.958 -5.830
4.645 4.998 0.006 0.140 4.712 0.010 17.958 -5.880
4.695 4.998 0.007 0.130 4.712 0.010 17.958 -5.930
4.745 4.999 0.009 0.120 4.712 0.010 17.958 -5.980
4.795 4.999 0.010 0.110 4.712 0.010 17.958 -6.030
4.845 4.999 0.011 0.100 4.712 0.010 17.958 -6.080
4.895 4.999 0.012 0.090 4.712 0.010 17.958 -6.130
4.945 4.999 0.012 0.080 4.712 0.010 17.958 -6.180
4.995 4.999 0.013 0.070 4.712 0.010 17.958 -6.230
5.045 4.999 0.014 0.060 4.712 0.010 17.958 -6.280
5.095 4.999 0.014 0.049 4.712 0.010 17.958 -6.330
5.145 5.000 0.015 0.039 4.712 0.010 17.958 -6.380
5.195 5.000 0.015 0.029 4.712 0.010 17.958 -6.430
5.245 5.000 0.015 0.019 4.712 0.010 17.958 -6.480
5.295 5.000 0.015 0.009 4.712 0.010 17.958 -6.530
5.345 5.000 0.015 -0.001 4.712 0.010 17.958 -6.580
5.395 5.000 0.015 -0.011 4.712 0.010 17.958 -6.630
5.445 5.000 0.015 -0.021 4.712 0.010 17.958 -6.680
5.495 5.001 0.014 -0.031 4.712 0.010 17.958 -6.730
5.545 5.001 0.014 -0.041 4.712 0.010 17.958 -6.780
5.595 5.001 0.014 -0.052 4.712 0.010 17.958 -6.830
5.645 5.001 0.013 -0.062 4.712 0.010 17.958 -6.880
5.695 5.001 0.012 -0.072 4.712 0.010 17.958 -6.930
5.745 5.001 0.011 -0.082 4.712 0.010 17.958 -6.980
5.795 5.001 0.010 -0.092 4.712 0.010 17.958 -7.030
5.845 5.001 0.009 -0.102 4.712 0.010 17.958 -7.080
5.895 5.002 0.008 -0.112 4.712 0.010 17.958 -7.130
5.945 5.002 0.007 -0.122 4.712 0.010 17.958 -7.180
5.995 5.002 0.006 -0.132 4.712 0.010 17.958 -7.230
6.045 5.002 0.004 -0.142 4.712 0.010 17.958 -7.280
6.095 5.002 0.003 -0.153 4.712 0.010 17.958 -7.330
6.145 5.002 0.001 -0.163 4.712 0.010 17.958 -7.380
6.195 5.002 -0.001 -0.173 4.712 0.010 17.958 -7.430
6.245 5.002 -0.002 -0.183 4.712 0.010 17.958 -7.480
6.295 5.002 -0.004 -0.193 4.712 0.010 17.958 -7.530
6.346 5.002 -0.006 -0.203 4.712 0.010 17.958 -7.580
6.396 5.002 -0.008 -0.213 4.713 0.010 17.958 -7.630
6.446 5.001 -0.011 -0.223 4.713 0.010 17.958 -7.680
6.496 5.001 -0.013 -0.233 4.713 0.010 17.958 -7.730
6.546 5.001 -0.015 -0.243 4.713 0.010 17.958 -7.780
6.596 5.001 -0.018 -0.254 4.713 0.010 17.958 -7.830
6.646 5.001 -0.021 -0.264 4.713 0.010 17.958 -7.880
6.696 5.001 -0.023 -0.274 4.713 0.010 17.958 -7.930
6.746 5.000 -0.026 -0.284 4.713 0.010 17.958 -7.980
6.796 5.004 0.345 37.161 4.713 0.010 17.958 -8.030
6.846 5.022 1.826 148.090 4.713 0.010 17.958 -8.081
6.896 5.041 1.902 7.593 4.713 0.010 17.958 -8.131
6.947 5.059 1.815 -8.757 4.714 0.010 17.958 -8.182
6.998 5.076 1.728 -8.710 4.715 0.010 17.959 -8.232
7.049 5.093 1.641 -8.652 4.715 0.010 17.959 -8.283
7.100 5.108 1.555 -8.585 4.716 0.010 17.959 -8.334
7.151 5.123 1.470 -8.510 4.718 0.010 17.959 -8.386
7.202 5.137 1.386 -8.427 4.719 0.010 17.959 -8.437
7.254 5.150 1.302 -8.337 4.720 0.010 17.960 -8.488
7.305 5.162 1.220 -8.239 4.722 0.010 17.960 -8.540
7.357 5.174 1.139 -8.136 4.724 0.010 17.961 -8.592
7.409 5.184 1.058 -8.026 4.725 0.010 17.961 -8.644
7.461 5.194 0.979 -7.912 4.727 0.010 17.962 -8.696
7.513 5.203 0.901 -7.792 4.729 0.010 17.963 -8.748
7.565 5.211 0.825 -7.667 4.731 0.010 17.964 -8.800
7.617 5.219 0.749 -7.539 4.733 0.010 17.965 -8.852
7.669 5.225 0.675 -7.406 4.735 0.010 17.966 -8.904
7.722 5.231 0.603 -7.270 4.738 0.010 17.967 -8.956
7.774 5.237 0.531 -7.131 4.740 0.010 17.969 -9.009
7.827 5.241 0.461 -6.989 4.742 0.010 17.970 -9.061
7.879 5.245 0.393 -6.845 4.745 0.010 17.972 -9.114
7.931 5.249 0.326 -6.699 4.747 0.010 17.974 -9.166
7.984 5.251 0.260 -6.551 4.749 0.010 17.975 -9.219
8.037 5.253 0.196 -6.402 4.752 0.010 17.977 -9.271
8.089 5.254 0.134 -6.251 4.754 0.010 17.980 -9.324
8.142 5.255 0.073 -6.101 4.757 0.010 17.982 -9.376
8.194 5.255 0.013 -5.950 4.759 0.010 17.984 -9.429
8.247 5.255 -0.045 -5.799 4.762 0.010 17.987 -9.481
8.299 5.254 -0.101 -5.648 4.764 0.010 17.989 -9.534
8.352 5.252 -0.156 -5.499 4.767 0.010 17.992 -9.586
8.404 5.250 -0.210 -5.350 4.769 0.010 17.995 -9.638
8.457 5.248 -0.262 -5.203 4.771 0.010 17.998 -9.691
8.509 5.245 -0.312 -5.057 4.774 0.010 18.001 -9.743
8.562 5.241 -0.361 -4.913 4.776 0.010 18.005 -9.795
8.614 5.237 -0.409 -4.772 4.778 0.010 18.008 -9.848
8.666 5.232 -0.455 -4.633 4.780 0.010 18.011 -9.900
8.719 5.227 -0.500 -4.496 4.783 0.010 18.015 -9.952
8.771 5.222 -0.544 -4.363 4.785 0.010 18.019 -10.004
8.823 5.216 -0.586 -4.233 4.787 0.010 18.023 -10.056
8.875 5.210 -0.627 -4.106 4.789 0.010 18.027 -10.108
8.927 5.203 -0.667 -3.982 4.791 0.010 18.031 -10.160
8.979 5.196 -0.706 -3.863 4.793 0.010 18.035 -10.212
9.031 5.189 -0.743 -3.747 4.794 0.010 18.039 -10.263
9.083 5.181 -0.780 -3.635 4.796 0.010 18.043 -10.315
9.134 5.173 -0.815 -3.527 4.798 0.010 18.048 -10.367
9.186 5.164 -0.849 -3.423 4.799 0.010 18.052 -10.418
9.238 5.155 -0.882 -3.323 4.801 0.010 18.057 -10.469
9.289 5.146 -0.915 -3.228 4.802 0.010 18.061 -10.521
9.340 5.137 -0.946 -3.137 4.804 0.010 18.066 -10.572
9.392 5.127 -0.976 -3.050 4.805 0.010 18.070 -10.623
9.443 5.117 -1.006 -2.967 4.806 0.010 18.075 -10.674
9.494 5.106 -1.035 -2.889 4.807 0.010 18.080 -10.725
9.545 5.096 -1.063 -2.815 4.808 0.010 18.085 -10.775
9.596 5.085 -1.091 -2.745 4.809 0.010 18.090 -10.826
9.647 5.074 -1.117 -2.679 4.809 0.010 18.095 -10.877
9.697 5.062 -1.144 -2.617 4.810 0.010 18.100 -10.927
9.748 5.051 -1.169 -2.559 4.811 0.010 18.104 -10.977
9.798 5.039 -1.194 -2.506 4.811 0.010 18.109 -11.027
9.848 5.027 -1.219 -2.455 4.811 0.010 18.114 -11.077
9.898 5.014 -1.243 -2.409 4.811 0.010 18.119 -11.127
9.948 5.001 -1.266 -2.366 4.811 0.010 18.124 -11.177
9.998 4.989 -1.290 -2.326 4.811 0.010 18.129 -11.227
10.048 4.975 -1.313 -2.290 4.811 0.010 18.134 -11.276
10.098 4.962 -1.335 -2.256 4.811 0.010 18.139 -11.326
10.147 4.948 -1.357 -2.226 4.810 0.010 18.144 -11.375
10.197 4.935 -1.379 -2.198 4.809 0.010 18.149 -11.424
10.246 4.921 -1.401 -2.172 4.809 0.010 18.153 -11.473
10.295 4.906 -1.423 -2.148 4.808 0.010 18.158 -11.522
10.344 4.892 -1.444 -2.127 4.807 0.010 18.163 -11.570
10.393 4.877 -1.465 -2.107 4.806 0.010 18.167 -11.619
10.441 4.862 -1.486 -2.089 4.804 0.010 18.172 -11.667
10.490 4.847 -1.507 -2.071 4.803 0.010 18.176 -11.716
10.538 4.832 -1.527 -2.055 4.801 0.010 18.181 -11.764
10.586 4.817 -1.548 -2.039 4.799 0.010 18.185 -11.812
10.634 4.801 -1.568 -2.023 4.798 0.010 18.189 -11.860
10.682 4.785 -1.588 -2.007 4.795 0.010 18.193 -11.907
10.730 4.769 -1.608 -1.990 4.793 0.010 18.197 -11.955
10.777 4.753 -1.627 -1.973 4.791 0.010 18.201 -12.002
10.825 4.736 -1.647 -1.954 4.788 0.010 18.204 -12.049
10.872 4.720 -1.666 -1.934 4.786 0.010 18.208 -12.097
10.919 4.703 -1.685 -1.911 4.783 0.010 18.211 -12.143
10.966 4.686 -1.704 -1.886 4.780 0.010 18.214 -12.190
11.012 4.669 -1.723 -1.857 4.777 0.010 18.217 -12.237
11.059 4.651 -1.741 -1.825 4.773 0.010 18.220 -12.283
11.105 4.634 -1.759 -1.789 4.770 0.010 18.223 -12.329
11.151 4.616 -1.776 -1.749 4.766 0.010 18.226 -12.376
11.197 4.598 -1.793 -1.703 4.762 0.010 18.228 -12.421
11.243 4.580 -1.810 -1.651 4.758 0.010 18.230 -12.467
11.289 4.561 -1.826 -1.593 4.754 0.010 18.232 -12.513
11.334 4.543 -1.841 -1.528 4.750 0.010 18.234 -12.558
11.379 4.524 -1.856 -1.456 4.745 0.010 18.236 -12.603
11.424 4.506 -1.870 -1.375 4.740 0.010 18.237 -12.648
11.469 4.487 -1.882 -1.286 4.735 0.010 18.238 -12.693
11.514 4.468 -1.894 -1.187 4.730 0.010 18.239 -12.738
11.558 4.449 -1.905 -1.079 4.725 0.010 18.240 -12.782
11.603 4.430 -1.915 -0.959 4.719 0.010 18.240 -12.827
11.647 4.411 -1.923 -0.829 4.714 0.010 18.240 -12.871
11.691 4.391 -1.930 -0.687 4.708 0.010 18.240 -12.915
11.735 4.372 -1.935 -0.532 4.702 0.010 18.240 -12.958
11.778 4.353 -1.939 -0.365 4.696 0.010 18.239 -13.002
11.821 4.333 -1.941 -0.184 4.689 0.010 18.238 -13.045
11.865 4.314 -1.941 0.010 4.683 0.010 18.237 -13.088
11.907 4.294 -1.938 0.218 4.676 0.010 18.236 -13.131
11.950 4.275 -1.934 0.441 4.669 0.010 18.234 -13.174
11.993 4.256 -1.927 0.678 4.662 0.010 18.232 -13.217
12.035 4.237 -1.918 0.930 4.655 0.010 18.230 -13.259
12.077 4.218 -1.906 1.196 4.647 0.010 18.227 -13.301
12.119 4.199 -1.891 1.477 4.639 0.010 18.224 -13.343
12.161 4.180 -1.873 1.771 4.631 0.010 18.221 -13.385
12.203 4.161 -1.853 2.079 4.623 0.010 18.218 -13.426
12.244 4.143 -1.829 2.401 4.615 0.010 18.214 -13.467
12.285 4.125 -1.801 2.734 4.607 0.010 18.210 -13.508
12.326 4.107 -1.770 3.079 4.598 0.010 18.205 -13.549
12.367 4.090 -1.736 3.434 4.589 0.010 18.200 -13.590
12.408 4.073 -1.698 3.798 4.581 0.010 18.195 -13.630
12.449 4.056 -1.656 4.169 4.572 0.010 18.190 -13.670
12.489 4.040 -1.611 4.546 4.562 0.010 18.184 -13.710
12.529 4.025 -1.562 4.927 4.553 0.010 18.178 -13.750
12.569 4.010 -1.509 5.311 4.543 0.010 18.171 -13.790
12.609 3.995 -1.452 5.693 4.534 0.010 18.164 -13.829
12.649 3.981 -1.391 6.074 4.524 0.010 18.157 -13.868
12.689 3.968 -1.326 6.449 4.514 0.010 18.149 -13.907
12.728 3.955 -1.258 6.817 4.504 0.010 18.141 -13.946
12.768 3.943 -1.187 7.174 4.494 0.010 18.133 -13.984
12.807 3.932 -1.111 7.520 4.484 0.010 18.124 -14.023
12.846 3.922 -1.033 7.849 4.473 0.010 18.115 -14.061
12.886 3.913 -0.951 8.161 4.463 0.010 18.106 -14.099
12.925 3.904 -0.867 8.452 4.452 0.010 18.096 -14.137
12.964 3.896 -0.780 8.721 4.442 0.010 18.086 -14.174
13.002 3.889 -0.690 8.964 4.431 0.010 18.075 -14.212
13.041 3.883 -0.598 9.180 4.420 0.010 18.064 -14.249
13.080 3.878 -0.504 9.366 4.410 0.010 18.053 -14.286
13.119 3.874 -0.409 9.522 4.399 0.010 18.041 -14.323
13.157 3.871 -0.313 9.646 4.388 0.010 18.029 -14.360
13.196 3.869 -0.215 9.736 4.377 0.010 18.016 -14.396
13.235 3.868 -0.117 9.792 4.366 0.010 18.003 -14.433
13.273 3.867 -0.019 9.813 4.355 0.010 17.990 -14.469
13.312 3.868 0.079 9.800 4.344 0.010 17.976 -14.505
13.351 3.870 0.176 9.753 4.334 0.010 17.962 -14.541
13.390 3.873 0.273 9.672 4.323 0.010 17.948 -14.577
13.428 3.876 0.369 9.558 4.312 0.010 17.933 -14.613
13.467 3.881 0.463 9.413 4.301 0.010 17.917 -14.648
13.506 3.887 0.555 9.237 4.291 0.010 17.902 -14.684
13.545 3.893 0.645 9.034 4.280 0.010 17.886 -14.719
13.584 3.900 0.733 8.804 4.269 0.010 17.869 -14.755
13.623 3.909 0.819 8.551 4.259 0.010 17.852 -14.790
13.662 3.918 0.902 8.275 4.249 0.010 17.835 -14.825
13.702 3.927 0.981 7.981 4.238 0.010 17.817 -14.860
13.741 3.938 1.058 7.671 4.228 0.010 17.799 -14.895
13.780 3.949 1.094 3.623 4.218 0.010 17.780 -14.930
13.820 3.958 0.906 -18.800 4.208 0.010 17.761 -14.965
13.860 3.963 0.528 -37.851 4.198 0.010 17.742 -14.999
13.899 3.965 0.140 -38.830 4.189 0.010 17.722 -15.034
13.939 3.962 -0.259 -39.870 4.179 0.010 17.702 -15.068
13.978 3.955 -0.669 -40.957 4.170 0.010 17.682 -15.102
14.018 3.944 -1.089 -42.079 4.161 0.010 17.662 -15.136
14.057 3.929 -1.522 -43.224 4.152 0.010 17.641 -15.169
14.096 3.910 -1.965 -44.378 4.143 0.010 17.620 -15.202
14.135 3.886 -2.382 -41.687 4.135 0.010 17.599 -15.235
14.174 3.860 -2.582 -19.992 4.126 0.010 17.578 -15.267
14.212 3.834 -2.599 -1.705 4.118 0.010 17.556 -15.299
14.250 3.808 -2.620 -2.076 4.111 0.010 17.535 -15.330
14.288 3.781 -2.644 -2.410 4.103 0.010 17.513 -15.361
14.325 3.755 -2.671 -2.707 4.096 0.010 17.492 -15.392
14.363 3.728 -2.701 -2.970 4.089 0.010 17.470 -15.422
14.400 3.700 -2.733 -3.201 4.082 0.010 17.448 -15.452
14.436 3.673 -2.767 -3.402 4.075 0.010 17.426 -15.482
14.473 3.645 -2.803 -3.576 4.069 0.010 17.405 -15.511
14.509 3.616 -2.840 -3.724 4.062 0.010 17.383 -15.540
14.545 3.587 -2.878 -3.849 4.056 0.010 17.361 -15.568
14.581 3.558 -2.918 -3.952 4.051 0.010 17.339 -15.597
14.616 3.529 -2.958 -4.036 4.045 0.010 17.318 -15.624
14.651 3.499 -2.999 -4.102 4.039 0.010 17.296 -15.652
14.685 3.468 -3.041 -4.152 4.034 0.010 17.274 -15.679
14.720 3.437 -3.083 -4.187 4.029 0.010 17.253 -15.706
14.754 3.406 -3.125 -4.209 4.024 0.010 17.231 -15.732
14.788 3.374 -3.167 -4.220 4.019 0.010 17.209 -15.758
14.821 3.342 -3.209 -4.221 4.015 0.010 17.188 -15.784
14.854 3.310 -3.251 -4.212 4.011 0.010 17.167 -15.809
14.887 3.277 -3.293 -4.196 4.006 0.010 17.146 -15.834
14.919 3.244 -3.335 -4.173 4.002 0.010 17.124 -15.858
14.951 3.210 -3.377 -4.143 3.998 0.010 17.103 -15.883
14.983 3.176 -3.418 -4.109 3.995 0.010 17.083 -15.907
15.015 3.141 -3.458 -4.070 3.991 0.010 17.062 -15.930
15.046 3.106 -3.499 -4.027 3.988 0.010 17.041 -15.954
15.076 3.071 -3.538 -3.981 3.984 0.010 17.021 -15.977
15.107 3.035 -3.578 -3.933 3.981 0.010 17.001 -15.999
15.137 2.999 -3.617 -3.883 3.978 0.010 16.981 -16.022
15.166 2.962 -3.655 -3.830 3.975 0.010 16.961 -16.043
15.196 2.925 -3.693 -3.778 3.972 0.010 16.941 -16.065
15.225 2.888 -3.730 -3.723 3.970 0.010 16.922 -16.086
15.253 2.850 -3.767 -3.669 3.967 0.010 16.902 -16.107
15.281 2.812 -3.803 -3.613 3.965 0.010 16.883 -16.128
15.309 2.774 -3.838 -3.558 3.962 0.010 16.864 -16.148
15.336 2.735 -3.873 -3.503 3.960 0.010 16.846 -16.168
15.363 2.696 -3.908 -3.448 3.958 0.010 16.827 -16.188
15.390 2.657 -3.942 -3.393 3.956 0.010 16.809 -16.207
15.416 2.617 -3.975 -3.339 3.954 0.010 16.791 -16.226
15.442 2.577 -4.008 -3.285 3.952 0.010 16.773 -16.245
15.467 2.536 -4.040 -3.232 3.950 0.010 16.756 -16.263
15.492 2.496 -4.072 -3.179 3.949 0.010 16.738 -16.281
15.517 2.455 -4.103 -3.127 3.947 0.010 16.721 -16.299
15.541 2.413 -4.134 -3.075 3.946 0.010 16.705 -16.317
15.564 2.372 -4.164 -3.024 3.944 0.010 16.688 -16.334
15.588 2.330 -4.194 -2.974 3.943 0.010 16.672 -16.350
15.611 2.287 -4.223 -2.924 3.942 0.010 16.656 -16.367
15.633 2.245 -4.252 -2.874 3.941 0.010 16.641 -16.383
15.655 2.202 -4.280 -2.826 3.940 0.010 16.625 -16.399
15.677 2.159 -4.308 -2.777 3.939 0.010 16.610 -16.414
15.698 2.116 -4.335 -2.729 3.938 0.010 16.595 -16.429
15.719 2.072 -4.362 -2.681 3.937 0.010 16.581 -16.444
15.739 2.028 -4.388 -2.633 3.936 0.010 16.567 -16.458
15.759 1.984 -4.414 -2.586 3.935 0.010 16.553 -16.473
15.778 1.940 -4.440 -2.538 3.934 0.010 16.539 -16.486
15.797 1.895 -4.465 -2.490 3.934 0.010 16.526 -16.500
15.815 1.850 -4.489 -2.443 3.933 0.010 16.513 -16.513
15.834 1.805 -4.513 -2.395 3.932 0.010 16.500 -16.526
15.851 1.760 -4.536 -2.347 3.932 0.010 16.488 -16.538
15.868 1.714 -4.559 -2.298 3.931 0.010 16.476 -16.551
15.885 1.668 -4.582 -2.249 3.931 0.010 16.464 -16.562
15.901 1.622 -4.604 -2.200 3.930 0.010 16.452 -16.574
15.917 1.576 -4.625 -2.150 3.930 0.010 16.441 -16.585
15.932 1.529 -4.646 -2.100 3.930 0.010 16.431 -16.596
15.947 1.483 -4.667 -2.049 3.929 0.010 16.420 -16.607
15.961 1.436 -4.687 -1.997 3.929 0.010 16.410 -16.617
15.975 1.389 -4.706 -1.944 3.929 0.010 16.400 -16.627
15.989 1.342 -4.725 -1.891 3.929 0.010 16.391 -16.636
16.002 1.294 -4.744 -1.836 3.928 0.010 16.382 -16.645
16.014 1.247 -4.761 -1.781 3.928 0.010 16.373 -16.654
16.026 1.199 -4.779 -1.725 3.928 0.010 16.364 -16.663
16.038 1.151 -4.795 -1.668 3.928 0.010 16.356 -16.671
16.049 1.103 -4.811 -1.610 3.928 0.010 16.348 -16.678
16.059 1.054 -4.827 -1.550 3.928 0.010 16.341 -16.686
16.069 1.006 -4.842 -1.490 3.927 0.010 16.334 -16.693
16.079 0.957 -4.856 -1.429 3.927 0.010 16.327 -16.700
16.088 0.909 -4.870 -1.367 3.927 0.010 16.321 -16.706
16.097 0.860 -4.883 -1.303 3.927 0.010 16.315 -16.712
16.105 0.811 -4.895 -1.239 3.927 0.010 16.309 -16.718
16.112 0.762 -4.907 -1.173 3.927 0.010 16.303 -16.723
16.119 0.713 -4.918 -1.107 3.927 0.010 16.298 -16.728
16.126 0.663 -4.928 -1.040 3.927 0.010 16.294 -16.733
16.132 0.614 -4.938 -0.972 3.927 0.010 16.289 -16.738
16.138 0.565 -4.947 -0.902 3.927 0.010 16.285 -16.742
16.143 0.515 -4.955 -0.832 3.927 0.010 16.282 -16.745
16.148 0.465 -4.963 -0.762 3.927 0.010 16.278 -16.748
16.152 0.416 -4.970 -0.690 3.927 0.010 16.275 -16.751
16.155 0.366 -4.976 -0.618 3.927 0.010 16.273 -16.754
16.159 0.316 -4.982 -0.545 3.927 0.010 16.271 -16.756
16.161 0.266 -4.986 -0.472 3.927 0.010 16.269 -16.758
16.163 0.217 -4.943 4.306 3.927 0.010 16.267 -16.760
16.165 0.171 -4.622 32.151 3.927 0.010 16.266 -16.761
16.166 0.130 -4.069 55.305 3.927 0.010 16.265 -16.762
16.167 0.095 -3.515 55.389 3.927 0.010 16.264 -16.762
16.168 0.065 -2.960 55.451 3.927 0.010 16.264 -16.763
16.168 0.041 -2.405 55.495 3.927 0.010 16.264 -16.763
16.169 0.023 -1.850 55.525 3.927 0.010 16.264 -16.763
16.169 0.010 -1.295 55.543 3.927 0.010 16.263 -16.763
16.169 0.002 -0.739 55.552 3.927 0.010 16.263 -16.763
16.169 0.000 -0.231 50.848 3.927 0.010 16.263 -16.763
