RightSwitchBlock
256
0.000 0.006 0.600 60.000 1.571 0.010 12.875 -2.296
0.000 0.012 0.600 0.002 1.571 0.010 12.875 -2.296
0.000 0.027 1.500 90.011 1.571 0.010 12.875 -2.296
0.001 0.048 2.100 60.035 1.571 0.010 12.875 -2.296
0.002 0.075 2.701 60.081 1.571 0.010 12.875 -2.295
0.003 0.108 3.303 60.155 1.571 0.010 12.875 -2.294
0.004 0.147 3.906 60.267 1.571 0.010 12.875 -2.292
0.006 0.192 4.510 60.422 1.571 0.010 12.875 -2.290
0.009 0.243 5.116 60.628 1.571 0.010 12.875 -2.288
0.012 0.301 5.725 60.894 1.571 0.010 12.875 -2.285
0.015 0.364 6.337 61.226 1.571 0.010 12.875 -2.281
0.020 0.434 6.954 61.634 1.571 0.010 12.875 -2.277
0.025 0.509 7.575 62.125 1.571 0.010 12.875 -2.272
0.031 0.591 8.202 62.708 1.571 0.010 12.875 -2.266
0.037 0.680 8.836 63.392 1.570 0.010 12.875 -2.259
0.045 0.771 9.175 33.913 1.570 0.010 12.875 -2.251
0.054 0.864 9.218 4.290 1.570 0.010 12.875 -2.243
0.063 0.956 9.266 4.826 1.570 0.010 12.875 -2.233
0.074 1.049 9.320 5.374 1.570 0.010 12.875 -2.223
0.085 1.143 9.379 5.935 1.570 0.010 12.875 -2.211
0.098 1.238 9.444 6.512 1.570 0.010 12.875 -2.199
0.111 1.333 9.515 7.107 1.569 0.010 12.875 -2.186
0.125 1.429 9.593 7.723 1.569 0.010 12.875 -2.171
0.140 1.526 9.676 8.363 1.569 0.010 12.875 -2.156
0.157 1.623 9.767 9.029 1.568 0.010 12.875 -2.140
0.174 1.722 9.864 9.727 1.568 0.010 12.875 -2.123
0.192 1.821 9.968 10.460 1.567 0.010 12.875 -2.104
0.211 1.922 10.081 11.234 1.566 0.010 12.875 -2.085
0.232 2.024 10.201 12.054 1.565 0.010 12.875 -2.065
0.253 2.128 10.331 12.926 1.564 0.010 12.876 -2.044
0.275 2.232 10.469 13.858 1.563 0.010 12.876 -2.021
0.299 2.338 10.618 14.858 1.562 0.010 12.876 -1.998
0.323 2.446 10.777 15.936 1.561 0.010 12.876 -1.974
0.349 2.556 10.948 17.102 1.559 0.010 12.876 -1.948
0.375 2.667 11.132 18.368 1.557 0.010 12.877 -1.921
0.403 2.780 11.329 19.749 1.555 0.010 12.877 -1.893
0.432 2.896 11.542 21.260 1.553 0.010 12.878 -1.865
0.462 3.013 11.771 22.920 1.550 0.010 12.878 -1.834
0.493 3.134 12.019 24.748 1.547 0.010 12.879 -1.803
0.526 3.257 12.286 26.769 1.544 0.010 12.880 -1.771
0.560 3.382 12.576 29.009 1.541 0.010 12.881 -1.737
0.595 3.511 12.891 31.498 1.537 0.010 12.882 -1.702
0.631 3.644 13.234 34.271 1.532 0.010 12.883 -1.665
0.669 3.780 13.608 37.369 1.528 0.010 12.885 -1.627
0.708 3.920 14.016 40.835 1.522 0.010 12.887 -1.588
0.749 4.064 14.463 44.720 1.517 0.010 12.889 -1.548
0.791 4.214 14.954 49.082 1.510 0.010 12.891 -1.506
0.835 4.369 15.494 53.985 1.503 0.010 12.894 -1.462
0.880 4.530 16.089 59.501 1.496 0.010 12.897 -1.417
0.927 4.697 16.746 65.708 1.487 0.010 12.901 -1.370
0.976 4.872 17.473 72.691 1.478 0.010 12.905 -1.321
1.026 5.055 18.278 80.541 1.468 0.010 12.910 -1.271
1.079 5.246 19.172 89.348 1.457 0.010 12.916 -1.219
1.133 5.448 20.164 99.202 1.445 0.010 12.922 -1.165
1.190 5.661 21.266 110.176 1.432 0.010 12.930 -1.109
1.249 5.886 22.489 122.320 1.417 0.010 12.938 -1.051
1.310 6.124 23.845 135.631 1.401 0.010 12.948 -0.990
1.374 6.378 25.345 150.030 1.383 0.010 12.959 -0.927
1.440 6.648 26.998 165.305 1.364 0.010 12.972 -0.862
1.510 6.936 28.809 181.050 1.343 0.010 12.987 -0.794
1.582 7.243 30.775 196.573 1.320 0.010 13.004 -0.724
1.658 7.572 32.882 210.769 1.294 0.010 13.024 -0.651
1.737 7.923 35.102 221.973 1.266 0.010 13.047 -0.575
1.820 8.297 37.380 227.778 1.235 0.010 13.073 -0.496
1.907 8.693 39.629 224.878 1.201 0.010 13.103 -0.415
1.998 9.110 41.718 208.958 1.164 0.010 13.138 -0.330
2.094 9.545 43.466 174.784 1.124 0.010 13.177 -0.244
2.193 9.991 44.632 116.627 1.080 0.010 13.222 -0.154
2.298 10.441 44.925 29.241 1.033 0.010 13.273 -0.063
2.407 10.881 44.020 -90.453 0.983 0.010 13.331 0.029
2.520 11.297 41.610 -241.063 0.929 0.010 13.397 0.121
2.636 11.672 37.466 -414.323 0.873 0.010 13.469 0.212
2.756 11.987 31.529 -593.723 0.814 0.010 13.549 0.302
2.878 12.227 23.973 -755.617 0.754 0.010 13.635 0.388
3.002 12.379 15.236 -873.723 0.694 0.010 13.728 0.470
3.127 12.439 5.973 -926.285 0.634 0.010 13.826 0.547
3.251 12.408 -3.059 -903.190 0.575 0.010 13.928 0.617
3.374 12.297 -11.155 -809.561 0.517 0.010 14.033 0.681
3.495 12.119 -17.793 -663.881 0.463 0.010 14.140 0.738
3.614 11.892 -22.710 -491.692 0.411 0.010 14.248 0.789
3.730 11.633 -25.891 -318.091 0.363 0.010 14.356 0.833
3.844 11.358 -27.513 -162.204 0.318 0.010 14.463 0.871
3.954 11.079 -27.864 -35.019 0.277 0.010 14.569 0.903
4.063 10.806 -27.264 59.917 0.240 0.010 14.673 0.931
4.168 10.546 -26.021 124.303 0.205 0.010 14.776 0.954
4.271 10.302 -24.394 162.681 0.174 0.010 14.877 0.973
4.372 10.076 -22.589 180.535 0.146 0.010 14.977 0.989
4.470 9.869 -20.758 183.103 0.121 0.010 15.074 1.003
4.567 9.679 -19.010 174.772 0.099 0.010 15.171 1.013
4.662 9.504 -17.421 158.901 0.079 0.010 15.265 1.021
4.756 9.344 -16.043 137.846 0.061 0.010 15.358 1.028
4.848 9.195 -14.912 113.089 0.046 0.010 15.450 1.033
4.938 9.054 -14.058 85.371 0.033 0.010 15.541 1.036
5.027 8.919 -13.510 54.803 0.022 0.010 15.630 1.039
5.115 8.786 -13.301 20.919 0.013 0.010 15.718 1.040
5.202 8.651 -13.474 -17.333 0.007 0.010 15.804 1.041
5.287 8.510 -14.091 -61.691 0.002 0.010 15.889 1.042
5.370 8.358 -15.239 -114.781 0.000 0.010 15.973 1.042
5.453 8.236 -12.203 303.614 0.000 0.010 16.055 1.042
5.535 8.257 2.087 1429.029 0.001 0.010 16.138 1.042
5.618 8.287 3.043 95.525 0.002 0.010 16.221 1.042
5.701 8.313 2.615 -42.724 0.004 0.010 16.304 1.042
5.785 8.336 2.212 -40.340 0.006 0.010 16.387 1.042
5.868 8.354 1.831 -38.111 0.009 0.010 16.471 1.043
5.952 8.369 1.470 -36.039 0.012 0.010 16.554 1.044
6.036 8.380 1.129 -34.128 0.015 0.010 16.638 1.045
6.120 8.388 0.805 -32.382 0.019 0.010 16.722 1.047
6.204 8.393 0.497 -30.810 0.024 0.010 16.806 1.048
6.288 8.395 0.203 -29.421 0.029 0.010 16.890 1.051
6.372 8.394 -0.079 -28.222 0.034 0.010 16.974 1.053
6.455 8.391 -0.351 -27.224 0.039 0.010 17.058 1.056
6.539 8.384 -0.616 -26.437 0.045 0.010 17.141 1.060
6.623 8.376 -0.875 -25.868 0.051 0.010 17.225 1.064
6.707 8.364 -1.130 -25.525 0.057 0.010 17.309 1.068
6.790 8.351 -1.384 -25.411 0.063 0.010 17.392 1.073
6.874 8.337 -1.361 2.242 0.069 0.010 17.475 1.079
6.957 8.326 -1.066 29.509 0.076 0.010 17.558 1.085
7.040 8.319 -0.778 28.820 0.082 0.010 17.641 1.091
7.123 8.314 -0.497 28.092 0.089 0.010 17.724 1.098
7.206 8.311 -0.224 27.323 0.096 0.010 17.807 1.106
7.289 8.312 0.041 26.512 0.102 0.010 17.889 1.114
7.372 8.315 0.298 25.661 0.109 0.010 17.972 1.123
7.456 8.320 0.545 24.770 0.115 0.010 18.055 1.132
7.539 8.328 0.784 23.843 0.122 0.010 18.138 1.142
7.622 8.338 1.013 22.883 0.128 0.010 18.220 1.153
7.706 8.350 1.232 21.895 0.134 0.010 18.303 1.164
7.790 8.365 1.440 20.884 0.140 0.010 18.386 1.175
7.873 8.381 1.639 19.855 0.146 0.010 18.469 1.187
7.957 8.400 1.827 18.813 0.152 0.010 18.552 1.199
8.042 8.420 2.005 17.763 0.158 0.010 18.635 1.212
8.126 8.441 2.172 16.712 0.163 0.010 18.718 1.226
8.211 8.465 2.329 15.664 0.168 0.010 18.802 1.240
8.295 8.489 2.475 14.623 0.173 0.010 18.886 1.254
8.381 8.515 2.611 13.595 0.178 0.010 18.969 1.269
8.466 8.543 2.736 12.581 0.182 0.010 19.053 1.284
8.552 8.571 2.852 11.587 0.186 0.010 19.138 1.300
8.638 8.601 2.958 10.613 0.190 0.010 19.222 1.316
8.724 8.631 3.055 9.663 0.194 0.010 19.307 1.333
8.811 8.663 3.142 8.736 0.197 0.010 19.392 1.350
8.898 8.695 3.221 7.833 0.200 0.010 19.477 1.367
8.985 8.728 3.245 2.376 0.202 0.010 19.563 1.384
9.073 8.757 2.966 -27.811 0.205 0.010 19.648 1.402
9.160 8.781 2.427 -53.934 0.207 0.010 19.734 1.420
9.248 8.800 1.870 -55.680 0.208 0.010 19.821 1.438
9.336 8.813 1.296 -57.421 0.210 0.010 19.907 1.456
9.425 8.820 0.705 -59.151 0.211 0.010 19.993 1.475
9.513 8.821 0.096 -60.859 0.211 0.010 20.079 1.493
9.601 8.816 -0.529 -62.538 0.211 0.010 20.165 1.511
9.689 8.804 -1.171 -64.180 0.211 0.010 20.252 1.530
9.777 8.786 -1.829 -65.778 0.211 0.010 20.337 1.548
9.865 8.761 -2.502 -67.326 0.210 0.010 20.423 1.567
9.952 8.729 -3.190 -68.815 0.209 0.010 20.508 1.585
10.039 8.690 -3.893 -70.240 0.208 0.010 20.594 1.603
10.125 8.644 -4.609 -71.594 0.207 0.010 20.678 1.621
10.211 8.591 -5.337 -72.870 0.205 0.010 20.762 1.638
10.296 8.530 -6.030 -69.217 0.203 0.010 20.846 1.655
10.381 8.466 -6.423 -39.310 0.200 0.010 20.929 1.672
10.465 8.400 -6.560 -13.695 0.198 0.010 21.011 1.689
10.548 8.333 -6.698 -13.859 0.195 0.010 21.093 1.705
10.631 8.265 -6.838 -13.983 0.192 0.010 21.174 1.721
10.713 8.195 -6.979 -14.068 0.189 0.010 21.254 1.737
10.794 8.124 -7.120 -14.115 0.185 0.010 21.334 1.752
10.875 8.051 -7.261 -14.124 0.182 0.010 21.413 1.766
10.954 7.977 -7.402 -14.097 0.178 0.010 21.492 1.781
11.034 7.902 -7.542 -14.033 0.174 0.010 21.570 1.795
11.112 7.825 -7.682 -13.935 0.170 0.010 21.647 1.808
11.189 7.747 -7.820 -13.801 0.166 0.010 21.723 1.821
11.266 7.667 -7.956 -13.633 0.162 0.010 21.799 1.833
11.342 7.587 -8.090 -13.433 0.158 0.010 21.874 1.845
11.417 7.504 -8.222 -13.200 0.153 0.010 21.948 1.857
11.491 7.421 -8.352 -12.935 0.149 0.010 22.021 1.868
11.564 7.336 -8.478 -12.641 0.144 0.010 22.094 1.879
11.637 7.250 -8.601 -12.319 0.140 0.010 22.165 1.889
11.709 7.163 -8.721 -11.969 0.135 0.010 22.236 1.899
11.779 7.074 -8.837 -11.594 0.131 0.010 22.307 1.908
11.849 6.985 -8.949 -11.196 0.126 0.010 22.376 1.917
11.918 6.894 -9.057 -10.777 0.122 0.010 22.444 1.926
11.986 6.803 -9.160 -10.338 0.117 0.010 22.512 1.934
12.053 6.710 -9.259 -9.882 0.113 0.010 22.578 1.942
12.119 6.617 -9.353 -9.412 0.108 0.010 22.644 1.949
12.185 6.522 -9.442 -8.928 0.104 0.010 22.709 1.956
12.249 6.427 -9.527 -8.435 0.099 0.010 22.773 1.962
12.312 6.331 -9.606 -7.934 0.095 0.010 22.836 1.969
12.374 6.234 -9.680 -7.427 0.091 0.010 22.898 1.974
12.436 6.137 -9.749 -6.916 0.087 0.010 22.959 1.980
12.496 6.038 -9.814 -6.405 0.082 0.010 23.019 1.985
12.556 5.940 -9.872 -5.894 0.078 0.010 23.079 1.990
12.614 5.840 -9.926 -5.386 0.075 0.010 23.137 1.994
12.671 5.741 -9.975 -4.882 0.071 0.010 23.194 1.998
12.728 5.640 -10.019 -4.385 0.067 0.010 23.250 2.002
12.783 5.540 -10.058 -3.896 0.063 0.010 23.306 2.006
12.838 5.439 -10.092 -3.416 0.060 0.010 23.360 2.009
12.891 5.338 -10.122 -2.947 0.056 0.010 23.413 2.012
12.943 5.236 -10.146 -2.490 0.053 0.010 23.465 2.015
12.995 5.135 -10.167 -2.046 0.050 0.010 23.517 2.018
13.045 5.033 -10.183 -1.616 0.047 0.010 23.567 2.020
13.094 4.931 -10.195 -1.201 0.044 0.010 23.616 2.022
13.143 4.829 -10.203 -0.801 0.041 0.010 23.665 2.024
13.190 4.727 -10.207 -0.417 0.038 0.010 23.712 2.026
13.236 4.625 -10.208 -0.049 0.036 0.010 23.758 2.028
13.281 4.523 -10.205 0.301 0.033 0.010 23.803 2.029
13.326 4.421 -10.198 0.635 0.031 0.010 23.847 2.031
13.369 4.319 -10.189 0.951 0.028 0.010 23.891 2.032
13.411 4.217 -10.176 1.250 0.026 0.010 23.933 2.033
13.452 4.115 -10.161 1.531 0.024 0.010 23.974 2.034
13.492 4.014 -10.143 1.795 0.022 0.010 24.014 2.035
13.531 3.913 -10.123 2.041 0.020 0.010 24.053 2.036
13.569 3.812 -10.100 2.270 0.019 0.010 24.091 2.037
13.607 3.711 -10.075 2.481 0.017 0.010 24.128 2.037
13.643 3.610 -10.048 2.676 0.015 0.010 24.164 2.038
13.678 3.510 -10.020 2.853 0.014 0.010 24.199 2.039
13.712 3.410 -9.990 3.014 0.013 0.010 24.234 2.039
13.745 3.311 -9.958 3.158 0.011 0.010 24.267 2.039
13.777 3.212 -9.925 3.286 0.010 0.010 24.299 2.040
13.808 3.113 -9.891 3.398 0.009 0.010 24.330 2.040
13.838 3.014 -9.856 3.494 0.008 0.010 24.360 2.040
13.868 2.916 -9.821 3.574 0.007 0.010 24.389 2.041
13.896 2.818 -9.784 3.639 0.006 0.010 24.417 2.041
13.923 2.721 -9.747 3.689 0.006 0.010 24.445 2.041
13.949 2.623 -9.710 3.724 0.005 0.010 24.471 2.041
13.974 2.527 -9.673 3.745 0.004 0.010 24.496 2.041
13.999 2.430 -9.635 3.752 0.004 0.010 24.520 2.041
14.022 2.334 -9.598 3.745 0.003 0.010 24.544 2.041
14.044 2.239 -9.561 3.725 0.003 0.010 24.566 2.041
14.066 2.144 -9.524 3.691 0.002 0.010 24.588 2.041
14.086 2.049 -9.487 3.645 0.002 0.010 24.608 2.042
14.106 1.954 -9.451 3.586 0.002 0.010 24.628 2.042
14.125 1.860 -9.416 3.515 0.001 0.010 24.646 2.042
14.142 1.766 -9.382 3.433 0.001 0.010 24.664 2.042
14.159 1.673 -9.348 3.339 0.001 0.010 24.681 2.042
14.175 1.580 -9.316 3.234 0.001 0.010 24.696 2.042
14.190 1.487 -9.285 3.120 0.001 0.010 24.711 2.042
14.204 1.394 -9.255 2.995 0.000 0.010 24.725 2.042
14.217 1.302 -9.226 2.860 0.000 0.010 24.738 2.042
14.229 1.210 -9.199 2.717 0.000 0.010 24.750 2.042
14.240 1.118 -9.174 2.565 0.000 0.010 24.762 2.042
14.250 1.027 -9.149 2.405 0.000 0.010 24.772 2.042
14.259 0.935 -9.127 2.238 0.000 0.010 24.781 2.042
14.268 0.844 -9.106 2.064 0.000 0.010 24.790 2.042
14.275 0.753 -9.088 1.884 0.000 0.010 24.797 2.042
14.282 0.663 -9.023 6.422 0.000 0.010 24.804 2.042
14.288 0.577 -8.661 36.284 0.000 0.010 24.810 2.042
14.293 0.496 -8.047 61.360 0.000 0.010 24.814 2.042
14.297 0.422 -7.436 61.092 0.000 0.010 24.819 2.042
14.301 0.353 -6.827 60.861 0.000 0.010 24.822 2.042
14.303 0.291 -6.221 60.664 0.000 0.010 24.825 2.042
14.306 0.235 -5.616 60.499 0.000 0.010 24.827 2.042
14.308 0.185 -5.012 60.363 0.000 0.010 24.829 2.042
14.309 0.141 -4.410 60.255 0.000 0.010 24.831 2.042
14.310 0.103 -3.808 60.170 0.000 0.010 24.832 2.042
14.311 0.071 -3.207 60.107 0.000 0.010 24.832 2.042
14.311 0.045 -2.606 60.061 0.000 0.010 24.833 2.042
14.312 0.025 -2.006 60.031 0.000 0.010 24.833 2.042
14.312 0.011 -1.406 60.013 0.000 0.010 24.833 2.042
14.312 0.003 -0.806 60.004 6.283 0.010 24.833 2.042
14.312 0.000 -0.253 55.288 6.283 0.010 24.833 2.042
0.000 0.006 0.600 60.000 1.571 0.010 14.958 -2.297
0.000 0.012 0.600 -0.002 1.571 0.010 14.958 -2.297
0.000 0.027 1.500 89.989 1.571 0.010 14.958 -2.296
0.001 0.048 2.100 59.965 1.571 0.010 14.958 -2.296
0.002 0.075 2.699 59.919 1.571 0.010 14.958 -2.295
0.003 0.108 3.297 59.845 1.571 0.010 14.958 -2.294
0.004 0.147 3.894 59.733 1.571 0.010 14.958 -2.293
0.006 0.192 4.490 59.578 1.571 0.010 14.958 -2.291
0.009 0.243 5.084 59.372 1.571 0.010 14.958 -2.288
0.012 0.299 5.675 59.106 1.571 0.010 14.958 -2.285
0.015 0.362 6.263 58.774 1.571 0.010 14.958 -2.282
0.019 0.430 6.846 58.366 1.571 0.010 14.958 -2.277
0.025 0.505 7.425 57.875 1.571 0.010 14.958 -2.272
0.030 0.585 7.998 57.292 1.571 0.010 14.958 -2.267
0.037 0.670 8.564 56.608 1.570 0.010 14.958 -2.260
0.045 0.759 8.825 26.087 1.570 0.010 14.958 -2.252
0.053 0.846 8.782 -4.290 1.570 0.010 14.958 -2.244
0.062 0.934 8.734 -4.826 1.570 0.010 14.958 -2.234
0.073 1.021 8.680 -5.374 1.570 0.010 14.958 -2.224
0.084 1.107 8.621 -5.935 1.570 0.010 14.958 -2.213
0.096 1.192 8.556 -6.512 1.570 0.010 14.958 -2.201
0.108 1.277 8.485 -7.107 1.569 0.010 14.958 -2.188
0.122 1.361 8.407 -7.723 1.569 0.010 14.958 -2.175
0.136 1.444 8.324 -8.363 1.569 0.010 14.958 -2.160
0.152 1.527 8.233 -9.029 1.568 0.010 14.959 -2.145
0.168 1.608 8.136 -9.727 1.568 0.010 14.959 -2.129
0.185 1.689 8.032 -10.460 1.567 0.010 14.959 -2.112
0.202 1.768 7.919 -11.234 1.566 0.010 14.959 -2.094
0.221 1.846 7.799 -12.054 1.565 0.010 14.959 -2.076
0.240 1.922 7.669 -12.926 1.564 0.010 14.959 -2.057
0.260 1.998 7.531 -13.858 1.563 0.010 14.959 -2.037
0.281 2.072 7.382 -14.858 1.562 0.010 14.959 -2.016
0.302 2.144 7.223 -15.936 1.561 0.010 14.959 -1.995
0.324 2.214 7.052 -17.102 1.559 0.010 14.960 -1.973
0.347 2.283 6.868 -18.369 1.557 0.010 14.960 -1.950
0.371 2.350 6.671 -19.750 1.555 0.010 14.960 -1.926
0.395 2.414 6.458 -21.261 1.553 0.010 14.961 -1.902
0.420 2.477 6.229 -22.921 1.550 0.010 14.961 -1.877
0.445 2.536 5.981 -24.749 1.547 0.010 14.962 -1.852
0.471 2.593 5.714 -26.770 1.544 0.010 14.962 -1.826
0.497 2.648 5.424 -29.010 1.541 0.010 14.963 -1.800
0.524 2.699 5.109 -31.499 1.537 0.010 14.964 -1.773
0.552 2.746 4.766 -34.273 1.532 0.010 14.965 -1.745
0.580 2.790 4.392 -37.371 1.528 0.010 14.966 -1.717
0.608 2.830 3.984 -40.838 1.522 0.010 14.967 -1.689
0.637 2.866 3.537 -44.724 1.517 0.010 14.969 -1.660
0.666 2.896 3.046 -49.086 1.510 0.010 14.971 -1.631
0.695 2.921 2.506 -53.991 1.503 0.010 14.972 -1.602
0.724 2.940 1.911 -59.507 1.496 0.010 14.974 -1.573
0.754 2.953 1.254 -65.716 1.487 0.010 14.977 -1.544
0.783 2.958 0.527 -72.700 1.478 0.010 14.979 -1.514
0.813 2.955 -0.279 -80.552 1.468 0.010 14.982 -1.485
0.842 2.943 -1.173 -89.363 1.457 0.010 14.985 -1.455
0.872 2.922 -2.165 -99.219 1.445 0.010 14.989 -1.426
0.900 2.889 -3.267 -110.198 1.432 0.010 14.993 -1.398
0.929 2.844 -4.490 -122.347 1.417 0.010 14.997 -1.370
0.957 2.786 -5.847 -135.665 1.401 0.010 15.001 -1.342
0.984 2.712 -7.348 -150.071 1.383 0.010 15.006 -1.315
1.010 2.622 -9.001 -165.355 1.364 0.010 15.011 -1.290
1.035 2.514 -10.812 -181.112 1.343 0.010 15.017 -1.265
1.059 2.386 -12.779 -196.649 1.320 0.010 15.022 -1.242
1.081 2.238 -14.887 -210.861 1.294 0.010 15.028 -1.220
1.102 2.066 -17.108 -222.083 1.266 0.010 15.034 -1.201
1.121 1.873 -19.387 -227.909 1.235 0.010 15.040 -1.183
1.137 1.656 -21.638 -225.028 1.201 0.010 15.046 -1.167
1.152 1.419 -23.729 -209.127 1.164 0.010 15.051 -1.154
1.163 1.164 -25.478 -174.965 1.124 0.010 15.056 -1.144
1.172 0.898 -26.647 -116.808 1.080 0.010 15.060 -1.136
1.179 0.628 -26.941 -29.403 1.033 0.010 15.063 -1.130
1.182 0.368 -26.037 90.338 0.983 0.010 15.065 -1.127
1.184 0.132 -23.627 241.039 0.929 0.010 15.066 -1.126
1.184 0.063 -6.840 1678.722 0.873 0.010 15.065 -1.126
1.186 0.199 13.543 2038.288 0.814 0.010 15.064 -1.128
1.189 0.258 5.984 -755.933 0.754 0.010 15.062 -1.130
1.191 0.231 -2.758 -874.187 0.694 0.010 15.060 -1.131
1.192 0.111 -12.026 -926.800 0.634 0.010 15.060 -1.132
1.193 0.100 -1.067 1095.931 0.575 0.010 15.060 -1.131
1.197 0.392 29.163 3023.006 0.517 0.010 15.064 -1.129
1.205 0.750 35.806 664.287 0.463 0.010 15.070 -1.126
1.216 1.157 40.726 491.933 0.411 0.010 15.081 -1.121
1.232 1.596 43.908 318.201 0.363 0.010 15.096 -1.115
1.253 2.051 45.530 162.207 0.318 0.010 15.115 -1.108
1.278 2.510 45.879 34.944 0.277 0.010 15.139 -1.101
1.307 2.963 45.279 -60.040 0.240 0.010 15.168 -1.093
1.341 3.403 44.034 -124.451 0.205 0.010 15.201 -1.086
1.380 3.827 42.406 -162.834 0.174 0.010 15.238 -1.078
1.422 4.233 40.599 -180.684 0.146 0.010 15.280 -1.072
1.468 4.621 38.767 -183.240 0.121 0.010 15.326 -1.066
1.518 4.991 37.018 -174.895 0.099 0.010 15.376 -1.060
1.572 5.345 35.428 -159.009 0.079 0.010 15.429 -1.055
1.628 5.686 34.048 -137.940 0.061 0.010 15.486 -1.051
1.689 6.015 32.917 -113.169 0.046 0.010 15.546 -1.048
1.752 6.336 32.062 -85.441 0.033 0.010 15.609 -1.046
1.818 6.651 31.514 -54.864 0.022 0.010 15.675 -1.044
1.888 6.964 31.304 -20.975 0.013 0.010 15.745 -1.043
1.961 7.279 31.477 17.280 0.007 0.010 15.818 -1.042
2.037 7.600 32.093 61.637 0.002 0.010 15.894 -1.042
2.116 7.932 33.240 114.721 0.000 0.010 15.973 -1.042
2.198 8.234 30.203 -303.685 0.000 0.010 16.056 -1.042
2.282 8.393 15.913 -1429.061 0.001 0.010 16.139 -1.042
2.368 8.537 14.357 -155.529 0.002 0.010 16.225 -1.042
2.455 8.673 13.585 -77.280 0.004 0.010 16.312 -1.041
2.543 8.800 12.788 -79.663 0.006 0.010 16.400 -1.041
2.632 8.920 11.969 -81.892 0.009 0.010 16.489 -1.040
2.722 9.031 11.129 -83.963 0.012 0.010 16.579 -1.039
2.813 9.134 10.271 -85.874 0.015 0.010 16.670 -1.038
2.906 9.228 9.394 -87.619 0.019 0.010 16.763 -1.036
2.999 9.313 8.503 -89.190 0.024 0.010 16.856 -1.034
3.093 9.389 7.597 -90.580 0.029 0.010 16.950 -1.032
3.187 9.456 6.679 -91.778 0.034 0.010 17.044 -1.029
3.282 9.513 5.751 -92.775 0.039 0.010 17.139 -1.026
3.378 9.562 4.816 -93.561 0.045 0.010 17.235 -1.022
3.474 9.600 3.874 -94.130 0.051 0.010 17.331 -1.017
3.570 9.630 2.930 -94.473 0.057 0.010 17.427 -1.012
3.667 9.649 1.984 -94.587 0.063 0.010 17.523 -1.006
3.763 9.663 1.361 -62.239 0.069 0.010 17.620 -1.000
3.860 9.674 1.066 -29.507 0.076 0.010 17.716 -0.993
3.957 9.681 0.778 -28.817 0.082 0.010 17.813 -0.985
4.054 9.686 0.497 -28.089 0.089 0.010 17.909 -0.977
4.151 9.689 0.224 -27.320 0.096 0.010 18.006 -0.968
4.248 9.688 -0.041 -26.510 0.102 0.010 18.102 -0.958
4.344 9.685 -0.298 -25.658 0.109 0.010 18.198 -0.948
4.441 9.680 -0.545 -24.768 0.115 0.010 18.294 -0.937
4.538 9.672 -0.784 -23.841 0.122 0.010 18.390 -0.926
4.635 9.662 -1.013 -22.881 0.128 0.010 18.486 -0.914
4.731 9.650 -1.231 -21.894 0.134 0.010 18.582 -0.901
4.827 9.635 -1.440 -20.883 0.140 0.010 18.677 -0.888
4.924 9.619 -1.639 -19.853 0.146 0.010 18.773 -0.874
5.020 9.600 -1.827 -18.812 0.152 0.010 18.868 -0.860
5.115 9.580 -2.005 -17.762 0.158 0.010 18.962 -0.845
5.211 9.559 -2.172 -16.711 0.163 0.010 19.057 -0.830
5.306 9.535 -2.328 -15.663 0.168 0.010 19.151 -0.814
5.401 9.511 -2.475 -14.623 0.173 0.010 19.244 -0.798
5.496 9.485 -2.611 -13.594 0.178 0.010 19.338 -0.781
5.591 9.457 -2.736 -12.582 0.182 0.010 19.431 -0.764
5.685 9.429 -2.852 -11.587 0.186 0.010 19.524 -0.747
5.779 9.399 -2.958 -10.614 0.190 0.010 19.616 -0.730
5.873 9.369 -3.055 -9.663 0.194 0.010 19.708 -0.712
5.966 9.337 -3.142 -8.737 0.197 0.010 19.799 -0.694
6.059 9.305 -3.221 -7.834 0.200 0.010 19.891 -0.675
6.152 9.272 -3.339 -11.803 0.202 0.010 19.981 -0.657
6.244 9.234 -3.755 -41.616 0.205 0.010 20.072 -0.638
6.336 9.190 -4.416 -66.067 0.207 0.010 20.162 -0.619
6.428 9.139 -5.059 -64.322 0.208 0.010 20.251 -0.600
6.518 9.082 -5.685 -62.580 0.210 0.010 20.340 -0.582
6.609 9.019 -6.293 -60.851 0.211 0.010 20.428 -0.563
6.698 8.951 -6.884 -59.143 0.211 0.010 20.516 -0.544
6.787 8.876 -7.459 -57.464 0.211 0.010 20.603 -0.525
6.875 8.796 -8.017 -55.822 0.211 0.010 20.689 -0.507
6.962 8.710 -8.560 -54.223 0.211 0.010 20.774 -0.489
7.048 8.619 -9.086 -52.676 0.210 0.010 20.858 -0.471
7.133 8.523 -9.598 -51.186 0.209 0.010 20.942 -0.453
7.218 8.422 -10.096 -49.761 0.208 0.010 21.024 -0.435
7.301 8.317 -10.580 -48.407 0.207 0.010 21.105 -0.418
7.383 8.206 -11.051 -47.130 0.205 0.010 21.186 -0.402
7.464 8.092 -11.465 -41.358 0.203 0.010 21.265 -0.385
7.544 7.976 -11.577 -11.265 0.200 0.010 21.343 -0.369
7.622 7.861 -11.440 13.695 0.198 0.010 21.420 -0.354
7.700 7.748 -11.302 13.859 0.195 0.010 21.496 -0.339
7.776 7.637 -11.162 13.983 0.192 0.010 21.571 -0.324
7.851 7.526 -11.021 14.068 0.189 0.010 21.645 -0.310
7.925 7.418 -10.880 14.115 0.185 0.010 21.718 -0.296
7.999 7.310 -10.739 14.124 0.182 0.010 21.790 -0.283
8.071 7.204 -10.598 14.097 0.178 0.010 21.861 -0.270
8.142 7.100 -10.458 14.034 0.174 0.010 21.930 -0.257
8.212 6.997 -10.318 13.935 0.170 0.010 21.999 -0.245
8.280 6.895 -10.180 13.802 0.166 0.010 22.067 -0.234
8.348 6.794 -10.044 13.634 0.162 0.010 22.134 -0.223
8.415 6.695 -9.910 13.433 0.158 0.010 22.200 -0.212
8.481 6.597 -9.778 13.200 0.153 0.010 22.266 -0.202
8.546 6.501 -9.648 12.936 0.149 0.010 22.330 -0.192
8.610 6.406 -9.522 12.642 0.144 0.010 22.393 -0.183
8.674 6.312 -9.399 12.319 0.140 0.010 22.456 -0.174
8.736 6.219 -9.279 11.970 0.135 0.010 22.517 -0.165
8.797 6.127 -9.163 11.595 0.131 0.010 22.578 -0.157
8.857 6.037 -9.051 11.197 0.126 0.010 22.638 -0.149
8.917 5.947 -8.943 10.777 0.122 0.010 22.697 -0.142
8.975 5.859 -8.840 10.338 0.117 0.010 22.755 -0.135
9.033 5.772 -8.741 9.883 0.113 0.010 22.813 -0.128
9.090 5.685 -8.647 9.412 0.108 0.010 22.869 -0.122
9.146 5.600 -8.558 8.929 0.104 0.010 22.925 -0.116
9.201 5.515 -8.473 8.435 0.099 0.010 22.980 -0.111
9.255 5.431 -8.394 7.934 0.095 0.010 23.034 -0.105
9.309 5.348 -8.320 7.427 0.091 0.010 23.087 -0.100
9.362 5.265 -8.250 6.916 0.087 0.010 23.139 -0.096
9.413 5.183 -8.186 6.405 0.082 0.010 23.191 -0.091
9.464 5.102 -8.128 5.894 0.078 0.010 23.242 -0.087
9.515 5.021 -8.074 5.386 0.075 0.010 23.292 -0.083
9.564 4.941 -8.025 4.882 0.071 0.010 23.341 -0.080
9.613 4.861 -7.981 4.385 0.067 0.010 23.390 -0.077
9.660 4.782 -7.942 3.896 0.063 0.010 23.437 -0.073
9.707 4.703 -7.908 3.416 0.060 0.010 23.484 -0.071
9.754 4.624 -7.878 2.947 0.056 0.010 23.530 -0.068
9.799 4.545 -7.853 2.490 0.053 0.010 23.576 -0.065
9.844 4.467 -7.833 2.046 0.050 0.010 23.620 -0.063
9.888 4.389 -7.817 1.616 0.047 0.010 23.664 -0.061
9.931 4.311 -7.805 1.201 0.044 0.010 23.707 -0.059
9.973 4.233 -7.797 0.801 0.041 0.010 23.750 -0.057
10.015 4.155 -7.793 0.417 0.038 0.010 23.791 -0.056
10.056 4.077 -7.792 0.049 0.036 0.010 23.832 -0.054
10.095 3.999 -7.795 -0.301 0.033 0.010 23.872 -0.053
10.135 3.921 -7.802 -0.635 0.031 0.010 23.911 -0.051
10.173 3.843 -7.811 -0.951 0.028 0.010 23.950 -0.050
10.211 3.765 -7.824 -1.250 0.026 0.010 23.987 -0.049
10.248 3.686 -7.839 -1.531 0.024 0.010 24.024 -0.048
10.284 3.608 -7.857 -1.795 0.022 0.010 24.060 -0.048
10.319 3.529 -7.877 -2.041 0.020 0.010 24.095 -0.047
10.354 3.450 -7.900 -2.270 0.019 0.010 24.130 -0.046
10.387 3.371 -7.925 -2.481 0.017 0.010 24.164 -0.046
10.420 3.291 -7.952 -2.676 0.015 0.010 24.196 -0.045
10.452 3.211 -7.980 -2.853 0.014 0.010 24.229 -0.045
10.484 3.131 -8.010 -3.014 0.013 0.010 24.260 -0.044
10.514 3.051 -8.042 -3.158 0.011 0.010 24.290 -0.044
10.544 2.970 -8.075 -3.286 0.010 0.010 24.320 -0.043
10.573 2.889 -8.109 -3.398 0.009 0.010 24.349 -0.043
10.601 2.808 -8.144 -3.494 0.008 0.010 24.377 -0.043
10.628 2.726 -8.179 -3.574 0.007 0.010 24.404 -0.043
10.654 2.644 -8.216 -3.639 0.006 0.010 24.431 -0.043
10.680 2.561 -8.253 -3.689 0.006 0.010 24.456 -0.042
10.705 2.478 -8.290 -3.724 0.005 0.010 24.481 -0.042
10.729 2.395 -8.327 -3.745 0.004 0.010 24.505 -0.042
10.752 2.311 -8.365 -3.752 0.004 0.010 24.528 -0.042
10.774 2.227 -8.402 -3.745 0.003 0.010 24.550 -0.042
10.796 2.143 -8.439 -3.725 0.003 0.010 24.572 -0.042
10.816 2.058 -8.476 -3.691 0.002 0.010 24.592 -0.042
10.836 1.973 -8.513 -3.645 0.002 0.010 24.612 -0.042
10.855 1.888 -8.549 -3.586 0.002 0.010 24.631 -0.042
10.873 1.802 -8.584 -3.515 0.001 0.010 24.649 -0.042
10.890 1.716 -8.618 -3.433 0.001 0.010 24.666 -0.042
10.906 1.629 -8.652 -3.339 0.001 0.010 24.683 -0.042
10.922 1.542 -8.684 -3.234 0.001 0.010 24.698 -0.042
10.936 1.455 -8.715 -3.120 0.001 0.010 24.713 -0.042
10.950 1.368 -8.745 -2.995 0.000 0.010 24.726 -0.042
10.963 1.280 -8.774 -2.860 0.000 0.010 24.739 -0.042
10.975 1.192 -8.801 -2.717 0.000 0.010 24.751 -0.042
10.986 1.104 -8.826 -2.565 0.000 0.010 24.762 -0.042
10.996 1.015 -8.851 -2.405 0.000 0.010 24.772 -0.042
11.005 0.926 -8.873 -2.238 0.000 0.010 24.781 -0.042
11.013 0.837 -8.894 -2.064 0.000 0.010 24.790 -0.042
11.021 0.748 -8.912 -1.884 0.000 0.010 24.797 -0.042
11.028 0.659 -8.882 3.003 0.000 0.010 24.804 -0.042
11.033 0.574 -8.551 33.142 0.000 0.010 24.810 -0.042
11.038 0.494 -7.965 58.640 0.000 0.010 24.814 -0.042
11.042 0.421 -7.375 58.908 0.000 0.010 24.819 -0.042
11.046 0.353 -6.784 59.139 0.000 0.010 24.822 -0.042
11.049 0.291 -6.191 59.336 0.000 0.010 24.825 -0.042
11.051 0.235 -5.596 59.501 0.000 0.010 24.827 -0.042
11.053 0.185 -4.999 59.637 0.000 0.010 24.829 -0.042
11.054 0.141 -4.402 59.745 0.000 0.010 24.831 -0.042
11.055 0.103 -3.804 59.830 0.000 0.010 24.832 -0.042
11.056 0.071 -3.205 59.893 0.000 0.010 24.832 -0.042
11.057 0.045 -2.605 59.939 0.000 0.010 24.833 -0.042
11.057 0.025 -2.006 59.969 0.000 0.010 24.833 -0.042
11.057 0.011 -1.406 59.987 0.000 0.010 24.833 -0.042
11.057 0.003 -0.806 59.996 6.283 0.010 24.833 -0.042
11.057 0.000 -0.253 55.286 6.283 0.010 24.833 -0.042
