RightScaleCubeBack
132
0.000 0.006 0.597 59.671 3.491 0.010 0.356 -0.979
0.000 0.012 0.597 0.000 3.491 0.010 0.356 -0.979
0.000 0.027 1.492 89.506 3.491 0.010 0.356 -0.979
0.001 0.048 2.088 59.671 3.491 0.010 0.355 -0.979
0.002 0.075 2.685 59.671 3.491 0.010 0.355 -0.979
0.003 0.107 3.282 59.671 3.491 0.010 0.354 -0.980
0.004 0.146 3.879 59.671 3.491 0.010 0.352 -0.980
0.006 0.191 4.475 59.671 3.491 0.010 0.351 -0.981
0.009 0.242 5.072 59.671 3.491 0.010 0.348 -0.982
0.011 0.298 5.669 59.671 3.491 0.010 0.345 -0.983
0.015 0.361 6.265 59.671 3.491 0.010 0.342 -0.984
0.019 0.430 6.862 59.671 3.491 0.010 0.338 -0.985
0.024 0.504 7.459 59.671 3.491 0.010 0.333 -0.987
0.030 0.585 8.056 59.671 3.491 0.010 0.328 -0.989
0.037 0.671 8.652 59.671 3.491 0.010 0.322 -0.991
0.045 0.761 8.951 29.835 3.491 0.010 0.314 -0.994
0.053 0.850 8.951 0.000 3.491 0.010 0.306 -0.997
0.063 0.940 8.951 -0.000 3.491 0.010 0.298 -1.000
0.073 1.029 8.951 0.000 3.491 0.010 0.288 -1.004
0.084 1.119 8.951 -0.000 3.491 0.010 0.277 -1.008
0.096 1.208 8.951 -0.000 3.491 0.010 0.266 -1.012
0.109 1.298 8.951 -0.000 3.491 0.010 0.254 -1.016
0.123 1.387 8.951 0.000 3.491 0.010 0.241 -1.021
0.138 1.477 8.951 0.000 3.491 0.010 0.227 -1.026
0.153 1.566 8.951 -0.000 3.491 0.010 0.212 -1.031
0.170 1.656 8.951 0.000 3.491 0.010 0.197 -1.037
0.187 1.745 8.951 0.000 3.491 0.010 0.180 -1.043
0.206 1.835 8.951 0.000 3.491 0.010 0.163 -1.049
0.225 1.924 8.951 -0.000 3.491 0.010 0.145 -1.056
0.245 2.014 8.951 -0.000 3.491 0.010 0.126 -1.063
0.266 2.103 8.951 0.000 3.491 0.010 0.106 -1.070
0.288 2.193 8.951 -0.000 3.491 0.010 0.086 -1.077
0.311 2.282 8.951 0.000 3.491 0.010 0.064 -1.085
0.335 2.372 8.951 -0.000 3.491 0.010 0.042 -1.093
0.359 2.461 8.951 0.000 3.491 0.010 0.019 -1.102
0.385 2.551 8.951 -0.000 3.491 0.010 -0.005 -1.110
0.411 2.640 8.951 -0.000 3.491 0.010 -0.030 -1.119
0.438 2.730 8.951 0.000 3.491 0.010 -0.056 -1.129
0.467 2.819 8.951 -0.000 3.491 0.010 -0.082 -1.138
0.496 2.909 8.951 0.000 3.491 0.010 -0.110 -1.148
0.526 2.998 8.951 -0.000 3.491 0.010 -0.138 -1.159
0.557 3.088 8.951 -0.000 3.491 0.010 -0.167 -1.169
0.588 3.177 8.951 0.000 3.491 0.010 -0.197 -1.180
0.621 3.267 8.951 -0.000 3.491 0.010 -0.227 -1.191
0.655 3.356 8.951 -0.000 3.491 0.010 -0.259 -1.203
0.689 3.446 8.951 -0.000 3.491 0.010 -0.291 -1.215
0.724 3.535 8.951 0.000 3.491 0.010 -0.324 -1.227
0.761 3.625 8.951 -0.000 3.491 0.010 -0.359 -1.239
0.798 3.715 8.951 0.000 3.491 0.010 -0.393 -1.252
0.836 3.804 8.951 -0.000 3.491 0.010 -0.429 -1.265
0.875 3.894 8.951 0.000 3.491 0.010 -0.466 -1.278
0.915 3.980 8.652 -29.835 3.491 0.010 -0.503 -1.292
0.955 4.061 8.056 -59.671 3.491 0.010 -0.541 -1.306
0.997 4.135 7.459 -59.671 3.491 0.010 -0.580 -1.320
1.039 4.204 6.862 -59.671 3.491 0.010 -0.620 -1.334
1.081 4.266 6.265 -59.671 3.491 0.010 -0.660 -1.349
1.124 4.323 5.669 -59.671 3.491 0.010 -0.700 -1.363
1.168 4.374 5.072 -59.671 3.491 0.010 -0.741 -1.378
1.212 4.419 4.475 -59.671 3.491 0.010 -0.783 -1.394
1.257 4.457 3.879 -59.671 3.491 0.010 -0.825 -1.409
1.302 4.490 3.282 -59.671 3.491 0.010 -0.867 -1.424
1.347 4.517 2.685 -59.671 3.491 0.010 -0.910 -1.440
1.392 4.538 2.088 -59.671 3.491 0.010 -0.952 -1.455
1.438 4.553 1.492 -59.671 3.491 0.010 -0.995 -1.471
1.484 4.562 0.895 -59.671 3.491 0.010 -1.038 -1.486
1.529 4.564 0.215 -68.021 3.491 0.010 -1.081 -1.502
1.575 4.559 -0.465 -68.021 3.491 0.010 -1.124 -1.517
1.620 4.549 -1.062 -59.671 3.491 0.010 -1.166 -1.533
1.666 4.532 -1.659 -59.671 3.491 0.010 -1.209 -1.549
1.711 4.510 -2.255 -59.671 3.491 0.010 -1.251 -1.564
1.756 4.481 -2.852 -59.671 3.491 0.010 -1.293 -1.579
1.800 4.447 -3.449 -59.671 3.491 0.010 -1.335 -1.594
1.844 4.406 -4.046 -59.671 3.491 0.010 -1.377 -1.610
1.888 4.360 -4.642 -59.671 3.491 0.010 -1.418 -1.624
1.931 4.307 -5.239 -59.671 3.491 0.010 -1.458 -1.639
1.973 4.249 -5.836 -59.671 3.491 0.010 -1.498 -1.654
2.015 4.185 -6.432 -59.671 3.491 0.010 -1.537 -1.668
2.056 4.114 -7.029 -59.671 3.491 0.010 -1.576 -1.682
2.097 4.038 -7.626 -59.671 3.491 0.010 -1.614 -1.696
2.136 3.956 -8.223 -59.671 3.491 0.010 -1.651 -1.709
2.175 3.868 -8.736 -51.321 3.491 0.010 -1.687 -1.723
2.213 3.779 -8.951 -21.485 3.491 0.010 -1.723 -1.736
2.249 3.689 -8.951 0.000 3.491 0.010 -1.758 -1.748
2.285 3.600 -8.951 -0.000 3.491 0.010 -1.791 -1.761
2.321 3.510 -8.951 0.000 3.491 0.010 -1.824 -1.773
2.355 3.421 -8.951 -0.000 3.491 0.010 -1.857 -1.784
2.388 3.331 -8.951 0.000 3.491 0.010 -1.888 -1.796
2.421 3.242 -8.951 -0.000 3.491 0.010 -1.918 -1.807
2.452 3.152 -8.951 0.000 3.491 0.010 -1.948 -1.818
2.483 3.063 -8.951 -0.000 3.491 0.010 -1.977 -1.828
2.512 2.973 -8.951 0.000 3.491 0.010 -2.005 -1.838
2.541 2.884 -8.951 0.000 3.491 0.010 -2.032 -1.848
2.569 2.794 -8.951 -0.000 3.491 0.010 -2.058 -1.858
2.596 2.705 -8.951 0.000 3.491 0.010 -2.083 -1.867
2.622 2.615 -8.951 -0.000 3.491 0.010 -2.108 -1.876
2.648 2.526 -8.951 -0.000 3.491 0.010 -2.132 -1.884
2.672 2.436 -8.951 0.000 3.491 0.010 -2.155 -1.893
2.696 2.347 -8.951 0.000 3.491 0.010 -2.177 -1.901
2.718 2.257 -8.951 -0.000 3.491 0.010 -2.198 -1.908
2.740 2.168 -8.951 0.000 3.491 0.010 -2.218 -1.916
2.761 2.078 -8.951 0.000 3.491 0.010 -2.238 -1.923
2.780 1.989 -8.951 -0.000 3.491 0.010 -2.256 -1.930
2.799 1.899 -8.951 -0.000 3.491 0.010 -2.274 -1.936
2.818 1.810 -8.951 -0.000 3.491 0.010 -2.291 -1.942
2.835 1.720 -8.951 0.000 3.491 0.010 -2.307 -1.948
2.851 1.631 -8.951 -0.000 3.491 0.010 -2.323 -1.954
2.866 1.541 -8.951 0.000 3.491 0.010 -2.337 -1.959
2.881 1.452 -8.951 -0.000 3.491 0.010 -2.351 -1.964
2.895 1.362 -8.951 0.000 3.491 0.010 -2.364 -1.969
2.907 1.273 -8.951 -0.000 3.491 0.010 -2.376 -1.973
2.919 1.183 -8.951 0.000 3.491 0.010 -2.387 -1.977
2.930 1.094 -8.951 -0.000 3.491 0.010 -2.397 -1.981
2.940 1.004 -8.951 -0.000 3.491 0.010 -2.407 -1.984
2.949 0.915 -8.951 0.000 3.491 0.010 -2.415 -1.988
2.958 0.825 -8.951 0.000 3.491 0.010 -2.423 -1.990
2.965 0.736 -8.951 -0.000 3.491 0.010 -2.430 -1.993
2.971 0.647 -8.867 8.350 3.491 0.010 -2.436 -1.995
2.977 0.562 -8.485 38.185 3.491 0.010 -2.441 -1.997
2.982 0.483 -7.889 59.671 3.491 0.010 -2.446 -1.999
2.986 0.410 -7.292 59.671 3.491 0.010 -2.450 -2.000
2.989 0.343 -6.695 59.671 3.491 0.010 -2.453 -2.001
2.992 0.282 -6.098 59.671 3.491 0.010 -2.455 -2.002
2.994 0.227 -5.502 59.671 3.491 0.010 -2.458 -2.003
2.996 0.178 -4.905 59.671 3.491 0.010 -2.459 -2.004
2.998 0.135 -4.308 59.671 3.491 0.010 -2.461 -2.004
2.999 0.098 -3.712 59.671 3.491 0.010 -2.461 -2.004
2.999 0.067 -3.115 59.671 3.491 0.010 -2.462 -2.005
3.000 0.042 -2.518 59.671 3.491 0.010 -2.462 -2.005
3.000 0.023 -1.921 59.671 3.491 0.010 -2.463 -2.005
3.000 0.009 -1.325 59.671 3.491 0.010 -2.463 -2.005
3.000 0.002 -0.728 59.671 3.491 0.010 -2.463 -2.005
3.000 0.000 -0.215 51.321 3.491 0.010 -2.463 -2.005
0.000 0.006 0.597 59.671 3.491 0.010 -0.356 0.979
0.000 0.012 0.597 0.000 3.491 0.010 -0.356 0.979
0.000 0.027 1.492 89.506 3.491 0.010 -0.357 0.979
0.001 0.048 2.088 59.671 3.491 0.010 -0.357 0.979
0.002 0.075 2.685 59.671 3.491 0.010 -0.358 0.978
0.003 0.107 3.282 59.671 3.491 0.010 -0.359 0.978
0.004 0.146 3.879 59.671 3.491 0.010 -0.360 0.977
0.006 0.191 4.475 59.671 3.491 0.010 -0.362 0.977
0.009 0.242 5.072 59.671 3.491 0.010 -0.364 0.976
0.011 0.298 5.669 59.671 3.491 0.010 -0.367 0.975
0.015 0.361 6.265 59.671 3.491 0.010 -0.370 0.974
0.019 0.430 6.862 59.671 3.491 0.010 -0.374 0.972
0.024 0.504 7.459 59.671 3.491 0.010 -0.379 0.970
0.030 0.585 8.056 59.671 3.491 0.010 -0.385 0.968
0.037 0.671 8.652 59.671 3.491 0.010 -0.391 0.966
0.045 0.761 8.951 29.835 3.491 0.010 -0.398 0.964
0.053 0.850 8.951 0.000 3.491 0.010 -0.406 0.961
0.063 0.940 8.951 -0.000 3.491 0.010 -0.415 0.957
0.073 1.029 8.951 -0.000 3.491 0.010 -0.425 0.954
0.084 1.119 8.951 0.000 3.491 0.010 -0.435 0.950
0.096 1.208 8.951 -0.000 3.491 0.010 -0.447 0.946
0.109 1.298 8.951 -0.000 3.491 0.010 -0.459 0.942
0.123 1.387 8.951 0.000 3.491 0.010 -0.472 0.937
0.138 1.477 8.951 0.000 3.491 0.010 -0.486 0.932
0.153 1.566 8.951 -0.000 3.491 0.010 -0.500 0.926
0.170 1.656 8.951 0.000 3.491 0.010 -0.516 0.921
0.187 1.745 8.951 0.000 3.491 0.010 -0.532 0.915
0.206 1.835 8.951 0.000 3.491 0.010 -0.550 0.908
0.225 1.924 8.951 -0.000 3.491 0.010 -0.568 0.902
0.245 2.014 8.951 -0.000 3.491 0.010 -0.587 0.895
0.266 2.103 8.951 0.000 3.491 0.010 -0.606 0.888
0.288 2.193 8.951 -0.000 3.491 0.010 -0.627 0.880
0.311 2.282 8.951 -0.000 3.491 0.010 -0.648 0.873
0.335 2.372 8.951 0.000 3.491 0.010 -0.671 0.864
0.359 2.461 8.951 -0.000 3.491 0.010 -0.694 0.856
0.385 2.551 8.951 -0.000 3.491 0.010 -0.718 0.847
0.411 2.640 8.951 -0.000 3.491 0.010 -0.743 0.838
0.438 2.730 8.951 0.000 3.491 0.010 -0.768 0.829
0.467 2.819 8.951 0.000 3.491 0.010 -0.795 0.819
0.496 2.909 8.951 -0.000 3.491 0.010 -0.822 0.809
0.526 2.998 8.951 0.000 3.491 0.010 -0.850 0.799
0.557 3.088 8.951 -0.000 3.491 0.010 -0.879 0.788
0.588 3.177 8.951 0.000 3.491 0.010 -0.909 0.778
0.621 3.267 8.951 -0.000 3.491 0.010 -0.940 0.766
0.655 3.356 8.951 -0.000 3.491 0.010 -0.971 0.755
0.689 3.446 8.951 -0.000 3.491 0.010 -1.004 0.743
0.724 3.535 8.951 0.000 3.491 0.010 -1.037 0.731
0.761 3.625 8.951 0.000 3.491 0.010 -1.071 0.719
0.798 3.715 8.951 -0.000 3.491 0.010 -1.106 0.706
0.836 3.804 8.951 0.000 3.491 0.010 -1.142 0.693
0.875 3.894 8.951 -0.000 3.491 0.010 -1.178 0.680
0.915 3.980 8.652 -29.835 3.491 0.010 -1.216 0.666
0.955 4.061 8.056 -59.671 3.491 0.010 -1.254 0.652
0.997 4.135 7.459 -59.671 3.491 0.010 -1.293 0.638
1.039 4.204 6.862 -59.671 3.491 0.010 -1.332 0.624
1.081 4.266 6.265 -59.671 3.491 0.010 -1.372 0.609
1.124 4.323 5.669 -59.671 3.491 0.010 -1.413 0.594
1.168 4.374 5.072 -59.671 3.491 0.010 -1.454 0.579
1.212 4.419 4.475 -59.671 3.491 0.010 -1.496 0.564
1.257 4.457 3.879 -59.671 3.491 0.010 -1.537 0.549
1.302 4.490 3.282 -59.671 3.491 0.010 -1.580 0.534
1.347 4.517 2.685 -59.671 3.491 0.010 -1.622 0.518
1.392 4.538 2.088 -59.671 3.491 0.010 -1.665 0.503
1.438 4.553 1.492 -59.671 3.491 0.010 -1.707 0.487
1.484 4.562 0.895 -59.671 3.491 0.010 -1.750 0.471
1.529 4.564 0.215 -68.021 3.491 0.010 -1.793 0.456
1.575 4.559 -0.465 -68.021 3.491 0.010 -1.836 0.440
1.620 4.549 -1.062 -59.671 3.491 0.010 -1.879 0.425
1.666 4.532 -1.659 -59.671 3.491 0.010 -1.921 0.409
1.711 4.510 -2.255 -59.671 3.491 0.010 -1.964 0.394
1.756 4.481 -2.852 -59.671 3.491 0.010 -2.006 0.378
1.800 4.447 -3.449 -59.671 3.491 0.010 -2.048 0.363
1.844 4.406 -4.046 -59.671 3.491 0.010 -2.089 0.348
1.888 4.360 -4.642 -59.671 3.491 0.010 -2.130 0.333
1.931 4.307 -5.239 -59.671 3.491 0.010 -2.171 0.319
1.973 4.249 -5.836 -59.671 3.491 0.010 -2.210 0.304
2.015 4.185 -6.432 -59.671 3.491 0.010 -2.250 0.290
2.056 4.114 -7.029 -59.671 3.491 0.010 -2.288 0.276
2.097 4.038 -7.626 -59.671 3.491 0.010 -2.326 0.262
2.136 3.956 -8.223 -59.671 3.491 0.010 -2.364 0.248
2.175 3.868 -8.736 -51.321 3.491 0.010 -2.400 0.235
2.213 3.779 -8.951 -21.485 3.491 0.010 -2.435 0.222
2.249 3.689 -8.951 0.000 3.491 0.010 -2.470 0.209
2.285 3.600 -8.951 -0.000 3.491 0.010 -2.504 0.197
2.321 3.510 -8.951 0.000 3.491 0.010 -2.537 0.185
2.355 3.421 -8.951 -0.000 3.491 0.010 -2.569 0.173
2.388 3.331 -8.951 0.000 3.491 0.010 -2.600 0.162
2.421 3.242 -8.951 -0.000 3.491 0.010 -2.631 0.151
2.452 3.152 -8.951 0.000 3.491 0.010 -2.660 0.140
2.483 3.063 -8.951 -0.000 3.491 0.010 -2.689 0.130
2.512 2.973 -8.951 0.000 3.491 0.010 -2.717 0.120
2.541 2.884 -8.951 0.000 3.491 0.010 -2.744 0.110
2.569 2.794 -8.951 -0.000 3.491 0.010 -2.771 0.100
2.596 2.705 -8.951 0.000 3.491 0.010 -2.796 0.091
2.622 2.615 -8.951 -0.000 3.491 0.010 -2.821 0.082
2.648 2.526 -8.951 -0.000 3.491 0.010 -2.844 0.073
2.672 2.436 -8.951 0.000 3.491 0.010 -2.867 0.065
2.696 2.347 -8.951 0.000 3.491 0.010 -2.889 0.057
2.718 2.257 -8.951 -0.000 3.491 0.010 -2.910 0.049
2.740 2.168 -8.951 0.000 3.491 0.010 -2.931 0.042
2.761 2.078 -8.951 0.000 3.491 0.010 -2.950 0.035
2.780 1.989 -8.951 -0.000 3.491 0.010 -2.969 0.028
2.799 1.899 -8.951 -0.000 3.491 0.010 -2.987 0.021
2.818 1.810 -8.951 -0.000 3.491 0.010 -3.004 0.015
2.835 1.720 -8.951 0.000 3.491 0.010 -3.020 0.009
2.851 1.631 -8.951 -0.000 3.491 0.010 -3.035 0.004
2.866 1.541 -8.951 0.000 3.491 0.010 -3.050 -0.002
2.881 1.452 -8.951 -0.000 3.491 0.010 -3.063 -0.007
2.895 1.362 -8.951 0.000 3.491 0.010 -3.076 -0.011
2.907 1.273 -8.951 -0.000 3.491 0.010 -3.088 -0.016
2.919 1.183 -8.951 0.000 3.491 0.010 -3.099 -0.020
2.930 1.094 -8.951 -0.000 3.491 0.010 -3.110 -0.023
2.940 1.004 -8.951 -0.000 3.491 0.010 -3.119 -0.027
2.949 0.915 -8.951 0.000 3.491 0.010 -3.128 -0.030
2.958 0.825 -8.951 0.000 3.491 0.010 -3.135 -0.033
2.965 0.736 -8.951 -0.000 3.491 0.010 -3.142 -0.035
2.971 0.647 -8.867 8.350 3.491 0.010 -3.148 -0.037
2.977 0.562 -8.485 38.185 3.491 0.010 -3.154 -0.039
2.982 0.483 -7.889 59.671 3.491 0.010 -3.158 -0.041
2.986 0.410 -7.292 59.671 3.491 0.010 -3.162 -0.042
2.989 0.343 -6.695 59.671 3.491 0.010 -3.165 -0.044
2.992 0.282 -6.098 59.671 3.491 0.010 -3.168 -0.045
2.994 0.227 -5.502 59.671 3.491 0.010 -3.170 -0.045
2.996 0.178 -4.905 59.671 3.491 0.010 -3.172 -0.046
2.998 0.135 -4.308 59.671 3.491 0.010 -3.173 -0.046
2.999 0.098 -3.712 59.671 3.491 0.010 -3.174 -0.047
2.999 0.067 -3.115 59.671 3.491 0.010 -3.175 -0.047
3.000 0.042 -2.518 59.671 3.491 0.010 -3.175 -0.047
3.000 0.023 -1.921 59.671 3.491 0.010 -3.175 -0.047
3.000 0.009 -1.325 59.671 3.491 0.010 -3.175 -0.047
3.000 0.002 -0.728 59.671 3.491 0.010 -3.175 -0.047
3.000 0.000 -0.215 51.321 3.491 0.010 -3.175 -0.047
