RightScaleForwards
112
0.000 0.006 0.589 58.878 2.618 0.010 -0.521 -0.902
0.000 0.012 0.589 0.000 2.618 0.010 -0.521 -0.902
0.000 0.026 1.472 88.317 2.618 0.010 -0.521 -0.902
0.001 0.047 2.061 58.878 2.618 0.010 -0.522 -0.902
0.002 0.074 2.650 58.878 2.618 0.010 -0.522 -0.901
0.003 0.106 3.238 58.878 2.618 0.010 -0.523 -0.901
0.004 0.144 3.827 58.878 2.618 0.010 -0.524 -0.900
0.006 0.188 4.416 58.878 2.618 0.010 -0.526 -0.899
0.008 0.238 5.005 58.878 2.618 0.010 -0.528 -0.898
0.011 0.294 5.593 58.878 2.618 0.010 -0.531 -0.896
0.015 0.356 6.182 58.878 2.618 0.010 -0.534 -0.895
0.019 0.424 6.771 58.878 2.618 0.010 -0.537 -0.893
0.024 0.498 7.360 58.878 2.618 0.010 -0.542 -0.890
0.030 0.577 7.949 58.878 2.618 0.010 -0.547 -0.887
0.037 0.662 8.537 58.878 2.618 0.010 -0.552 -0.884
0.044 0.751 8.832 29.439 2.618 0.010 -0.559 -0.880
0.052 0.839 8.832 -0.000 2.618 0.010 -0.566 -0.876
0.062 0.927 8.832 0.000 2.618 0.010 -0.574 -0.871
0.072 1.016 8.832 -0.000 2.618 0.010 -0.583 -0.866
0.083 1.104 8.832 0.000 2.618 0.010 -0.593 -0.861
0.095 1.192 8.832 0.000 2.618 0.010 -0.603 -0.855
0.108 1.281 8.832 0.000 2.618 0.010 -0.614 -0.848
0.121 1.369 8.832 -0.000 2.618 0.010 -0.626 -0.841
0.136 1.457 8.832 0.000 2.618 0.010 -0.638 -0.834
0.151 1.546 8.832 -0.000 2.618 0.010 -0.652 -0.826
0.168 1.634 8.832 -0.000 2.618 0.010 -0.666 -0.818
0.185 1.722 8.832 0.000 2.618 0.010 -0.681 -0.810
0.203 1.811 8.832 -0.000 2.618 0.010 -0.697 -0.801
0.222 1.899 8.832 0.000 2.618 0.010 -0.713 -0.791
0.242 1.987 8.832 -0.000 2.618 0.010 -0.730 -0.781
0.263 2.075 8.832 -0.000 2.618 0.010 -0.748 -0.771
0.284 2.164 8.832 0.000 2.618 0.010 -0.767 -0.760
0.307 2.252 8.832 0.000 2.618 0.010 -0.786 -0.749
0.330 2.340 8.832 -0.000 2.618 0.010 -0.807 -0.737
0.354 2.429 8.832 -0.000 2.618 0.010 -0.828 -0.725
0.380 2.517 8.832 0.000 2.618 0.010 -0.850 -0.712
0.406 2.605 8.832 -0.000 2.618 0.010 -0.872 -0.699
0.433 2.694 8.832 0.000 2.618 0.010 -0.895 -0.686
0.460 2.782 8.832 0.000 2.618 0.010 -0.920 -0.672
0.489 2.870 8.832 -0.000 2.618 0.010 -0.944 -0.658
0.519 2.959 8.832 -0.000 2.618 0.010 -0.970 -0.643
0.549 3.044 8.537 -29.439 2.618 0.010 -0.996 -0.628
0.580 3.123 7.949 -58.878 2.618 0.010 -1.023 -0.612
0.612 3.197 7.360 -58.878 2.618 0.010 -1.051 -0.596
0.645 3.265 6.771 -58.878 2.618 0.010 -1.079 -0.580
0.678 3.327 6.182 -58.878 2.618 0.010 -1.108 -0.563
0.712 3.383 5.593 -58.878 2.618 0.010 -1.138 -0.546
0.746 3.433 5.005 -58.878 2.618 0.010 -1.167 -0.529
0.781 3.477 4.416 -58.878 2.618 0.010 -1.197 -0.512
0.816 3.515 3.827 -58.878 2.618 0.010 -1.228 -0.494
0.852 3.547 3.238 -58.878 2.618 0.010 -1.259 -0.476
0.888 3.574 2.650 -58.878 2.618 0.010 -1.289 -0.458
0.924 3.595 2.061 -58.878 2.618 0.010 -1.321 -0.440
0.960 3.609 1.472 -58.878 2.618 0.010 -1.352 -0.422
0.996 3.618 0.883 -58.878 2.618 0.010 -1.383 -0.404
1.032 3.619 0.069 -81.448 2.618 0.010 -1.415 -0.386
1.068 3.611 -0.746 -81.448 2.618 0.010 -1.446 -0.368
1.104 3.598 -1.335 -58.878 2.618 0.010 -1.477 -0.350
1.140 3.579 -1.923 -58.878 2.618 0.010 -1.508 -0.332
1.175 3.554 -2.512 -58.878 2.618 0.010 -1.539 -0.314
1.211 3.523 -3.101 -58.878 2.618 0.010 -1.569 -0.297
1.245 3.486 -3.690 -58.878 2.618 0.010 -1.599 -0.279
1.280 3.443 -4.278 -58.878 2.618 0.010 -1.629 -0.262
1.314 3.394 -4.867 -58.878 2.618 0.010 -1.659 -0.245
1.347 3.340 -5.456 -58.878 2.618 0.010 -1.688 -0.228
1.380 3.279 -6.045 -58.878 2.618 0.010 -1.716 -0.212
1.412 3.213 -6.634 -58.878 2.618 0.010 -1.744 -0.196
1.444 3.141 -7.222 -58.878 2.618 0.010 -1.771 -0.180
1.474 3.063 -7.811 -58.878 2.618 0.010 -1.798 -0.165
1.504 2.979 -8.400 -58.878 2.618 0.010 -1.823 -0.150
1.533 2.891 -8.763 -36.308 2.618 0.010 -1.848 -0.136
1.561 2.803 -8.832 -6.869 2.618 0.010 -1.873 -0.122
1.588 2.714 -8.832 -0.000 2.618 0.010 -1.896 -0.108
1.614 2.626 -8.832 0.000 2.618 0.010 -1.919 -0.095
1.640 2.538 -8.832 0.000 2.618 0.010 -1.941 -0.082
1.664 2.449 -8.832 -0.000 2.618 0.010 -1.962 -0.070
1.688 2.361 -8.832 0.000 2.618 0.010 -1.982 -0.058
1.711 2.273 -8.832 -0.000 2.618 0.010 -2.002 -0.047
1.732 2.184 -8.832 0.000 2.618 0.010 -2.021 -0.036
1.753 2.096 -8.832 0.000 2.618 0.010 -2.039 -0.025
1.773 2.008 -8.832 0.000 2.618 0.010 -2.057 -0.015
1.793 1.919 -8.832 -0.000 2.618 0.010 -2.073 -0.006
1.811 1.831 -8.832 0.000 2.618 0.010 -2.089 0.003
1.828 1.743 -8.832 0.000 2.618 0.010 -2.104 0.012
1.845 1.654 -8.832 -0.000 2.618 0.010 -2.119 0.020
1.861 1.566 -8.832 0.000 2.618 0.010 -2.132 0.028
1.875 1.478 -8.832 0.000 2.618 0.010 -2.145 0.036
1.889 1.390 -8.832 -0.000 2.618 0.010 -2.157 0.042
1.902 1.301 -8.832 0.000 2.618 0.010 -2.168 0.049
1.914 1.213 -8.832 -0.000 2.618 0.010 -2.179 0.055
1.926 1.125 -8.832 0.000 2.618 0.010 -2.188 0.061
1.936 1.036 -8.832 0.000 2.618 0.010 -2.197 0.066
1.945 0.948 -8.832 0.000 2.618 0.010 -2.206 0.071
1.954 0.860 -8.832 -0.000 2.618 0.010 -2.213 0.075
1.962 0.771 -8.832 0.000 2.618 0.010 -2.220 0.079
1.969 0.683 -8.832 0.000 2.618 0.010 -2.226 0.082
1.975 0.597 -8.606 22.570 2.618 0.010 -2.231 0.085
1.980 0.516 -8.086 52.009 2.618 0.010 -2.235 0.088
1.984 0.441 -7.497 58.878 2.618 0.010 -2.239 0.090
1.988 0.372 -6.908 58.878 2.618 0.010 -2.242 0.092
1.991 0.309 -6.320 58.878 2.618 0.010 -2.245 0.093
1.993 0.252 -5.731 58.878 2.618 0.010 -2.247 0.095
1.995 0.200 -5.142 58.878 2.618 0.010 -2.249 0.096
1.997 0.155 -4.553 58.878 2.618 0.010 -2.250 0.096
1.998 0.115 -3.964 58.878 2.618 0.010 -2.251 0.097
1.999 0.081 -3.376 58.878 2.618 0.010 -2.252 0.097
1.999 0.053 -2.787 58.878 2.618 0.010 -2.252 0.098
2.000 0.031 -2.198 58.878 2.618 0.010 -2.253 0.098
2.000 0.015 -1.609 58.878 2.618 0.010 -2.253 0.098
2.000 0.005 -1.021 58.878 2.618 0.010 -2.253 0.098
2.000 0.001 -0.432 58.878 2.618 0.010 -2.253 0.098
2.000 0.000 -0.069 36.308 2.618 0.010 -2.253 0.098
0.000 0.006 0.589 58.878 2.618 0.010 0.521 0.902
0.000 0.012 0.589 0.000 2.618 0.010 0.521 0.902
0.000 0.026 1.472 88.317 2.618 0.010 0.520 0.902
0.001 0.047 2.061 58.878 2.618 0.010 0.520 0.903
0.002 0.074 2.650 58.878 2.618 0.010 0.519 0.903
0.003 0.106 3.238 58.878 2.618 0.010 0.519 0.903
0.004 0.144 3.827 58.878 2.618 0.010 0.517 0.904
0.006 0.188 4.416 58.878 2.618 0.010 0.516 0.905
0.008 0.238 5.005 58.878 2.618 0.010 0.514 0.906
0.011 0.294 5.593 58.878 2.618 0.010 0.511 0.908
0.015 0.356 6.182 58.878 2.618 0.010 0.508 0.910
0.019 0.424 6.771 58.878 2.618 0.010 0.504 0.912
0.024 0.498 7.360 58.878 2.618 0.010 0.500 0.914
0.030 0.577 7.949 58.878 2.618 0.010 0.495 0.917
0.037 0.662 8.537 58.878 2.618 0.010 0.489 0.920
0.044 0.751 8.832 29.439 2.618 0.010 0.483 0.924
0.052 0.839 8.832 -0.000 2.618 0.010 0.475 0.928
0.062 0.927 8.832 0.000 2.618 0.010 0.467 0.933
0.072 1.016 8.832 -0.000 2.618 0.010 0.459 0.938
0.083 1.104 8.832 0.000 2.618 0.010 0.449 0.944
0.095 1.192 8.832 0.000 2.618 0.010 0.439 0.950
0.108 1.281 8.832 0.000 2.618 0.010 0.428 0.956
0.121 1.369 8.832 -0.000 2.618 0.010 0.416 0.963
0.136 1.457 8.832 0.000 2.618 0.010 0.403 0.970
0.151 1.546 8.832 -0.000 2.618 0.010 0.390 0.978
0.168 1.634 8.832 -0.000 2.618 0.010 0.376 0.986
0.185 1.722 8.832 0.000 2.618 0.010 0.361 0.995
0.203 1.811 8.832 -0.000 2.618 0.010 0.345 1.004
0.222 1.899 8.832 0.000 2.618 0.010 0.329 1.013
0.242 1.987 8.832 0.000 2.618 0.010 0.311 1.023
0.263 2.075 8.832 -0.000 2.618 0.010 0.293 1.033
0.284 2.164 8.832 0.000 2.618 0.010 0.275 1.044
0.307 2.252 8.832 0.000 2.618 0.010 0.255 1.055
0.330 2.340 8.832 -0.000 2.618 0.010 0.235 1.067
0.354 2.429 8.832 -0.000 2.618 0.010 0.214 1.079
0.380 2.517 8.832 -0.000 2.618 0.010 0.192 1.092
0.406 2.605 8.832 0.000 2.618 0.010 0.170 1.105
0.433 2.694 8.832 -0.000 2.618 0.010 0.146 1.118
0.460 2.782 8.832 0.000 2.618 0.010 0.122 1.132
0.489 2.870 8.832 -0.000 2.618 0.010 0.097 1.147
0.519 2.959 8.832 0.000 2.618 0.010 0.072 1.161
0.549 3.044 8.537 -29.439 2.618 0.010 0.045 1.177
0.580 3.123 7.949 -58.878 2.618 0.010 0.018 1.192
0.612 3.197 7.360 -58.878 2.618 0.010 -0.009 1.208
0.645 3.265 6.771 -58.878 2.618 0.010 -0.038 1.225
0.678 3.327 6.182 -58.878 2.618 0.010 -0.067 1.241
0.712 3.383 5.593 -58.878 2.618 0.010 -0.096 1.258
0.746 3.433 5.005 -58.878 2.618 0.010 -0.126 1.275
0.781 3.477 4.416 -58.878 2.618 0.010 -0.156 1.293
0.816 3.515 3.827 -58.878 2.618 0.010 -0.186 1.310
0.852 3.547 3.238 -58.878 2.618 0.010 -0.217 1.328
0.888 3.574 2.650 -58.878 2.618 0.010 -0.248 1.346
0.924 3.595 2.061 -58.878 2.618 0.010 -0.279 1.364
0.960 3.609 1.472 -58.878 2.618 0.010 -0.310 1.382
0.996 3.618 0.883 -58.878 2.618 0.010 -0.342 1.400
1.032 3.619 0.069 -81.448 2.618 0.010 -0.373 1.418
1.068 3.611 -0.746 -81.448 2.618 0.010 -0.404 1.436
1.104 3.598 -1.335 -58.878 2.618 0.010 -0.435 1.454
1.140 3.579 -1.923 -58.878 2.618 0.010 -0.466 1.472
1.175 3.554 -2.512 -58.878 2.618 0.010 -0.497 1.490
1.211 3.523 -3.101 -58.878 2.618 0.010 -0.528 1.507
1.245 3.486 -3.690 -58.878 2.618 0.010 -0.558 1.525
1.280 3.443 -4.278 -58.878 2.618 0.010 -0.588 1.542
1.314 3.394 -4.867 -58.878 2.618 0.010 -0.617 1.559
1.347 3.340 -5.456 -58.878 2.618 0.010 -0.646 1.576
1.380 3.279 -6.045 -58.878 2.618 0.010 -0.674 1.592
1.412 3.213 -6.634 -58.878 2.618 0.010 -0.702 1.608
1.444 3.141 -7.222 -58.878 2.618 0.010 -0.729 1.624
1.474 3.063 -7.811 -58.878 2.618 0.010 -0.756 1.639
1.504 2.979 -8.400 -58.878 2.618 0.010 -0.782 1.654
1.533 2.891 -8.763 -36.308 2.618 0.010 -0.807 1.669
1.561 2.803 -8.832 -6.869 2.618 0.010 -0.831 1.683
1.588 2.714 -8.832 -0.000 2.618 0.010 -0.854 1.696
1.614 2.626 -8.832 0.000 2.618 0.010 -0.877 1.709
1.640 2.538 -8.832 0.000 2.618 0.010 -0.899 1.722
1.664 2.449 -8.832 -0.000 2.618 0.010 -0.920 1.734
1.688 2.361 -8.832 -0.000 2.618 0.010 -0.941 1.746
1.711 2.273 -8.832 0.000 2.618 0.010 -0.961 1.757
1.732 2.184 -8.832 -0.000 2.618 0.010 -0.979 1.768
1.753 2.096 -8.832 0.000 2.618 0.010 -0.998 1.779
1.773 2.008 -8.832 0.000 2.618 0.010 -1.015 1.789
1.793 1.919 -8.832 -0.000 2.618 0.010 -1.032 1.798
1.811 1.831 -8.832 0.000 2.618 0.010 -1.047 1.808
1.828 1.743 -8.832 0.000 2.618 0.010 -1.063 1.816
1.845 1.654 -8.832 -0.000 2.618 0.010 -1.077 1.825
1.861 1.566 -8.832 0.000 2.618 0.010 -1.090 1.832
1.875 1.478 -8.832 0.000 2.618 0.010 -1.103 1.840
1.889 1.390 -8.832 -0.000 2.618 0.010 -1.115 1.847
1.902 1.301 -8.832 0.000 2.618 0.010 -1.127 1.853
1.914 1.213 -8.832 -0.000 2.618 0.010 -1.137 1.859
1.926 1.125 -8.832 0.000 2.618 0.010 -1.147 1.865
1.936 1.036 -8.832 -0.000 2.618 0.010 -1.156 1.870
1.945 0.948 -8.832 0.000 2.618 0.010 -1.164 1.875
1.954 0.860 -8.832 -0.000 2.618 0.010 -1.171 1.879
1.962 0.771 -8.832 0.000 2.618 0.010 -1.178 1.883
1.969 0.683 -8.832 -0.000 2.618 0.010 -1.184 1.886
1.975 0.597 -8.606 22.570 2.618 0.010 -1.189 1.889
1.980 0.516 -8.086 52.009 2.618 0.010 -1.194 1.892
1.984 0.441 -7.497 58.878 2.618 0.010 -1.197 1.894
1.988 0.372 -6.908 58.878 2.618 0.010 -1.201 1.896
1.991 0.309 -6.320 58.878 2.618 0.010 -1.203 1.898
1.993 0.252 -5.731 58.878 2.618 0.010 -1.206 1.899
1.995 0.200 -5.142 58.878 2.618 0.010 -1.207 1.900
1.997 0.155 -4.553 58.878 2.618 0.010 -1.209 1.901
1.998 0.115 -3.964 58.878 2.618 0.010 -1.210 1.901
1.999 0.081 -3.376 58.878 2.618 0.010 -1.210 1.902
1.999 0.053 -2.787 58.878 2.618 0.010 -1.211 1.902
2.000 0.031 -2.198 58.878 2.618 0.010 -1.211 1.902
2.000 0.015 -1.609 58.878 2.618 0.010 -1.211 1.902
2.000 0.005 -1.021 58.878 2.618 0.010 -1.211 1.902
2.000 0.001 -0.432 58.878 2.618 0.010 -1.211 1.902
2.000 0.000 -0.069 36.308 2.618 0.010 -1.211 1.902
