RightLeftDrive
459
0.000 0.006 0.597 59.701 0.000 0.010 0.000 1.042
0.000 0.012 0.597 -0.000 0.000 0.010 0.000 1.042
0.000 0.027 1.493 89.552 0.000 0.010 0.000 1.042
0.001 0.048 2.090 59.701 0.000 0.010 0.001 1.042
0.002 0.075 2.687 59.701 0.000 0.010 0.002 1.042
0.003 0.107 3.284 59.701 0.000 0.010 0.003 1.042
0.004 0.146 3.881 59.701 0.000 0.010 0.004 1.042
0.006 0.191 4.478 59.701 0.000 0.010 0.006 1.042
0.009 0.242 5.075 59.701 0.000 0.010 0.009 1.042
0.011 0.299 5.672 59.701 0.000 0.010 0.011 1.042
0.015 0.358 5.970 29.851 0.000 0.010 0.015 1.042
0.019 0.418 5.970 -0.000 0.000 0.010 0.019 1.042
0.024 0.478 5.970 0.000 0.000 0.010 0.024 1.042
0.029 0.537 5.970 -0.000 0.000 0.010 0.029 1.042
0.035 0.597 5.970 -0.000 0.000 0.010 0.035 1.042
0.042 0.657 5.970 0.000 0.000 0.010 0.042 1.042
0.049 0.716 5.970 0.000 0.000 0.010 0.049 1.042
0.057 0.776 5.970 -0.000 0.000 0.010 0.057 1.042
0.065 0.836 5.970 0.000 0.000 0.010 0.065 1.042
0.074 0.896 5.970 -0.000 0.000 0.010 0.074 1.042
0.084 0.955 5.970 0.000 0.000 0.010 0.084 1.042
0.094 1.015 5.970 0.000 0.000 0.010 0.094 1.042
0.105 1.075 5.970 -0.000 0.000 0.010 0.105 1.042
0.116 1.134 5.970 -0.000 0.000 0.010 0.116 1.042
0.128 1.194 5.970 0.000 0.000 0.010 0.128 1.042
0.140 1.254 5.970 -0.000 0.000 0.010 0.140 1.042
0.154 1.313 5.970 0.000 0.000 0.010 0.154 1.042
0.167 1.373 5.970 0.000 0.000 0.010 0.167 1.042
0.182 1.433 5.970 -0.000 0.000 0.010 0.182 1.042
0.197 1.493 5.970 0.000 0.000 0.010 0.197 1.042
0.212 1.552 5.970 -0.000 0.000 0.010 0.212 1.042
0.228 1.612 5.970 0.000 0.000 0.010 0.228 1.042
0.245 1.672 5.970 -0.000 0.000 0.010 0.245 1.042
0.262 1.731 5.970 0.000 0.000 0.010 0.262 1.042
0.280 1.791 5.970 0.000 0.000 0.010 0.280 1.042
0.299 1.851 5.970 0.000 0.000 0.010 0.299 1.042
0.318 1.910 5.970 -0.000 0.000 0.010 0.318 1.042
0.337 1.970 5.970 -0.000 0.000 0.010 0.337 1.042
0.358 2.030 5.970 0.000 0.000 0.010 0.358 1.042
0.379 2.090 5.970 0.000 0.000 0.010 0.379 1.042
0.400 2.149 5.970 -0.000 0.000 0.010 0.400 1.042
0.422 2.209 5.970 0.000 0.000 0.010 0.422 1.042
0.445 2.269 5.970 0.000 0.000 0.010 0.445 1.042
0.468 2.328 5.970 -0.000 0.000 0.010 0.468 1.042
0.492 2.388 5.970 0.000 0.000 0.010 0.492 1.042
0.517 2.448 5.970 -0.000 0.000 0.010 0.517 1.042
0.542 2.507 5.970 0.000 0.000 0.010 0.542 1.042
0.567 2.567 5.970 -0.000 0.000 0.010 0.567 1.042
0.594 2.627 5.970 0.000 0.000 0.010 0.594 1.042
0.620 2.687 5.970 -0.000 0.000 0.010 0.620 1.042
0.648 2.746 5.970 0.000 0.000 0.010 0.648 1.042
0.676 2.806 5.970 -0.000 0.000 0.010 0.676 1.042
0.705 2.866 5.970 -0.000 0.000 0.010 0.705 1.042
0.734 2.925 5.970 -0.000 0.000 0.010 0.734 1.042
0.764 2.985 5.970 0.000 0.000 0.010 0.764 1.042
0.794 3.045 5.970 -0.000 0.000 0.010 0.794 1.042
0.825 3.104 5.970 0.000 0.000 0.010 0.825 1.042
0.857 3.164 5.970 -0.000 0.000 0.010 0.857 1.042
0.889 3.224 5.970 0.000 0.000 0.010 0.889 1.042
0.922 3.284 5.970 0.000 0.000 0.010 0.922 1.042
0.955 3.343 5.970 -0.000 0.000 0.010 0.955 1.042
0.989 3.403 5.970 0.000 0.000 0.010 0.989 1.042
1.024 3.463 5.970 0.000 0.000 0.010 1.024 1.042
1.059 3.522 5.970 -0.000 0.000 0.010 1.059 1.042
1.095 3.582 5.970 0.000 0.000 0.010 1.095 1.042
1.131 3.642 5.970 0.000 0.000 0.010 1.131 1.042
1.169 3.701 5.970 -0.000 0.000 0.010 1.169 1.042
1.206 3.761 5.970 0.000 0.000 0.010 1.206 1.042
1.244 3.821 5.970 -0.000 0.000 0.010 1.244 1.042
1.283 3.881 5.970 -0.000 0.000 0.010 1.283 1.042
1.323 3.940 5.970 0.000 0.000 0.010 1.323 1.042
1.363 4.000 5.970 0.000 0.000 0.010 1.363 1.042
1.403 4.060 5.970 0.000 0.000 0.010 1.403 1.042
1.444 4.119 5.970 0.000 0.000 0.010 1.444 1.042
1.486 4.179 5.970 -0.000 0.000 0.010 1.486 1.042
1.529 4.239 5.970 0.000 0.000 0.010 1.529 1.042
1.571 4.299 5.970 0.000 0.000 0.010 1.571 1.042
1.615 4.358 5.970 -0.000 0.000 0.010 1.615 1.042
1.659 4.418 5.970 0.000 0.000 0.010 1.659 1.042
1.704 4.478 5.970 -0.000 0.000 0.010 1.704 1.042
1.749 4.537 5.970 -0.000 0.000 0.010 1.749 1.042
1.795 4.597 5.970 0.000 0.000 0.010 1.795 1.042
1.842 4.657 5.970 -0.000 0.000 0.010 1.842 1.042
1.889 4.716 5.970 0.000 0.000 0.010 1.889 1.042
1.937 4.776 5.970 -0.000 0.000 0.010 1.937 1.042
1.985 4.836 5.970 0.000 0.000 0.010 1.985 1.042
2.034 4.896 5.970 -0.000 0.000 0.010 2.034 1.042
2.084 4.955 5.970 0.000 0.000 0.010 2.084 1.042
2.134 5.015 5.970 -0.000 0.000 0.010 2.134 1.042
2.185 5.075 5.970 0.000 0.000 0.010 2.185 1.042
2.236 5.134 5.970 -0.000 0.000 0.010 2.236 1.042
2.288 5.194 5.970 0.000 0.000 0.010 2.288 1.042
2.340 5.254 5.970 -0.000 0.000 0.010 2.340 1.042
2.394 5.313 5.970 0.000 0.000 0.010 2.394 1.042
2.447 5.373 5.970 0.000 0.000 0.010 2.447 1.042
2.502 5.433 5.970 -0.000 0.000 0.010 2.502 1.042
2.557 5.493 5.970 0.000 0.000 0.010 2.557 1.042
2.612 5.552 5.970 -0.000 0.000 0.010 2.612 1.042
2.668 5.612 5.970 -0.000 0.000 0.010 2.668 1.042
2.725 5.672 5.970 0.000 0.000 0.010 2.725 1.042
2.782 5.731 5.970 -0.000 0.000 0.010 2.782 1.042
2.840 5.791 5.970 0.000 0.000 0.010 2.840 1.042
2.899 5.851 5.970 -0.000 0.000 0.010 2.899 1.042
2.958 5.910 5.970 0.000 0.000 0.010 2.958 1.042
3.017 5.970 5.970 0.000 0.000 0.010 3.017 1.042
3.078 6.030 5.970 -0.000 0.000 0.010 3.078 1.042
3.139 6.090 5.970 0.000 0.000 0.010 3.139 1.042
3.200 6.149 5.970 0.000 0.000 0.010 3.200 1.042
3.262 6.209 5.970 -0.000 0.000 0.010 3.262 1.042
3.325 6.269 5.970 0.000 0.000 0.010 3.325 1.042
3.388 6.328 5.970 -0.000 0.000 0.010 3.388 1.042
3.452 6.388 5.970 0.000 0.000 0.010 3.452 1.042
3.517 6.448 5.970 0.000 0.000 0.010 3.517 1.042
3.582 6.507 5.970 0.000 0.000 0.010 3.582 1.042
3.647 6.567 5.970 -0.000 0.000 0.010 3.647 1.042
3.714 6.627 5.970 0.000 0.000 0.010 3.714 1.042
3.780 6.687 5.970 -0.000 0.000 0.010 3.780 1.042
3.848 6.746 5.970 0.000 0.000 0.010 3.848 1.042
3.916 6.806 5.970 -0.000 0.000 0.010 3.916 1.042
3.985 6.866 5.970 -0.000 0.000 0.010 3.985 1.042
4.054 6.925 5.970 0.000 0.000 0.010 4.054 1.042
4.124 6.985 5.970 0.000 0.000 0.010 4.124 1.042
4.194 7.045 5.970 -0.000 0.000 0.010 4.194 1.042
4.265 7.104 5.970 0.000 0.000 0.010 4.265 1.042
4.337 7.164 5.970 -0.000 0.000 0.010 4.337 1.042
4.409 7.224 5.970 0.000 0.000 0.010 4.409 1.042
4.482 7.284 5.970 0.000 0.000 0.010 4.482 1.042
4.555 7.343 5.970 -0.000 0.000 0.010 4.555 1.042
4.629 7.403 5.970 -0.000 0.000 0.010 4.629 1.042
4.704 7.463 5.970 0.000 0.000 0.010 4.704 1.042
4.779 7.522 5.970 0.000 0.000 0.010 4.779 1.042
4.855 7.582 5.970 -0.000 0.000 0.010 4.855 1.042
4.931 7.642 5.970 0.000 0.000 0.010 4.931 1.042
5.009 7.701 5.970 0.000 0.000 0.010 5.009 1.042
5.086 7.758 5.672 -29.851 0.000 0.010 5.086 1.042
5.164 7.809 5.075 -59.701 0.000 0.010 5.164 1.042
5.243 7.854 4.478 -59.701 0.000 0.010 5.243 1.042
5.322 7.893 3.881 -59.701 0.000 0.010 5.322 1.042
5.401 7.925 3.284 -59.701 0.000 0.010 5.401 1.042
5.480 7.952 2.687 -59.701 0.000 0.010 5.480 1.042
5.560 7.973 2.090 -59.701 0.000 0.010 5.560 1.042
5.640 7.988 1.493 -59.701 0.000 0.010 5.640 1.042
5.720 7.997 0.896 -59.701 0.000 0.010 5.720 1.042
5.800 8.000 0.299 -59.701 0.000 0.010 5.800 1.042
5.880 8.000 -0.000 -29.851 0.000 0.010 5.880 1.042
5.960 8.000 0.000 0.000 0.000 0.010 5.960 1.042
6.040 8.000 0.000 0.000 0.000 0.010 6.040 1.042
6.120 8.000 0.000 0.000 0.000 0.010 6.120 1.042
6.200 8.000 -0.000 -0.000 0.000 0.010 6.200 1.042
6.280 8.000 0.000 0.000 0.000 0.010 6.280 1.042
6.360 8.000 0.000 -0.000 0.000 0.010 6.360 1.042
6.440 8.000 0.000 0.000 0.000 0.010 6.440 1.042
6.520 8.000 0.000 0.000 0.000 0.010 6.520 1.042
6.600 8.000 0.000 0.000 0.000 0.010 6.600 1.042
6.680 8.000 0.000 0.000 0.000 0.010 6.680 1.042
6.760 8.000 0.000 0.000 0.000 0.010 6.760 1.042
6.840 8.000 0.000 0.000 0.000 0.010 6.840 1.042
6.920 8.000 0.000 0.000 0.000 0.010 6.920 1.042
7.000 8.000 0.000 0.000 0.000 0.010 7.000 1.042
7.080 8.000 0.000 0.000 0.000 0.010 7.080 1.042
7.160 8.000 0.000 0.000 0.000 0.010 7.160 1.042
7.240 8.000 0.000 0.000 0.000 0.010 7.240 1.042
7.320 8.000 0.000 0.000 0.000 0.010 7.320 1.042
7.400 8.000 -0.000 -0.000 0.000 0.010 7.400 1.042
7.480 8.000 0.000 0.000 0.000 0.010 7.480 1.042
7.560 8.000 0.000 -0.000 0.000 0.010 7.560 1.042
7.640 8.000 0.000 0.000 0.000 0.010 7.640 1.042
7.720 8.000 0.000 0.000 0.000 0.010 7.720 1.042
7.800 8.000 0.000 0.000 0.000 0.010 7.800 1.042
7.880 8.000 0.000 0.000 0.000 0.010 7.880 1.042
7.960 8.000 0.000 0.000 0.000 0.010 7.960 1.042
8.040 8.000 0.000 0.000 0.000 0.010 8.040 1.042
8.120 8.000 0.000 0.000 0.000 0.010 8.120 1.042
8.200 8.000 0.000 0.000 0.000 0.010 8.200 1.042
8.280 8.000 0.000 0.000 0.000 0.010 8.280 1.042
8.360 8.000 0.000 0.000 0.000 0.010 8.360 1.042
8.440 8.000 0.000 0.000 0.000 0.010 8.440 1.042
8.520 8.000 0.000 0.000 0.000 0.010 8.520 1.042
8.600 8.000 0.000 0.000 0.000 0.010 8.600 1.042
8.680 8.000 0.000 0.000 0.000 0.010 8.680 1.042
8.760 8.000 0.000 0.000 0.000 0.010 8.760 1.042
8.840 8.000 0.000 0.000 0.000 0.010 8.840 1.042
8.920 8.000 0.000 0.000 0.000 0.010 8.920 1.042
9.000 8.000 0.000 0.000 0.000 0.010 9.000 1.042
9.080 8.000 0.000 0.000 0.000 0.010 9.080 1.042
9.160 8.000 0.000 0.000 0.000 0.010 9.160 1.042
9.240 8.000 0.000 0.000 0.000 0.010 9.240 1.042
9.320 8.000 0.000 0.000 0.000 0.010 9.320 1.042
9.400 8.000 0.000 0.000 0.000 0.010 9.400 1.042
9.480 8.000 0.000 0.000 0.000 0.010 9.480 1.042
9.560 8.000 0.000 0.000 0.000 0.010 9.560 1.042
9.640 8.000 0.000 0.000 0.000 0.010 9.640 1.042
9.720 8.000 0.000 0.000 0.000 0.010 9.720 1.042
9.800 8.000 0.000 0.000 0.000 0.010 9.800 1.042
9.880 8.000 0.000 0.000 0.000 0.010 9.880 1.042
9.960 8.000 -0.000 -0.000 0.000 0.010 9.960 1.042
10.040 8.002 0.188 18.822 6.283 0.010 10.040 1.042
10.120 8.015 1.309 112.056 6.283 0.010 10.120 1.042
10.200 8.030 1.477 16.773 6.283 0.010 10.200 1.042
10.281 8.044 1.459 -1.789 6.282 0.010 10.281 1.042
10.361 8.059 1.444 -1.439 6.282 0.010 10.361 1.041
10.442 8.073 1.433 -1.104 6.281 0.010 10.442 1.041
10.523 8.087 1.425 -0.781 6.280 0.010 10.523 1.041
10.604 8.102 1.421 -0.467 6.279 0.010 10.604 1.041
10.685 8.116 1.419 -0.163 6.278 0.010 10.685 1.040
10.767 8.130 1.420 0.136 6.277 0.010 10.767 1.040
10.848 8.144 1.425 0.430 6.275 0.010 10.848 1.039
10.930 8.159 1.432 0.722 6.274 0.010 10.930 1.039
11.011 8.173 1.442 1.012 6.272 0.010 11.011 1.038
11.093 8.187 1.455 1.302 6.271 0.010 11.093 1.037
11.175 8.202 1.471 1.594 6.269 0.010 11.175 1.036
11.257 8.217 1.490 1.888 6.266 0.010 11.257 1.035
11.340 8.232 1.512 2.187 6.264 0.010 11.340 1.033
11.422 8.248 1.537 2.492 6.262 0.010 11.422 1.031
11.505 8.263 1.565 2.805 6.259 0.010 11.505 1.030
11.588 8.279 1.596 3.126 6.257 0.010 11.588 1.028
11.671 8.295 1.631 3.458 6.254 0.010 11.670 1.025
11.754 8.312 1.669 3.801 6.251 0.010 11.754 1.023
11.837 8.329 1.710 4.158 6.248 0.010 11.837 1.020
11.920 8.347 1.755 4.530 6.244 0.010 11.920 1.017
12.004 8.365 1.805 4.920 6.241 0.010 12.004 1.013
12.088 8.383 1.858 5.328 6.237 0.010 12.088 1.010
12.172 8.403 1.916 5.758 6.233 0.010 12.171 1.006
12.256 8.422 1.978 6.209 6.229 0.010 12.256 1.001
12.341 8.443 2.045 6.687 6.225 0.010 12.340 0.996
12.425 8.464 2.116 7.192 6.221 0.010 12.424 0.991
12.510 8.486 2.194 7.728 6.216 0.010 12.509 0.986
12.595 8.509 2.277 8.295 6.211 0.010 12.594 0.980
12.681 8.532 2.366 8.898 6.206 0.010 12.679 0.974
12.766 8.557 2.461 9.541 6.201 0.010 12.764 0.967
12.852 8.583 2.563 10.225 6.195 0.010 12.850 0.959
12.938 8.609 2.673 10.952 6.189 0.010 12.936 0.952
13.024 8.637 2.790 11.730 6.183 0.010 13.021 0.943
13.111 8.666 2.916 12.561 6.177 0.010 13.108 0.934
13.198 8.697 3.050 13.445 6.170 0.010 13.194 0.925
13.285 8.729 3.194 14.390 6.163 0.010 13.281 0.915
13.373 8.762 3.348 15.402 6.156 0.010 13.368 0.904
13.461 8.797 3.513 16.477 6.148 0.010 13.455 0.892
13.549 8.834 3.689 17.628 6.140 0.010 13.542 0.880
13.638 8.873 3.878 18.851 6.132 0.010 13.630 0.867
13.727 8.914 4.079 20.156 6.123 0.010 13.718 0.853
13.817 8.957 4.295 21.540 6.114 0.010 13.807 0.838
13.907 9.002 4.525 23.008 6.104 0.010 13.895 0.823
13.997 9.050 4.770 24.561 6.094 0.010 13.984 0.806
14.088 9.100 5.032 26.195 6.083 0.010 14.074 0.789
14.180 9.153 5.311 27.911 6.072 0.010 14.163 0.770
14.272 9.209 5.608 29.701 6.061 0.010 14.253 0.750
14.365 9.269 5.924 31.554 6.048 0.010 14.343 0.729
14.458 9.331 6.259 33.458 6.036 0.010 14.434 0.707
14.552 9.397 6.612 35.393 6.022 0.010 14.525 0.683
14.646 9.467 6.986 37.327 6.008 0.010 14.616 0.658
14.742 9.541 7.378 39.230 5.993 0.010 14.708 0.631
14.838 9.619 7.788 41.044 5.978 0.010 14.800 0.603
14.935 9.701 8.216 42.714 5.961 0.010 14.892 0.573
15.033 9.788 8.657 44.159 5.944 0.010 14.985 0.542
15.132 9.879 9.110 45.278 5.926 0.010 15.078 0.508
15.231 9.974 9.569 45.953 5.907 0.010 15.171 0.472
15.332 10.075 10.030 46.039 5.887 0.010 15.264 0.434
15.434 10.179 10.484 45.364 5.866 0.010 15.358 0.394
15.537 10.289 10.921 43.729 5.845 0.010 15.451 0.351
15.641 10.402 11.330 40.914 5.821 0.010 15.545 0.306
15.746 10.519 11.697 36.671 5.797 0.010 15.638 0.258
15.853 10.639 12.004 30.747 5.772 0.010 15.732 0.207
15.960 10.761 12.233 22.891 5.745 0.010 15.825 0.153
16.069 10.885 12.362 12.873 5.718 0.010 15.918 0.096
16.179 11.009 12.367 0.519 5.689 0.010 16.010 0.036
16.290 11.131 12.224 -14.256 5.659 0.010 16.101 -0.028
16.403 11.250 11.910 -31.416 5.628 0.010 16.191 -0.095
16.517 11.364 11.403 -50.743 5.595 0.010 16.280 -0.165
16.631 11.471 10.684 -71.832 5.562 0.010 16.368 -0.240
16.747 11.568 9.744 -94.034 5.528 0.010 16.453 -0.318
16.863 11.654 8.579 -116.487 5.493 0.010 16.537 -0.399
16.981 11.726 7.198 -138.132 5.457 0.010 16.618 -0.484
17.099 11.782 5.620 -157.792 5.421 0.010 16.696 -0.572
17.217 11.821 3.877 -174.257 5.384 0.010 16.771 -0.663
17.335 11.841 2.013 -186.435 5.347 0.010 16.843 -0.757
17.454 11.842 0.079 -193.457 5.310 0.010 16.912 -0.854
17.572 11.823 -1.869 -194.802 5.273 0.010 16.976 -0.953
17.690 11.785 -3.773 -190.364 5.237 0.010 17.037 -1.054
17.807 11.730 -5.578 -180.466 5.201 0.010 17.094 -1.156
17.924 11.657 -7.236 -165.816 5.166 0.010 17.147 -1.260
18.039 11.570 -8.710 -147.417 5.132 0.010 17.196 -1.365
18.154 11.471 -9.975 -126.440 5.098 0.010 17.241 -1.470
18.268 11.360 -11.015 -104.095 5.066 0.010 17.282 -1.576
18.380 11.242 -11.831 -81.518 5.035 0.010 17.319 -1.682
18.491 11.118 -12.427 -59.677 5.005 0.010 17.353 -1.788
18.601 10.990 -12.821 -39.332 4.976 0.010 17.383 -1.894
18.710 10.859 -13.031 -21.008 4.949 0.010 17.410 -1.999
18.817 10.728 -13.081 -5.013 4.923 0.010 17.434 -2.104
18.923 10.598 -12.996 8.535 4.898 0.010 17.455 -2.208
19.028 10.470 -12.799 19.666 4.874 0.010 17.473 -2.311
19.131 10.345 -12.514 28.520 4.852 0.010 17.488 -2.413
19.233 10.224 -12.161 35.304 4.830 0.010 17.501 -2.515
19.334 10.106 -11.758 40.268 4.810 0.010 17.512 -2.615
19.434 9.993 -11.321 43.668 4.791 0.010 17.521 -2.715
19.533 9.884 -10.864 45.759 4.773 0.010 17.528 -2.813
19.631 9.780 -10.396 46.778 4.756 0.010 17.533 -2.911
19.728 9.681 -9.927 46.939 4.740 0.010 17.536 -3.008
19.824 9.586 -9.462 46.428 4.724 0.010 17.538 -3.104
19.919 9.496 -9.008 45.405 4.710 0.010 17.539 -3.198
20.013 9.411 -8.568 44.002 4.696 0.010 17.538 -3.293
20.106 9.329 -8.145 42.331 4.684 0.010 17.536 -3.386
20.198 9.252 -7.740 40.480 4.672 0.010 17.532 -3.478
20.290 9.178 -7.355 38.520 4.660 0.010 17.528 -3.570
20.381 9.108 -6.990 36.505 4.650 0.010 17.523 -3.661
20.472 9.042 -6.645 34.482 4.640 0.010 17.517 -3.751
20.562 8.979 -6.320 32.477 4.630 0.010 17.510 -3.841
20.651 8.919 -6.015 30.521 4.621 0.010 17.502 -3.930
20.739 8.861 -5.729 28.626 4.613 0.010 17.494 -4.018
20.827 8.807 -5.461 26.806 4.605 0.010 17.485 -4.105
20.915 8.755 -5.210 25.068 4.598 0.010 17.475 -4.192
21.002 8.705 -4.976 23.416 4.591 0.010 17.465 -4.279
21.089 8.657 -4.757 21.853 4.585 0.010 17.454 -4.365
21.175 8.612 -4.554 20.378 4.579 0.010 17.443 -4.450
21.260 8.566 -4.614 -6.025 4.574 0.010 17.431 -4.535
21.346 8.516 -5.000 -38.586 4.569 0.010 17.419 -4.619
21.430 8.461 -5.456 -45.600 4.564 0.010 17.407 -4.703
21.514 8.402 -5.913 -45.699 4.560 0.010 17.394 -4.786
21.598 8.338 -6.371 -45.822 4.556 0.010 17.382 -4.868
21.680 8.270 -6.831 -45.958 4.552 0.010 17.369 -4.950
21.762 8.197 -7.292 -46.101 4.549 0.010 17.355 -5.031
21.843 8.119 -7.754 -46.245 4.546 0.010 17.342 -5.111
21.924 8.037 -8.218 -46.386 4.544 0.010 17.329 -5.190
22.003 7.950 -8.683 -46.519 4.541 0.010 17.315 -5.269
22.082 7.861 -8.909 -22.637 4.539 0.010 17.302 -5.346
22.160 7.773 -8.835 7.424 4.538 0.010 17.288 -5.423
22.236 7.686 -8.703 13.179 4.536 0.010 17.275 -5.498
22.312 7.600 -8.580 12.367 4.535 0.010 17.262 -5.573
22.388 7.516 -8.463 11.626 4.534 0.010 17.248 -5.647
22.462 7.432 -8.354 10.953 4.533 0.010 17.235 -5.720
22.535 7.349 -8.251 10.339 4.533 0.010 17.222 -5.793
22.608 7.268 -8.153 9.781 4.533 0.010 17.209 -5.864
22.680 7.187 -8.060 9.273 4.533 0.010 17.196 -5.935
22.751 7.108 -7.972 8.812 4.533 0.010 17.183 -6.005
22.821 7.029 -7.888 8.393 4.533 0.010 17.171 -6.074
22.891 6.951 -7.808 8.012 4.533 0.010 17.158 -6.142
22.960 6.873 -7.731 7.668 4.534 0.010 17.146 -6.210
23.028 6.797 -7.658 7.356 4.535 0.010 17.134 -6.277
23.095 6.721 -7.587 7.074 4.536 0.010 17.122 -6.343
23.161 6.646 -7.519 6.820 4.537 0.010 17.111 -6.408
23.227 6.571 -7.453 6.591 4.538 0.010 17.099 -6.473
23.292 6.497 -7.389 6.385 4.539 0.010 17.088 -6.537
23.356 6.424 -7.327 6.200 4.541 0.010 17.077 -6.600
23.420 6.351 -7.267 6.035 4.542 0.010 17.066 -6.663
23.482 6.279 -7.208 5.887 4.544 0.010 17.056 -6.725
23.545 6.208 -7.150 5.755 4.546 0.010 17.045 -6.786
23.606 6.137 -7.094 5.638 4.548 0.010 17.035 -6.847
23.667 6.066 -7.038 5.533 4.550 0.010 17.025 -6.907
23.727 5.997 -6.984 5.441 4.552 0.010 17.016 -6.966
23.786 5.927 -6.930 5.359 4.555 0.010 17.006 -7.024
23.844 5.859 -6.878 5.286 4.557 0.010 16.997 -7.082
23.902 5.790 -6.825 5.221 4.559 0.010 16.988 -7.139
23.960 5.723 -6.774 5.163 4.562 0.010 16.980 -7.196
24.016 5.655 -6.723 5.111 4.564 0.010 16.971 -7.252
24.072 5.589 -6.672 5.063 4.567 0.010 16.963 -7.307
24.127 5.522 -6.622 5.020 4.570 0.010 16.955 -7.362
24.182 5.457 -6.572 4.980 4.572 0.010 16.947 -7.416
24.236 5.391 -6.523 4.941 4.575 0.010 16.940 -7.469
24.289 5.327 -6.474 4.904 4.578 0.010 16.933 -7.522
24.342 5.262 -6.425 4.867 4.581 0.010 16.926 -7.574
24.394 5.199 -6.377 4.830 4.584 0.010 16.919 -7.626
24.445 5.135 -6.329 4.791 4.587 0.010 16.913 -7.677
24.496 5.073 -6.281 4.750 4.590 0.010 16.906 -7.727
24.546 5.010 -6.234 4.707 4.593 0.010 16.900 -7.777
24.595 4.948 -6.187 4.660 4.596 0.010 16.894 -7.826
24.644 4.887 -6.141 4.610 4.599 0.010 16.889 -7.874
24.692 4.826 -6.096 4.556 4.602 0.010 16.883 -7.922
24.740 4.766 -6.051 4.497 4.605 0.010 16.878 -7.970
24.787 4.705 -6.007 4.432 4.608 0.010 16.873 -8.017
24.834 4.646 -5.963 4.362 4.612 0.010 16.869 -8.063
24.879 4.587 -5.920 4.286 4.615 0.010 16.864 -8.108
24.925 4.528 -5.878 4.204 4.618 0.010 16.860 -8.153
24.969 4.469 -5.837 4.115 4.621 0.010 16.856 -8.198
25.013 4.412 -5.797 4.020 4.624 0.010 16.852 -8.242
25.057 4.354 -5.757 3.919 4.627 0.010 16.848 -8.285
25.100 4.297 -5.719 3.811 4.630 0.010 16.844 -8.328
25.142 4.240 -5.682 3.696 4.633 0.010 16.841 -8.370
25.184 4.183 -5.647 3.575 4.636 0.010 16.837 -8.412
25.225 4.127 -5.612 3.447 4.639 0.010 16.834 -8.453
25.266 4.072 -5.579 3.313 4.642 0.010 16.831 -8.494
25.306 4.016 -5.547 3.174 4.644 0.010 16.829 -8.534
25.346 3.961 -5.517 3.029 4.647 0.010 16.826 -8.573
25.385 3.906 -5.488 2.878 4.650 0.010 16.824 -8.612
25.424 3.851 -5.461 2.723 4.653 0.010 16.821 -8.651
25.462 3.797 -5.435 2.562 4.655 0.010 16.819 -8.689
25.499 3.743 -5.411 2.398 4.658 0.010 16.817 -8.726
25.536 3.689 -5.389 2.231 4.660 0.010 16.815 -8.763
25.572 3.635 -5.368 2.060 4.663 0.010 16.813 -8.799
25.608 3.582 -5.350 1.887 4.665 0.010 16.811 -8.835
25.643 3.529 -5.332 1.713 4.668 0.010 16.810 -8.870
25.678 3.475 -5.317 1.536 4.670 0.010 16.808 -8.905
25.712 3.422 -5.304 1.359 4.672 0.010 16.807 -8.939
25.746 3.369 -5.292 1.182 4.674 0.010 16.805 -8.973
25.779 3.317 -5.282 1.005 4.676 0.010 16.804 -9.006
25.812 3.264 -5.273 0.829 4.678 0.010 16.803 -9.039
25.844 3.211 -5.267 0.654 4.680 0.010 16.802 -9.071
25.875 3.159 -5.262 0.482 4.682 0.010 16.801 -9.102
25.907 3.106 -5.259 0.312 4.684 0.010 16.800 -9.133
25.937 3.053 -5.257 0.145 4.686 0.010 16.799 -9.164
25.967 3.001 -5.258 -0.018 4.688 0.010 16.799 -9.194
25.997 2.948 -5.259 -0.177 4.689 0.010 16.798 -9.223
26.026 2.896 -5.263 -0.331 4.691 0.010 16.797 -9.252
26.054 2.843 -5.268 -0.480 4.692 0.010 16.797 -9.281
26.082 2.790 -5.274 -0.624 4.694 0.010 16.796 -9.309
26.109 2.737 -5.281 -0.763 4.695 0.010 16.796 -9.336
26.136 2.684 -5.290 -0.895 4.696 0.010 16.795 -9.363
26.162 2.631 -5.301 -1.020 4.698 0.010 16.795 -9.389
26.188 2.578 -5.312 -1.139 4.699 0.010 16.794 -9.415
26.213 2.525 -5.324 -1.251 4.700 0.010 16.794 -9.440
26.238 2.472 -5.338 -1.356 4.701 0.010 16.794 -9.465
26.262 2.418 -5.353 -1.454 4.702 0.010 16.793 -9.489
26.286 2.365 -5.368 -1.544 4.703 0.010 16.793 -9.513
26.309 2.311 -5.384 -1.627 4.704 0.010 16.793 -9.536
26.332 2.257 -5.401 -1.702 4.704 0.010 16.793 -9.558
26.354 2.202 -5.419 -1.770 4.705 0.010 16.793 -9.580
26.375 2.148 -5.437 -1.830 4.706 0.010 16.792 -9.602
26.396 2.094 -5.456 -1.882 4.707 0.010 16.792 -9.623
26.416 2.039 -5.475 -1.927 4.707 0.010 16.792 -9.643
26.436 1.984 -5.495 -1.965 4.708 0.010 16.792 -9.663
26.456 1.929 -5.515 -1.995 4.708 0.010 16.792 -9.682
26.474 1.873 -5.535 -2.017 4.709 0.010 16.792 -9.701
26.493 1.818 -5.555 -2.033 4.709 0.010 16.792 -9.719
26.510 1.762 -5.576 -2.042 4.710 0.010 16.792 -9.737
26.527 1.706 -5.596 -2.043 4.710 0.010 16.792 -9.754
26.544 1.650 -5.617 -2.038 4.710 0.010 16.792 -9.770
26.560 1.594 -5.637 -2.027 4.711 0.010 16.792 -9.786
26.575 1.537 -5.657 -2.010 4.711 0.010 16.792 -9.802
26.590 1.480 -5.677 -1.986 4.711 0.010 16.792 -9.816
26.604 1.423 -5.697 -1.957 4.711 0.010 16.792 -9.831
26.618 1.366 -5.716 -1.922 4.712 0.010 16.792 -9.844
26.631 1.309 -5.735 -1.881 4.712 0.010 16.792 -9.857
26.643 1.251 -5.753 -1.836 4.712 0.010 16.792 -9.870
26.655 1.193 -5.771 -1.786 4.712 0.010 16.792 -9.882
26.667 1.136 -5.788 -1.731 4.712 0.010 16.792 -9.893
26.677 1.078 -5.805 -1.671 4.712 0.010 16.792 -9.904
26.688 1.019 -5.821 -1.608 4.712 0.010 16.792 -9.914
26.697 0.961 -5.836 -1.541 4.712 0.010 16.792 -9.924
26.706 0.902 -5.851 -1.470 4.712 0.010 16.792 -9.933
26.715 0.844 -5.865 -1.395 4.712 0.010 16.792 -9.941
26.722 0.785 -5.878 -1.318 4.712 0.010 16.792 -9.949
26.730 0.726 -5.890 -1.237 4.712 0.010 16.792 -9.956
26.736 0.667 -5.902 -1.154 4.713 0.010 16.792 -9.963
26.742 0.608 -5.913 -1.068 4.713 0.010 16.792 -9.969
26.748 0.549 -5.922 -0.980 4.713 0.010 16.792 -9.975
26.753 0.489 -5.931 -0.890 4.713 0.010 16.792 -9.980
26.757 0.430 -5.939 -0.798 4.713 0.010 16.792 -9.984
26.761 0.371 -5.946 -0.705 4.713 0.010 16.792 -9.988
26.764 0.311 -5.953 -0.610 4.713 0.010 16.792 -9.991
26.767 0.254 -5.724 22.886 4.713 0.010 16.792 -9.993
26.769 0.202 -5.195 52.838 4.713 0.010 16.792 -9.995
26.770 0.156 -4.601 59.393 4.713 0.010 16.792 -9.997
26.771 0.116 -4.006 59.491 4.713 0.010 16.792 -9.998
26.772 0.082 -3.411 59.566 4.713 0.010 16.792 -9.999
26.773 0.054 -2.815 59.621 4.713 0.010 16.792 -9.999
26.773 0.031 -2.218 59.658 4.713 0.010 16.792 -10.000
26.773 0.015 -1.621 59.682 4.713 0.010 16.792 -10.000
26.773 0.005 -1.024 59.694 4.713 0.010 16.792 -10.000
26.773 0.001 -0.427 59.700 4.713 0.010 16.792 -10.000
26.773 0.000 -0.064 36.287 4.713 0.010 16.792 -10.000
0.000 0.006 0.597 59.701 0.000 0.010 0.000 -1.042
0.000 0.012 0.597 -0.000 0.000 0.010 0.000 -1.042
0.000 0.027 1.493 89.552 0.000 0.010 0.000 -1.042
0.001 0.048 2.090 59.701 0.000 0.010 0.001 -1.042
0.002 0.075 2.687 59.701 0.000 0.010 0.002 -1.042
0.003 0.107 3.284 59.701 0.000 0.010 0.003 -1.042
0.004 0.146 3.881 59.701 0.000 0.010 0.004 -1.042
0.006 0.191 4.478 59.701 0.000 0.010 0.006 -1.042
0.009 0.242 5.075 59.701 0.000 0.010 0.009 -1.042
0.011 0.299 5.672 59.701 0.000 0.010 0.011 -1.042
0.015 0.358 5.970 29.851 0.000 0.010 0.015 -1.042
0.019 0.418 5.970 -0.000 0.000 0.010 0.019 -1.042
0.024 0.478 5.970 0.000 0.000 0.010 0.024 -1.042
0.029 0.537 5.970 -0.000 0.000 0.010 0.029 -1.042
0.035 0.597 5.970 -0.000 0.000 0.010 0.035 -1.042
0.042 0.657 5.970 0.000 0.000 0.010 0.042 -1.042
0.049 0.716 5.970 0.000 0.000 0.010 0.049 -1.042
0.057 0.776 5.970 -0.000 0.000 0.010 0.057 -1.042
0.065 0.836 5.970 0.000 0.000 0.010 0.065 -1.042
0.074 0.896 5.970 -0.000 0.000 0.010 0.074 -1.042
0.084 0.955 5.970 0.000 0.000 0.010 0.084 -1.042
0.094 1.015 5.970 0.000 0.000 0.010 0.094 -1.042
0.105 1.075 5.970 -0.000 0.000 0.010 0.105 -1.042
0.116 1.134 5.970 -0.000 0.000 0.010 0.116 -1.042
0.128 1.194 5.970 0.000 0.000 0.010 0.128 -1.042
0.140 1.254 5.970 -0.000 0.000 0.010 0.140 -1.042
0.154 1.313 5.970 0.000 0.000 0.010 0.154 -1.042
0.167 1.373 5.970 0.000 0.000 0.010 0.167 -1.042
0.182 1.433 5.970 -0.000 0.000 0.010 0.182 -1.042
0.197 1.493 5.970 0.000 0.000 0.010 0.197 -1.042
0.212 1.552 5.970 -0.000 0.000 0.010 0.212 -1.042
0.228 1.612 5.970 0.000 0.000 0.010 0.228 -1.042
0.245 1.672 5.970 -0.000 0.000 0.010 0.245 -1.042
0.262 1.731 5.970 0.000 0.000 0.010 0.262 -1.042
0.280 1.791 5.970 0.000 0.000 0.010 0.280 -1.042
0.299 1.851 5.970 0.000 0.000 0.010 0.299 -1.042
0.318 1.910 5.970 -0.000 0.000 0.010 0.318 -1.042
0.337 1.970 5.970 -0.000 0.000 0.010 0.337 -1.042
0.358 2.030 5.970 0.000 0.000 0.010 0.358 -1.042
0.379 2.090 5.970 0.000 0.000 0.010 0.379 -1.042
0.400 2.149 5.970 -0.000 0.000 0.010 0.400 -1.042
0.422 2.209 5.970 0.000 0.000 0.010 0.422 -1.042
0.445 2.269 5.970 0.000 0.000 0.010 0.445 -1.042
0.468 2.328 5.970 -0.000 0.000 0.010 0.468 -1.042
0.492 2.388 5.970 0.000 0.000 0.010 0.492 -1.042
0.517 2.448 5.970 -0.000 0.000 0.010 0.517 -1.042
0.542 2.507 5.970 0.000 0.000 0.010 0.542 -1.042
0.567 2.567 5.970 -0.000 0.000 0.010 0.567 -1.042
0.594 2.627 5.970 0.000 0.000 0.010 0.594 -1.042
0.620 2.687 5.970 -0.000 0.000 0.010 0.620 -1.042
0.648 2.746 5.970 0.000 0.000 0.010 0.648 -1.042
0.676 2.806 5.970 -0.000 0.000 0.010 0.676 -1.042
0.705 2.866 5.970 -0.000 0.000 0.010 0.705 -1.042
0.734 2.925 5.970 -0.000 0.000 0.010 0.734 -1.042
0.764 2.985 5.970 0.000 0.000 0.010 0.764 -1.042
0.794 3.045 5.970 -0.000 0.000 0.010 0.794 -1.042
0.825 3.104 5.970 0.000 0.000 0.010 0.825 -1.042
0.857 3.164 5.970 -0.000 0.000 0.010 0.857 -1.042
0.889 3.224 5.970 0.000 0.000 0.010 0.889 -1.042
0.922 3.284 5.970 0.000 0.000 0.010 0.922 -1.042
0.955 3.343 5.970 -0.000 0.000 0.010 0.955 -1.042
0.989 3.403 5.970 0.000 0.000 0.010 0.989 -1.042
1.024 3.463 5.970 0.000 0.000 0.010 1.024 -1.042
1.059 3.522 5.970 -0.000 0.000 0.010 1.059 -1.042
1.095 3.582 5.970 0.000 0.000 0.010 1.095 -1.042
1.131 3.642 5.970 0.000 0.000 0.010 1.131 -1.042
1.169 3.701 5.970 -0.000 0.000 0.010 1.169 -1.042
1.206 3.761 5.970 0.000 0.000 0.010 1.206 -1.042
1.244 3.821 5.970 -0.000 0.000 0.010 1.244 -1.042
1.283 3.881 5.970 -0.000 0.000 0.010 1.283 -1.042
1.323 3.940 5.970 0.000 0.000 0.010 1.323 -1.042
1.363 4.000 5.970 0.000 0.000 0.010 1.363 -1.042
1.403 4.060 5.970 0.000 0.000 0.010 1.403 -1.042
1.444 4.119 5.970 0.000 0.000 0.010 1.444 -1.042
1.486 4.179 5.970 -0.000 0.000 0.010 1.486 -1.042
1.529 4.239 5.970 0.000 0.000 0.010 1.529 -1.042
1.571 4.299 5.970 0.000 0.000 0.010 1.571 -1.042
1.615 4.358 5.970 -0.000 0.000 0.010 1.615 -1.042
1.659 4.418 5.970 0.000 0.000 0.010 1.659 -1.042
1.704 4.478 5.970 -0.000 0.000 0.010 1.704 -1.042
1.749 4.537 5.970 -0.000 0.000 0.010 1.749 -1.042
1.795 4.597 5.970 0.000 0.000 0.010 1.795 -1.042
1.842 4.657 5.970 -0.000 0.000 0.010 1.842 -1.042
1.889 4.716 5.970 0.000 0.000 0.010 1.889 -1.042
1.937 4.776 5.970 -0.000 0.000 0.010 1.937 -1.042
1.985 4.836 5.970 0.000 0.000 0.010 1.985 -1.042
2.034 4.896 5.970 -0.000 0.000 0.010 2.034 -1.042
2.084 4.955 5.970 0.000 0.000 0.010 2.084 -1.042
2.134 5.015 5.970 -0.000 0.000 0.010 2.134 -1.042
2.185 5.075 5.970 0.000 0.000 0.010 2.185 -1.042
2.236 5.134 5.970 -0.000 0.000 0.010 2.236 -1.042
2.288 5.194 5.970 0.000 0.000 0.010 2.288 -1.042
2.340 5.254 5.970 -0.000 0.000 0.010 2.340 -1.042
2.394 5.313 5.970 0.000 0.000 0.010 2.394 -1.042
2.447 5.373 5.970 0.000 0.000 0.010 2.447 -1.042
2.502 5.433 5.970 -0.000 0.000 0.010 2.502 -1.042
2.557 5.493 5.970 0.000 0.000 0.010 2.557 -1.042
2.612 5.552 5.970 -0.000 0.000 0.010 2.612 -1.042
2.668 5.612 5.970 -0.000 0.000 0.010 2.668 -1.042
2.725 5.672 5.970 0.000 0.000 0.010 2.725 -1.042
2.782 5.731 5.970 -0.000 0.000 0.010 2.782 -1.042
2.840 5.791 5.970 0.000 0.000 0.010 2.840 -1.042
2.899 5.851 5.970 -0.000 0.000 0.010 2.899 -1.042
2.958 5.910 5.970 0.000 0.000 0.010 2.958 -1.042
3.017 5.970 5.970 0.000 0.000 0.010 3.017 -1.042
3.078 6.030 5.970 -0.000 0.000 0.010 3.078 -1.042
3.139 6.090 5.970 0.000 0.000 0.010 3.139 -1.042
3.200 6.149 5.970 0.000 0.000 0.010 3.200 -1.042
3.262 6.209 5.970 -0.000 0.000 0.010 3.262 -1.042
3.325 6.269 5.970 0.000 0.000 0.010 3.325 -1.042
3.388 6.328 5.970 -0.000 0.000 0.010 3.388 -1.042
3.452 6.388 5.970 0.000 0.000 0.010 3.452 -1.042
3.517 6.448 5.970 0.000 0.000 0.010 3.517 -1.042
3.582 6.507 5.970 0.000 0.000 0.010 3.582 -1.042
3.647 6.567 5.970 -0.000 0.000 0.010 3.647 -1.042
3.714 6.627 5.970 0.000 0.000 0.010 3.714 -1.042
3.780 6.687 5.970 -0.000 0.000 0.010 3.780 -1.042
3.848 6.746 5.970 0.000 0.000 0.010 3.848 -1.042
3.916 6.806 5.970 -0.000 0.000 0.010 3.916 -1.042
3.985 6.866 5.970 -0.000 0.000 0.010 3.985 -1.042
4.054 6.925 5.970 0.000 0.000 0.010 4.054 -1.042
4.124 6.985 5.970 0.000 0.000 0.010 4.124 -1.042
4.194 7.045 5.970 -0.000 0.000 0.010 4.194 -1.042
4.265 7.104 5.970 0.000 0.000 0.010 4.265 -1.042
4.337 7.164 5.970 -0.000 0.000 0.010 4.337 -1.042
4.409 7.224 5.970 0.000 0.000 0.010 4.409 -1.042
4.482 7.284 5.970 0.000 0.000 0.010 4.482 -1.042
4.555 7.343 5.970 -0.000 0.000 0.010 4.555 -1.042
4.629 7.403 5.970 -0.000 0.000 0.010 4.629 -1.042
4.704 7.463 5.970 0.000 0.000 0.010 4.704 -1.042
4.779 7.522 5.970 0.000 0.000 0.010 4.779 -1.042
4.855 7.582 5.970 -0.000 0.000 0.010 4.855 -1.042
4.931 7.642 5.970 0.000 0.000 0.010 4.931 -1.042
5.009 7.701 5.970 0.000 0.000 0.010 5.009 -1.042
5.086 7.758 5.672 -29.851 0.000 0.010 5.086 -1.042
5.164 7.809 5.075 -59.701 0.000 0.010 5.164 -1.042
5.243 7.854 4.478 -59.701 0.000 0.010 5.243 -1.042
5.322 7.893 3.881 -59.701 0.000 0.010 5.322 -1.042
5.401 7.925 3.284 -59.701 0.000 0.010 5.401 -1.042
5.480 7.952 2.687 -59.701 0.000 0.010 5.480 -1.042
5.560 7.973 2.090 -59.701 0.000 0.010 5.560 -1.042
5.640 7.988 1.493 -59.701 0.000 0.010 5.640 -1.042
5.720 7.997 0.896 -59.701 0.000 0.010 5.720 -1.042
5.800 8.000 0.299 -59.701 0.000 0.010 5.800 -1.042
5.880 8.000 -0.000 -29.851 0.000 0.010 5.880 -1.042
5.960 8.000 0.000 0.000 0.000 0.010 5.960 -1.042
6.040 8.000 0.000 0.000 0.000 0.010 6.040 -1.042
6.120 8.000 0.000 0.000 0.000 0.010 6.120 -1.042
6.200 8.000 -0.000 -0.000 0.000 0.010 6.200 -1.042
6.280 8.000 0.000 0.000 0.000 0.010 6.280 -1.042
6.360 8.000 0.000 -0.000 0.000 0.010 6.360 -1.042
6.440 8.000 0.000 0.000 0.000 0.010 6.440 -1.042
6.520 8.000 0.000 0.000 0.000 0.010 6.520 -1.042
6.600 8.000 0.000 0.000 0.000 0.010 6.600 -1.042
6.680 8.000 0.000 0.000 0.000 0.010 6.680 -1.042
6.760 8.000 0.000 0.000 0.000 0.010 6.760 -1.042
6.840 8.000 0.000 0.000 0.000 0.010 6.840 -1.042
6.920 8.000 0.000 0.000 0.000 0.010 6.920 -1.042
7.000 8.000 0.000 0.000 0.000 0.010 7.000 -1.042
7.080 8.000 0.000 0.000 0.000 0.010 7.080 -1.042
7.160 8.000 0.000 0.000 0.000 0.010 7.160 -1.042
7.240 8.000 0.000 0.000 0.000 0.010 7.240 -1.042
7.320 8.000 0.000 0.000 0.000 0.010 7.320 -1.042
7.400 8.000 -0.000 -0.000 0.000 0.010 7.400 -1.042
7.480 8.000 0.000 0.000 0.000 0.010 7.480 -1.042
7.560 8.000 0.000 -0.000 0.000 0.010 7.560 -1.042
7.640 8.000 0.000 0.000 0.000 0.010 7.640 -1.042
7.720 8.000 0.000 0.000 0.000 0.010 7.720 -1.042
7.800 8.000 0.000 0.000 0.000 0.010 7.800 -1.042
7.880 8.000 0.000 0.000 0.000 0.010 7.880 -1.042
7.960 8.000 0.000 0.000 0.000 0.010 7.960 -1.042
8.040 8.000 0.000 0.000 0.000 0.010 8.040 -1.042
8.120 8.000 0.000 0.000 0.000 0.010 8.120 -1.042
8.200 8.000 0.000 0.000 0.000 0.010 8.200 -1.042
8.280 8.000 0.000 0.000 0.000 0.010 8.280 -1.042
8.360 8.000 0.000 0.000 0.000 0.010 8.360 -1.042
8.440 8.000 0.000 0.000 0.000 0.010 8.440 -1.042
8.520 8.000 0.000 0.000 0.000 0.010 8.520 -1.042
8.600 8.000 0.000 0.000 0.000 0.010 8.600 -1.042
8.680 8.000 0.000 0.000 0.000 0.010 8.680 -1.042
8.760 8.000 0.000 0.000 0.000 0.010 8.760 -1.042
8.840 8.000 0.000 0.000 0.000 0.010 8.840 -1.042
8.920 8.000 0.000 0.000 0.000 0.010 8.920 -1.042
9.000 8.000 0.000 0.000 0.000 0.010 9.000 -1.042
9.080 8.000 0.000 0.000 0.000 0.010 9.080 -1.042
9.160 8.000 0.000 0.000 0.000 0.010 9.160 -1.042
9.240 8.000 0.000 0.000 0.000 0.010 9.240 -1.042
9.320 8.000 0.000 0.000 0.000 0.010 9.320 -1.042
9.400 8.000 0.000 0.000 0.000 0.010 9.400 -1.042
9.480 8.000 0.000 0.000 0.000 0.010 9.480 -1.042
9.560 8.000 0.000 0.000 0.000 0.010 9.560 -1.042
9.640 8.000 0.000 0.000 0.000 0.010 9.640 -1.042
9.720 8.000 0.000 0.000 0.000 0.010 9.720 -1.042
9.800 8.000 0.000 0.000 0.000 0.010 9.800 -1.042
9.880 8.000 0.000 0.000 0.000 0.010 9.880 -1.042
9.960 8.000 -0.000 -0.000 0.000 0.010 9.960 -1.042
10.040 7.998 -0.188 -18.822 6.283 0.010 10.040 -1.042
10.120 7.985 -1.309 -112.056 6.283 0.010 10.120 -1.042
10.200 7.970 -1.477 -16.773 6.283 0.010 10.200 -1.042
10.279 7.956 -1.459 1.789 6.282 0.010 10.279 -1.042
10.359 7.941 -1.444 1.439 6.282 0.010 10.359 -1.042
10.438 7.927 -1.433 1.104 6.281 0.010 10.438 -1.042
10.517 7.913 -1.425 0.780 6.280 0.010 10.517 -1.042
10.596 7.898 -1.421 0.468 6.279 0.010 10.596 -1.042
10.675 7.884 -1.419 0.162 6.278 0.010 10.675 -1.043
10.753 7.870 -1.420 -0.136 6.277 0.010 10.753 -1.043
10.832 7.856 -1.425 -0.431 6.275 0.010 10.832 -1.044
10.910 7.841 -1.432 -0.722 6.274 0.010 10.910 -1.044
10.989 7.827 -1.442 -1.012 6.272 0.010 10.989 -1.045
11.067 7.813 -1.455 -1.302 6.271 0.010 11.067 -1.046
11.145 7.798 -1.471 -1.594 6.269 0.010 11.145 -1.047
11.223 7.783 -1.490 -1.888 6.266 0.010 11.223 -1.048
11.300 7.768 -1.512 -2.188 6.264 0.010 11.300 -1.050
11.378 7.752 -1.537 -2.493 6.262 0.010 11.378 -1.051
11.455 7.737 -1.565 -2.805 6.259 0.010 11.455 -1.053
11.532 7.721 -1.596 -3.126 6.257 0.010 11.532 -1.055
11.609 7.704 -1.631 -3.458 6.254 0.010 11.609 -1.057
11.686 7.688 -1.669 -3.802 6.251 0.010 11.686 -1.060
11.763 7.671 -1.710 -4.158 6.248 0.010 11.763 -1.062
11.840 7.653 -1.756 -4.531 6.244 0.010 11.839 -1.065
11.916 7.635 -1.805 -4.921 6.241 0.010 11.916 -1.068
11.992 7.617 -1.858 -5.329 6.237 0.010 11.992 -1.072
12.068 7.597 -1.916 -5.758 6.233 0.010 12.068 -1.075
12.144 7.578 -1.978 -6.211 6.229 0.010 12.143 -1.079
12.219 7.557 -2.045 -6.688 6.225 0.010 12.219 -1.083
12.295 7.536 -2.117 -7.193 6.221 0.010 12.294 -1.088
12.370 7.514 -2.194 -7.728 6.216 0.010 12.369 -1.093
12.445 7.491 -2.277 -8.296 6.211 0.010 12.444 -1.098
12.519 7.468 -2.366 -8.900 6.206 0.010 12.518 -1.104
12.594 7.443 -2.461 -9.542 6.201 0.010 12.592 -1.109
12.668 7.417 -2.563 -10.225 6.195 0.010 12.666 -1.116
12.742 7.391 -2.673 -10.955 6.189 0.010 12.740 -1.123
12.816 7.363 -2.790 -11.732 6.183 0.010 12.813 -1.130
12.889 7.334 -2.916 -12.561 6.177 0.010 12.886 -1.137
12.962 7.303 -3.050 -13.448 6.170 0.010 12.959 -1.145
13.035 7.271 -3.194 -14.394 6.163 0.010 13.031 -1.154
13.107 7.238 -3.348 -15.402 6.156 0.010 13.103 -1.163
13.179 7.203 -3.513 -16.482 6.148 0.010 13.174 -1.172
13.251 7.166 -3.690 -17.630 6.140 0.010 13.245 -1.182
13.322 7.127 -3.878 -18.856 6.132 0.010 13.315 -1.193
13.393 7.086 -4.080 -20.159 6.123 0.010 13.385 -1.204
13.463 7.043 -4.295 -21.545 6.114 0.010 13.455 -1.215
13.533 6.998 -4.525 -23.014 6.104 0.010 13.524 -1.227
13.603 6.950 -4.771 -24.566 6.094 0.010 13.592 -1.240
13.672 6.900 -5.033 -26.202 6.083 0.010 13.660 -1.253
13.740 6.847 -5.312 -27.918 6.072 0.010 13.727 -1.267
13.808 6.791 -5.609 -29.708 6.061 0.010 13.793 -1.282
13.875 6.731 -5.925 -31.563 6.048 0.010 13.859 -1.297
13.942 6.669 -6.260 -33.468 6.036 0.010 13.924 -1.313
14.008 6.603 -6.614 -35.403 6.022 0.010 13.987 -1.330
14.074 6.533 -6.987 -37.341 6.008 0.010 14.050 -1.347
14.138 6.459 -7.379 -39.241 5.993 0.010 14.112 -1.365
14.202 6.381 -7.790 -41.060 5.978 0.010 14.173 -1.384
14.265 6.299 -8.217 -42.731 5.961 0.010 14.233 -1.403
14.327 6.212 -8.659 -44.176 5.944 0.010 14.292 -1.423
14.388 6.121 -9.112 -45.298 5.926 0.010 14.350 -1.444
14.448 6.025 -9.572 -45.975 5.907 0.010 14.406 -1.466
14.508 5.925 -10.032 -46.062 5.887 0.010 14.461 -1.488
14.566 5.820 -10.486 -45.388 5.866 0.010 14.514 -1.511
14.623 5.711 -10.924 -43.756 5.845 0.010 14.566 -1.535
14.679 5.598 -11.333 -40.940 5.821 0.010 14.617 -1.559
14.734 5.481 -11.700 -36.698 5.797 0.010 14.665 -1.584
14.787 5.361 -12.008 -30.775 5.772 0.010 14.713 -1.610
14.840 5.238 -12.237 -22.916 5.745 0.010 14.758 -1.636
14.891 5.115 -12.366 -12.896 5.718 0.010 14.801 -1.663
14.941 4.991 -12.371 -0.539 5.689 0.010 14.843 -1.690
14.990 4.869 -12.229 14.244 5.659 0.010 14.883 -1.718
15.037 4.749 -11.915 31.409 5.628 0.010 14.921 -1.746
15.083 4.635 -11.407 50.748 5.595 0.010 14.958 -1.775
15.129 4.528 -10.689 71.845 5.562 0.010 14.992 -1.804
15.173 4.431 -9.748 94.061 5.528 0.010 15.025 -1.834
15.216 4.345 -8.583 116.528 5.493 0.010 15.056 -1.865
15.259 4.273 -7.201 138.188 5.457 0.010 15.085 -1.895
15.301 4.217 -5.623 157.858 5.421 0.010 15.113 -1.927
15.343 4.178 -3.879 174.336 5.384 0.010 15.140 -1.959
15.385 4.158 -2.014 186.521 5.347 0.010 15.165 -1.992
15.426 4.157 -0.079 193.548 5.310 0.010 15.189 -2.026
15.468 4.176 1.870 194.894 5.273 0.010 15.212 -2.061
15.510 4.214 3.775 190.453 5.237 0.010 15.234 -2.097
15.553 4.269 5.580 180.547 5.201 0.010 15.255 -2.134
15.596 4.342 7.239 165.887 5.166 0.010 15.274 -2.173
15.641 4.429 8.714 147.476 5.132 0.010 15.293 -2.213
15.686 4.529 9.979 126.485 5.098 0.010 15.311 -2.255
15.732 4.639 11.020 104.126 5.066 0.010 15.328 -2.298
15.780 4.757 11.835 81.535 5.035 0.010 15.343 -2.343
15.829 4.882 12.432 59.683 5.005 0.010 15.358 -2.390
15.879 5.010 12.826 39.328 4.976 0.010 15.372 -2.438
15.930 5.140 13.036 20.995 4.949 0.010 15.385 -2.488
15.983 5.271 13.085 4.994 4.923 0.010 15.396 -2.539
16.037 5.401 13.000 -8.558 4.898 0.010 15.407 -2.592
16.092 5.529 12.803 -19.693 4.874 0.010 15.416 -2.646
16.149 5.654 12.517 -28.548 4.852 0.010 15.425 -2.702
16.206 5.776 12.164 -35.334 4.830 0.010 15.432 -2.760
16.265 5.894 11.761 -40.296 4.810 0.010 15.439 -2.818
16.325 6.007 11.324 -43.696 4.791 0.010 15.444 -2.878
16.387 6.115 10.866 -45.785 4.773 0.010 15.448 -2.939
16.449 6.219 10.398 -46.803 4.756 0.010 15.451 -3.001
16.512 6.319 9.929 -46.962 4.740 0.010 15.454 -3.064
16.576 6.413 9.464 -46.449 4.724 0.010 15.455 -3.128
16.641 6.503 9.010 -45.424 4.710 0.010 15.455 -3.193
16.707 6.589 8.570 -44.020 4.696 0.010 15.455 -3.259
16.774 6.671 8.146 -42.347 4.684 0.010 15.453 -3.326
16.841 6.748 7.741 -40.494 4.672 0.010 15.451 -3.393
16.909 6.822 7.356 -38.532 4.660 0.010 15.448 -3.462
16.978 6.892 6.991 -36.518 4.650 0.010 15.444 -3.530
17.048 6.958 6.646 -34.491 4.640 0.010 15.439 -3.600
17.118 7.021 6.321 -32.487 4.630 0.010 15.433 -3.670
17.189 7.081 6.016 -30.528 4.621 0.010 15.427 -3.740
17.260 7.139 5.729 -28.633 4.613 0.010 15.421 -3.811
17.332 7.193 5.461 -26.812 4.605 0.010 15.413 -3.883
17.405 7.245 5.211 -25.073 4.598 0.010 15.405 -3.955
17.478 7.295 4.976 -23.421 4.591 0.010 15.397 -4.027
17.551 7.343 4.758 -21.857 4.585 0.010 15.388 -4.100
17.625 7.388 4.554 -20.382 4.579 0.010 15.378 -4.174
17.699 7.430 4.146 -40.807 4.574 0.010 15.368 -4.247
17.774 7.464 3.466 -67.946 4.569 0.010 15.357 -4.321
17.849 7.492 2.728 -73.806 4.564 0.010 15.346 -4.395
17.924 7.512 1.991 -73.706 4.560 0.010 15.335 -4.469
17.999 7.524 1.255 -73.584 4.556 0.010 15.324 -4.544
18.075 7.529 0.521 -73.447 4.552 0.010 15.312 -4.618
18.150 7.527 -0.212 -73.304 4.549 0.010 15.300 -4.692
18.225 7.518 -0.944 -73.160 4.546 0.010 15.287 -4.767
18.300 7.501 -1.674 -73.019 4.544 0.010 15.275 -4.841
18.375 7.477 -2.403 -72.886 4.541 0.010 15.262 -4.914
18.449 7.448 -2.902 -49.940 4.539 0.010 15.249 -4.988
18.523 7.417 -3.105 -20.299 4.538 0.010 15.237 -5.061
18.597 7.385 -3.237 -13.180 4.536 0.010 15.224 -5.133
18.671 7.351 -3.361 -12.368 4.535 0.010 15.211 -5.206
18.744 7.316 -3.477 -11.628 4.534 0.010 15.198 -5.278
18.817 7.280 -3.586 -10.953 4.533 0.010 15.185 -5.349
18.889 7.243 -3.690 -10.340 4.533 0.010 15.172 -5.421
18.961 7.206 -3.788 -9.781 4.533 0.010 15.159 -5.492
19.033 7.167 -3.880 -9.274 4.533 0.010 15.146 -5.562
19.104 7.127 -3.968 -8.812 4.533 0.010 15.134 -5.632
19.175 7.087 -4.052 -8.393 4.533 0.010 15.121 -5.702
19.245 7.045 -4.132 -8.013 4.533 0.010 15.108 -5.771
19.316 7.003 -4.209 -7.668 4.534 0.010 15.096 -5.840
19.385 6.960 -4.283 -7.356 4.535 0.010 15.084 -5.909
19.454 6.917 -4.353 -7.075 4.536 0.010 15.071 -5.977
19.523 6.873 -4.422 -6.820 4.537 0.010 15.059 -6.044
19.591 6.828 -4.488 -6.591 4.538 0.010 15.047 -6.112
19.659 6.782 -4.551 -6.385 4.539 0.010 15.036 -6.179
19.726 6.736 -4.613 -6.200 4.541 0.010 15.024 -6.245
19.793 6.689 -4.674 -6.035 4.542 0.010 15.013 -6.311
19.860 6.642 -4.733 -5.887 4.544 0.010 15.002 -6.376
19.926 6.594 -4.790 -5.755 4.546 0.010 14.991 -6.441
19.991 6.546 -4.847 -5.638 4.548 0.010 14.980 -6.506
20.056 6.497 -4.902 -5.533 4.550 0.010 14.969 -6.570
20.121 6.447 -4.956 -5.441 4.552 0.010 14.959 -6.634
20.185 6.397 -5.010 -5.359 4.555 0.010 14.949 -6.697
20.248 6.346 -5.063 -5.286 4.557 0.010 14.939 -6.759
20.311 6.295 -5.115 -5.221 4.559 0.010 14.929 -6.822
20.373 6.243 -5.167 -5.163 4.562 0.010 14.920 -6.883
20.435 6.191 -5.218 -5.111 4.564 0.010 14.911 -6.945
20.497 6.139 -5.268 -5.063 4.567 0.010 14.902 -7.005
20.558 6.085 -5.319 -5.020 4.570 0.010 14.893 -7.066
20.618 6.032 -5.368 -4.979 4.572 0.010 14.884 -7.125
20.678 5.978 -5.418 -4.941 4.575 0.010 14.876 -7.184
20.737 5.923 -5.467 -4.904 4.578 0.010 14.868 -7.243
20.796 5.868 -5.515 -4.867 4.581 0.010 14.860 -7.301
20.854 5.812 -5.564 -4.829 4.584 0.010 14.853 -7.359
20.911 5.756 -5.612 -4.791 4.587 0.010 14.846 -7.416
20.968 5.699 -5.659 -4.750 4.590 0.010 14.839 -7.473
21.025 5.642 -5.706 -4.707 4.593 0.010 14.832 -7.529
21.081 5.585 -5.753 -4.660 4.596 0.010 14.825 -7.584
21.136 5.527 -5.799 -4.610 4.599 0.010 14.819 -7.639
21.190 5.468 -5.844 -4.556 4.602 0.010 14.813 -7.693
21.245 5.409 -5.889 -4.496 4.605 0.010 14.807 -7.747
21.298 5.350 -5.934 -4.432 4.608 0.010 14.801 -7.800
21.351 5.290 -5.977 -4.362 4.612 0.010 14.796 -7.853
21.403 5.230 -6.020 -4.286 4.615 0.010 14.791 -7.905
21.455 5.170 -6.062 -4.204 4.618 0.010 14.786 -7.956
21.506 5.108 -6.103 -4.115 4.621 0.010 14.781 -8.007
21.557 5.047 -6.144 -4.020 4.624 0.010 14.776 -8.058
21.606 4.985 -6.183 -3.919 4.627 0.010 14.772 -8.107
21.656 4.923 -6.221 -3.811 4.630 0.010 14.768 -8.156
21.704 4.860 -6.258 -3.696 4.633 0.010 14.764 -8.205
21.752 4.798 -6.294 -3.575 4.636 0.010 14.760 -8.253
21.800 4.734 -6.328 -3.447 4.639 0.010 14.757 -8.300
21.846 4.671 -6.361 -3.314 4.642 0.010 14.753 -8.346
21.892 4.607 -6.393 -3.174 4.644 0.010 14.750 -8.392
21.938 4.542 -6.423 -3.028 4.647 0.010 14.747 -8.438
21.983 4.478 -6.452 -2.878 4.650 0.010 14.744 -8.482
22.027 4.413 -6.479 -2.722 4.653 0.010 14.742 -8.526
22.070 4.348 -6.505 -2.562 4.655 0.010 14.739 -8.570
22.113 4.283 -6.529 -2.399 4.658 0.010 14.737 -8.613
22.155 4.217 -6.551 -2.231 4.660 0.010 14.734 -8.655
22.197 4.152 -6.572 -2.061 4.663 0.010 14.732 -8.696
22.237 4.086 -6.591 -1.887 4.665 0.010 14.730 -8.737
22.278 4.020 -6.608 -1.712 4.668 0.010 14.728 -8.777
22.317 3.953 -6.623 -1.536 4.670 0.010 14.727 -8.817
22.356 3.887 -6.637 -1.359 4.672 0.010 14.725 -8.855
22.394 3.821 -6.649 -1.182 4.674 0.010 14.724 -8.894
22.432 3.754 -6.659 -1.005 4.676 0.010 14.722 -8.931
22.469 3.687 -6.667 -0.829 4.678 0.010 14.721 -8.968
22.505 3.621 -6.673 -0.654 4.680 0.010 14.720 -9.004
22.540 3.554 -6.678 -0.482 4.682 0.010 14.719 -9.040
22.575 3.487 -6.681 -0.312 4.684 0.010 14.718 -9.074
22.610 3.420 -6.683 -0.145 4.686 0.010 14.717 -9.109
22.643 3.353 -6.683 0.018 4.688 0.010 14.716 -9.142
22.676 3.286 -6.681 0.177 4.689 0.010 14.715 -9.175
22.708 3.220 -6.678 0.331 4.691 0.010 14.714 -9.207
22.740 3.153 -6.673 0.481 4.692 0.010 14.714 -9.239
22.771 3.086 -6.667 0.624 4.694 0.010 14.713 -9.270
22.801 3.020 -6.659 0.763 4.695 0.010 14.713 -9.300
22.830 2.953 -6.650 0.895 4.696 0.010 14.712 -9.329
22.859 2.887 -6.640 1.020 4.698 0.010 14.712 -9.358
22.887 2.821 -6.628 1.139 4.699 0.010 14.711 -9.386
22.915 2.754 -6.616 1.251 4.700 0.010 14.711 -9.414
22.942 2.688 -6.602 1.356 4.701 0.010 14.711 -9.441
22.968 2.622 -6.588 1.454 4.702 0.010 14.710 -9.467
22.994 2.557 -6.572 1.544 4.703 0.010 14.710 -9.493
23.018 2.491 -6.556 1.627 4.704 0.010 14.710 -9.518
23.043 2.426 -6.539 1.702 4.704 0.010 14.710 -9.542
23.066 2.361 -6.521 1.770 4.705 0.010 14.709 -9.565
23.089 2.296 -6.503 1.830 4.706 0.010 14.709 -9.588
23.112 2.231 -6.484 1.882 4.707 0.010 14.709 -9.611
23.133 2.166 -6.465 1.927 4.707 0.010 14.709 -9.632
23.154 2.102 -6.445 1.965 4.708 0.010 14.709 -9.653
23.175 2.037 -6.425 1.995 4.708 0.010 14.709 -9.674
23.194 1.973 -6.405 2.017 4.709 0.010 14.709 -9.693
23.213 1.909 -6.385 2.033 4.709 0.010 14.709 -9.713
23.232 1.846 -6.364 2.042 4.710 0.010 14.709 -9.731
23.250 1.782 -6.344 2.043 4.710 0.010 14.709 -9.749
23.267 1.719 -6.324 2.039 4.710 0.010 14.708 -9.766
23.283 1.656 -6.303 2.027 4.711 0.010 14.708 -9.783
23.299 1.593 -6.283 2.010 4.711 0.010 14.708 -9.798
23.315 1.531 -6.263 1.986 4.711 0.010 14.708 -9.814
23.329 1.468 -6.244 1.957 4.711 0.010 14.708 -9.828
23.343 1.406 -6.225 1.922 4.712 0.010 14.708 -9.843
23.357 1.344 -6.206 1.881 4.712 0.010 14.708 -9.856
23.370 1.282 -6.187 1.836 4.712 0.010 14.708 -9.869
23.382 1.220 -6.170 1.786 4.712 0.010 14.708 -9.881
23.394 1.159 -6.152 1.731 4.712 0.010 14.708 -9.893
23.404 1.097 -6.136 1.671 4.712 0.010 14.708 -9.904
23.415 1.036 -6.119 1.608 4.712 0.010 14.708 -9.914
23.425 0.975 -6.104 1.541 4.712 0.010 14.708 -9.924
23.434 0.914 -6.089 1.470 4.712 0.010 14.708 -9.933
23.442 0.854 -6.075 1.395 4.712 0.010 14.708 -9.941
23.450 0.793 -6.062 1.318 4.712 0.010 14.708 -9.949
23.458 0.732 -6.050 1.237 4.712 0.010 14.708 -9.957
23.464 0.672 -6.038 1.154 4.713 0.010 14.708 -9.963
23.470 0.612 -6.028 1.068 4.713 0.010 14.708 -9.969
23.476 0.552 -6.018 0.980 4.713 0.010 14.708 -9.975
23.481 0.492 -6.009 0.890 4.713 0.010 14.708 -9.980
23.485 0.432 -6.001 0.798 4.713 0.010 14.708 -9.984
23.489 0.372 -5.994 0.705 4.713 0.010 14.708 -9.988
23.492 0.312 -5.988 0.610 4.713 0.010 14.708 -9.991
23.494 0.254 -5.748 23.942 4.713 0.010 14.708 -9.994
23.497 0.202 -5.211 53.691 4.713 0.010 14.708 -9.996
23.498 0.156 -4.611 60.010 4.713 0.010 14.708 -9.997
23.499 0.116 -4.012 59.912 4.713 0.010 14.708 -9.998
23.500 0.082 -3.414 59.837 4.713 0.010 14.708 -9.999
23.501 0.054 -2.816 59.782 4.713 0.010 14.708 -10.000
23.501 0.031 -2.219 59.745 4.713 0.010 14.708 -10.000
23.501 0.015 -1.621 59.721 4.713 0.010 14.708 -10.000
23.501 0.005 -1.024 59.709 4.713 0.010 14.708 -10.000
23.501 0.001 -0.427 59.703 4.713 0.010 14.708 -10.000
23.501 0.000 -0.064 36.288 4.713 0.010 14.708 -10.000
