RightRightScale
347
0.000 0.006 0.571 57.143 0.000 0.010 0.000 1.042
0.000 0.011 0.571 -0.000 0.000 0.010 0.000 1.042
0.000 0.026 1.429 85.714 0.000 0.010 0.000 1.042
0.001 0.046 2.000 57.143 0.000 0.010 0.001 1.042
0.002 0.071 2.571 57.143 0.000 0.010 0.002 1.042
0.003 0.103 3.143 57.143 0.000 0.010 0.003 1.042
0.004 0.140 3.714 57.143 0.000 0.010 0.004 1.042
0.006 0.183 4.286 57.143 0.000 0.010 0.006 1.042
0.008 0.231 4.857 57.143 0.000 0.010 0.008 1.042
0.011 0.286 5.429 57.143 0.000 0.010 0.011 1.042
0.014 0.346 6.000 57.143 0.000 0.010 0.014 1.042
0.019 0.411 6.571 57.143 0.000 0.010 0.019 1.042
0.023 0.483 7.143 57.143 0.000 0.010 0.023 1.042
0.029 0.560 7.714 57.143 0.000 0.010 0.029 1.042
0.035 0.640 8.000 28.571 0.000 0.010 0.035 1.042
0.043 0.720 8.000 0.000 0.000 0.010 0.043 1.042
0.051 0.800 8.000 0.000 0.000 0.010 0.051 1.042
0.059 0.880 8.000 0.000 0.000 0.010 0.059 1.042
0.069 0.960 8.000 0.000 0.000 0.010 0.069 1.042
0.079 1.040 8.000 -0.000 0.000 0.010 0.079 1.042
0.091 1.120 8.000 -0.000 0.000 0.010 0.091 1.042
0.103 1.200 8.000 -0.000 0.000 0.010 0.103 1.042
0.115 1.280 8.000 0.000 0.000 0.010 0.115 1.042
0.129 1.360 8.000 -0.000 0.000 0.010 0.129 1.042
0.143 1.440 8.000 -0.000 0.000 0.010 0.143 1.042
0.159 1.520 8.000 0.000 0.000 0.010 0.159 1.042
0.175 1.600 8.000 -0.000 0.000 0.010 0.175 1.042
0.191 1.680 8.000 0.000 0.000 0.010 0.191 1.042
0.209 1.760 8.000 -0.000 0.000 0.010 0.209 1.042
0.227 1.840 8.000 0.000 0.000 0.010 0.227 1.042
0.247 1.920 8.000 -0.000 0.000 0.010 0.247 1.042
0.267 2.000 8.000 0.000 0.000 0.010 0.267 1.042
0.287 2.080 8.000 -0.000 0.000 0.010 0.287 1.042
0.309 2.160 8.000 -0.000 0.000 0.010 0.309 1.042
0.331 2.240 8.000 0.000 0.000 0.010 0.331 1.042
0.355 2.320 8.000 -0.000 0.000 0.010 0.355 1.042
0.379 2.400 8.000 0.000 0.000 0.010 0.379 1.042
0.403 2.480 8.000 0.000 0.000 0.010 0.403 1.042
0.429 2.560 8.000 -0.000 0.000 0.010 0.429 1.042
0.455 2.640 8.000 0.000 0.000 0.010 0.455 1.042
0.483 2.720 8.000 -0.000 0.000 0.010 0.483 1.042
0.511 2.800 8.000 -0.000 0.000 0.010 0.511 1.042
0.539 2.880 8.000 0.000 0.000 0.010 0.539 1.042
0.569 2.960 8.000 0.000 0.000 0.010 0.569 1.042
0.599 3.040 8.000 -0.000 0.000 0.010 0.599 1.042
0.631 3.120 8.000 0.000 0.000 0.010 0.631 1.042
0.663 3.200 8.000 0.000 0.000 0.010 0.663 1.042
0.695 3.280 8.000 -0.000 0.000 0.010 0.695 1.042
0.729 3.360 8.000 0.000 0.000 0.010 0.729 1.042
0.763 3.440 8.000 -0.000 0.000 0.010 0.763 1.042
0.799 3.520 8.000 0.000 0.000 0.010 0.799 1.042
0.835 3.600 8.000 0.000 0.000 0.010 0.835 1.042
0.871 3.680 8.000 0.000 0.000 0.010 0.871 1.042
0.909 3.760 8.000 -0.000 0.000 0.010 0.909 1.042
0.947 3.840 8.000 0.000 0.000 0.010 0.947 1.042
0.987 3.920 8.000 0.000 0.000 0.010 0.987 1.042
1.027 4.000 8.000 0.000 0.000 0.010 1.027 1.042
1.067 4.080 8.000 -0.000 0.000 0.010 1.067 1.042
1.109 4.160 8.000 -0.000 0.000 0.010 1.109 1.042
1.151 4.240 8.000 0.000 0.000 0.010 1.151 1.042
1.195 4.320 8.000 0.000 0.000 0.010 1.195 1.042
1.239 4.400 8.000 -0.000 0.000 0.010 1.239 1.042
1.283 4.480 8.000 0.000 0.000 0.010 1.283 1.042
1.329 4.560 8.000 0.000 0.000 0.010 1.329 1.042
1.375 4.640 8.000 -0.000 0.000 0.010 1.375 1.042
1.423 4.720 8.000 -0.000 0.000 0.010 1.423 1.042
1.471 4.800 8.000 0.000 0.000 0.010 1.471 1.042
1.519 4.880 8.000 -0.000 0.000 0.010 1.519 1.042
1.569 4.960 8.000 0.000 0.000 0.010 1.569 1.042
1.619 5.040 8.000 0.000 0.000 0.010 1.619 1.042
1.671 5.120 8.000 -0.000 0.000 0.010 1.671 1.042
1.723 5.200 8.000 0.000 0.000 0.010 1.723 1.042
1.775 5.280 8.000 -0.000 0.000 0.010 1.775 1.042
1.829 5.360 8.000 0.000 0.000 0.010 1.829 1.042
1.883 5.440 8.000 -0.000 0.000 0.010 1.883 1.042
1.939 5.520 8.000 -0.000 0.000 0.010 1.939 1.042
1.995 5.600 8.000 -0.000 0.000 0.010 1.995 1.042
2.051 5.680 8.000 0.000 0.000 0.010 2.051 1.042
2.109 5.760 8.000 -0.000 0.000 0.010 2.109 1.042
2.167 5.840 8.000 0.000 0.000 0.010 2.167 1.042
2.227 5.920 8.000 0.000 0.000 0.010 2.227 1.042
2.287 6.000 8.000 -0.000 0.000 0.010 2.287 1.042
2.347 6.080 8.000 0.000 0.000 0.010 2.347 1.042
2.409 6.160 8.000 0.000 0.000 0.010 2.409 1.042
2.471 6.240 8.000 -0.000 0.000 0.010 2.471 1.042
2.535 6.320 8.000 0.000 0.000 0.010 2.535 1.042
2.599 6.400 8.000 -0.000 0.000 0.010 2.599 1.042
2.663 6.480 8.000 -0.000 0.000 0.010 2.663 1.042
2.729 6.560 8.000 0.000 0.000 0.010 2.729 1.042
2.795 6.640 8.000 -0.000 0.000 0.010 2.795 1.042
2.863 6.720 8.000 0.000 0.000 0.010 2.863 1.042
2.931 6.800 8.000 0.000 0.000 0.010 2.931 1.042
2.999 6.880 8.000 0.000 0.000 0.010 2.999 1.042
3.069 6.960 8.000 -0.000 0.000 0.010 3.069 1.042
3.139 7.040 8.000 -0.000 0.000 0.010 3.139 1.042
3.211 7.120 8.000 0.000 0.000 0.010 3.211 1.042
3.283 7.200 8.000 0.000 0.000 0.010 3.283 1.042
3.355 7.280 8.000 -0.000 0.000 0.010 3.355 1.042
3.429 7.360 8.000 -0.000 0.000 0.010 3.429 1.042
3.503 7.440 8.000 0.000 0.000 0.010 3.503 1.042
3.579 7.517 7.714 -28.571 0.000 0.010 3.579 1.042
3.654 7.589 7.143 -57.143 0.000 0.010 3.654 1.042
3.731 7.654 6.571 -57.143 0.000 0.010 3.731 1.042
3.808 7.714 6.000 -57.143 0.000 0.010 3.808 1.042
3.886 7.769 5.429 -57.143 0.000 0.010 3.886 1.042
3.964 7.817 4.857 -57.143 0.000 0.010 3.964 1.042
4.043 7.860 4.286 -57.143 0.000 0.010 4.043 1.042
4.122 7.897 3.714 -57.143 0.000 0.010 4.122 1.042
4.201 7.929 3.143 -57.143 0.000 0.010 4.201 1.042
4.280 7.954 2.571 -57.143 0.000 0.010 4.280 1.042
4.360 7.974 2.000 -57.143 0.000 0.010 4.360 1.042
4.440 7.989 1.429 -57.143 0.000 0.010 4.440 1.042
4.520 7.997 0.857 -57.143 0.000 0.010 4.520 1.042
4.600 8.000 0.286 -57.143 0.000 0.010 4.600 1.042
4.680 8.000 0.000 -28.571 0.000 0.010 4.680 1.042
4.760 8.000 -0.000 -0.000 0.000 0.010 4.760 1.042
4.840 8.000 0.000 0.000 0.000 0.010 4.840 1.042
4.920 8.000 -0.000 -0.000 0.000 0.010 4.920 1.042
5.000 8.000 -0.000 0.000 0.000 0.010 5.000 1.042
5.080 8.000 0.000 0.000 0.000 0.010 5.080 1.042
5.160 8.000 0.000 -0.000 0.000 0.010 5.160 1.042
5.240 8.000 0.000 0.000 0.000 0.010 5.240 1.042
5.320 8.000 0.000 0.000 0.000 0.010 5.320 1.042
5.400 8.000 0.000 0.000 0.000 0.010 5.400 1.042
5.480 8.000 0.000 0.000 0.000 0.010 5.480 1.042
5.560 8.000 0.000 0.000 0.000 0.010 5.560 1.042
5.640 8.000 -0.000 -0.000 0.000 0.010 5.640 1.042
5.720 8.000 0.000 0.000 0.000 0.010 5.720 1.042
5.800 8.000 -0.000 -0.000 0.000 0.010 5.800 1.042
5.880 8.000 -0.000 0.000 0.000 0.010 5.880 1.042
5.960 8.000 0.000 0.000 0.000 0.010 5.960 1.042
6.040 8.000 0.000 0.000 0.000 0.010 6.040 1.042
6.120 8.000 -0.000 -0.000 0.000 0.010 6.120 1.042
6.200 8.000 0.000 0.000 0.000 0.010 6.200 1.042
6.280 8.000 -0.000 -0.000 0.000 0.010 6.280 1.042
6.360 8.000 0.000 0.000 0.000 0.010 6.360 1.042
6.440 8.000 0.000 -0.000 0.000 0.010 6.440 1.042
6.520 8.000 -0.000 -0.000 0.000 0.010 6.520 1.042
6.600 8.000 0.000 0.000 0.000 0.010 6.600 1.042
6.680 8.000 0.000 0.000 0.000 0.010 6.680 1.042
6.760 8.000 -0.000 -0.000 0.000 0.010 6.760 1.042
6.840 8.000 0.000 0.000 0.000 0.010 6.840 1.042
6.920 8.000 0.000 -0.000 0.000 0.010 6.920 1.042
7.000 8.000 0.000 0.000 0.000 0.010 7.000 1.042
7.080 8.000 0.000 0.000 0.000 0.010 7.080 1.042
7.160 8.000 0.000 0.000 0.000 0.010 7.160 1.042
7.240 8.000 -0.000 -0.000 0.000 0.010 7.240 1.042
7.320 8.000 0.000 0.000 0.000 0.010 7.320 1.042
7.400 8.000 -0.000 -0.000 0.000 0.010 7.400 1.042
7.480 8.000 -0.000 0.000 0.000 0.010 7.480 1.042
7.560 8.000 0.000 0.000 0.000 0.010 7.560 1.042
7.640 8.000 -0.000 -0.000 0.000 0.010 7.640 1.042
7.720 8.000 0.000 0.000 0.000 0.010 7.720 1.042
7.800 8.000 0.000 0.000 0.000 0.010 7.800 1.042
7.880 8.000 0.000 -0.000 0.000 0.010 7.880 1.042
7.960 8.000 0.000 -0.000 0.000 0.010 7.960 1.042
8.040 8.000 0.000 0.000 0.000 0.010 8.040 1.042
8.120 8.000 0.000 0.000 0.000 0.010 8.120 1.042
8.200 8.000 -0.000 -0.000 0.000 0.010 8.200 1.042
8.280 8.000 0.000 0.000 0.000 0.010 8.280 1.042
8.360 8.000 -0.000 -0.000 0.000 0.010 8.360 1.042
8.440 8.000 0.000 0.000 0.000 0.010 8.440 1.042
8.520 8.000 0.000 0.000 0.000 0.010 8.520 1.042
8.600 8.000 0.000 0.000 0.000 0.010 8.600 1.042
8.680 8.000 0.000 0.000 0.000 0.010 8.680 1.042
8.760 8.000 0.000 0.000 0.000 0.010 8.760 1.042
8.840 8.000 0.000 0.000 0.000 0.010 8.840 1.042
8.920 8.000 -0.000 -0.000 0.000 0.010 8.920 1.042
9.000 8.000 0.000 0.000 0.000 0.010 9.000 1.042
9.080 8.000 -0.000 -0.000 0.000 0.010 9.080 1.042
9.160 8.000 -0.000 0.000 0.000 0.010 9.160 1.042
9.240 8.000 0.000 0.000 0.000 0.010 9.240 1.042
9.320 8.000 -0.000 -0.000 0.000 0.010 9.320 1.042
9.400 8.000 0.000 0.000 0.000 0.010 9.400 1.042
9.480 8.000 0.000 0.000 0.000 0.010 9.480 1.042
9.560 8.000 -0.000 -0.000 0.000 0.010 9.560 1.042
9.640 8.000 0.000 0.000 0.000 0.010 9.640 1.042
9.720 8.000 0.000 0.000 0.000 0.010 9.720 1.042
9.800 8.000 0.000 0.000 0.000 0.010 9.800 1.042
9.880 8.000 -0.000 -0.000 0.000 0.010 9.880 1.042
9.960 8.000 0.000 0.000 0.000 0.010 9.960 1.042
10.040 8.000 -0.000 -0.000 0.000 0.010 10.040 1.042
10.120 8.000 -0.000 0.000 0.000 0.010 10.120 1.042
10.200 8.000 0.000 0.000 0.000 0.010 10.200 1.042
10.280 8.000 -0.000 -0.000 0.000 0.010 10.280 1.042
10.360 8.000 0.000 0.000 0.000 0.010 10.360 1.042
10.440 8.000 0.000 -0.000 0.000 0.010 10.440 1.042
10.520 8.000 0.000 0.000 0.000 0.010 10.520 1.042
10.600 8.000 0.000 0.000 0.000 0.010 10.600 1.042
10.680 8.000 -0.000 -0.000 0.000 0.010 10.680 1.042
10.760 8.000 0.000 0.000 0.000 0.010 10.760 1.042
10.840 8.000 -0.000 -0.000 0.000 0.010 10.840 1.042
10.920 8.000 0.000 0.000 0.000 0.010 10.920 1.042
11.000 8.000 0.000 -0.000 0.000 0.010 11.000 1.042
11.080 8.000 0.000 0.000 0.000 0.010 11.080 1.042
11.160 8.000 0.000 0.000 0.000 0.010 11.160 1.042
11.240 8.000 0.000 0.000 0.000 0.010 11.240 1.042
11.320 8.000 0.000 0.000 0.000 0.010 11.320 1.042
11.400 8.000 -0.000 -0.000 0.000 0.010 11.400 1.042
11.480 8.000 0.000 0.000 0.000 0.010 11.480 1.042
11.560 8.000 -0.000 -0.000 0.000 0.010 11.560 1.042
11.640 8.000 0.000 0.000 0.000 0.010 11.640 1.042
11.720 8.000 0.000 -0.000 0.000 0.010 11.720 1.042
11.800 8.000 0.000 0.000 0.000 0.010 11.800 1.042
11.880 8.000 0.000 0.000 0.000 0.010 11.880 1.042
11.960 8.000 0.000 0.000 0.000 0.010 11.960 1.042
12.040 8.000 -0.000 -0.000 0.000 0.010 12.040 1.042
12.120 8.000 -0.000 0.000 0.000 0.010 12.120 1.042
12.200 8.000 0.000 0.000 0.000 0.010 12.200 1.042
12.280 8.000 -0.000 -0.000 0.000 0.010 12.280 1.042
12.360 8.000 0.000 0.000 0.000 0.010 12.360 1.042
12.440 8.000 0.000 0.000 0.000 0.010 12.440 1.042
12.520 8.000 -0.000 -0.000 0.000 0.010 12.520 1.042
12.600 8.000 0.000 0.000 0.000 0.010 12.600 1.042
12.680 8.000 0.000 -0.000 0.000 0.010 12.680 1.042
12.760 8.000 0.000 0.000 0.000 0.010 12.760 1.042
12.840 8.000 -0.000 -0.000 0.000 0.010 12.840 1.042
12.920 8.000 0.000 0.000 0.000 0.010 12.920 1.042
13.000 8.000 -0.000 -0.000 0.000 0.010 13.000 1.042
13.080 8.000 0.000 0.000 0.000 0.010 13.080 1.042
13.160 8.000 0.000 0.000 0.000 0.010 13.160 1.042
13.240 8.000 -0.000 -0.000 0.000 0.010 13.240 1.042
13.320 8.000 0.000 0.000 0.000 0.010 13.320 1.042
13.400 8.000 -0.000 -0.000 0.000 0.010 13.400 1.042
13.480 8.000 0.000 0.000 0.000 0.010 13.480 1.042
13.560 8.000 -0.000 -0.000 0.000 0.010 13.560 1.042
13.640 8.000 0.000 0.000 0.000 0.010 13.640 1.042
13.720 8.000 0.000 0.000 0.000 0.010 13.720 1.042
13.800 8.000 -0.000 -0.000 0.000 0.010 13.800 1.042
13.880 8.000 0.000 0.000 0.000 0.010 13.880 1.042
13.960 8.000 0.000 -0.000 0.000 0.010 13.960 1.042
14.040 8.000 0.000 0.000 0.000 0.010 14.040 1.042
14.120 7.997 -0.270 -27.043 0.000 0.010 14.120 1.042
14.200 7.989 -0.827 -55.615 0.000 0.010 14.200 1.042
14.280 7.975 -1.398 -57.143 0.000 0.010 14.280 1.042
14.359 7.955 -1.969 -57.143 0.000 0.010 14.359 1.042
14.438 7.930 -2.541 -57.143 0.000 0.010 14.438 1.042
14.517 7.899 -3.112 -57.143 0.000 0.010 14.517 1.042
14.596 7.862 -3.684 -57.143 0.000 0.010 14.596 1.042
14.674 7.819 -4.255 -57.143 0.000 0.010 14.674 1.042
14.752 7.771 -4.827 -57.143 0.000 0.010 14.752 1.042
14.829 7.717 -5.398 -57.143 0.000 0.010 14.829 1.042
14.906 7.657 -5.969 -57.143 0.000 0.010 14.906 1.042
14.982 7.592 -6.541 -57.143 0.000 0.010 14.982 1.042
15.057 7.521 -7.112 -57.143 0.000 0.010 15.057 1.042
15.131 7.444 -7.684 -57.143 0.000 0.010 15.131 1.042
15.205 7.364 -7.985 -30.100 0.000 0.010 15.205 1.042
15.278 7.284 -8.000 -1.528 0.000 0.010 15.278 1.042
15.350 7.204 -8.000 -0.000 0.000 0.010 15.350 1.042
15.421 7.124 -8.000 0.000 0.000 0.010 15.421 1.042
15.492 7.044 -8.000 0.000 0.000 0.010 15.492 1.042
15.561 6.995 -4.949 305.118 6.283 0.010 15.561 1.042
15.631 6.991 -0.369 457.979 6.282 0.010 15.631 1.042
15.701 6.984 -0.672 -30.310 6.280 0.010 15.701 1.041
15.771 6.974 -1.033 -36.100 6.278 0.010 15.771 1.041
15.841 6.960 -1.393 -36.001 6.275 0.010 15.841 1.041
15.910 6.943 -1.752 -35.917 6.271 0.010 15.910 1.040
15.979 6.921 -2.111 -35.852 6.267 0.010 15.979 1.039
16.048 6.897 -2.469 -35.805 6.262 0.010 16.048 1.038
16.117 6.869 -2.827 -35.770 6.257 0.010 16.117 1.036
16.185 6.837 -3.184 -35.738 6.251 0.010 16.185 1.034
16.253 6.801 -3.541 -35.699 6.245 0.010 16.253 1.032
16.321 6.762 -3.897 -35.640 6.239 0.010 16.321 1.029
16.388 6.720 -4.253 -35.548 6.232 0.010 16.388 1.026
16.455 6.674 -4.607 -35.408 6.225 0.010 16.454 1.022
16.521 6.624 -4.959 -35.208 6.217 0.010 16.521 1.018
16.587 6.571 -5.308 -34.934 6.209 0.010 16.586 1.013
16.652 6.514 -5.654 -34.574 6.201 0.010 16.651 1.008
16.716 6.455 -5.995 -34.120 6.193 0.010 16.715 1.003
16.780 6.391 -6.331 -33.562 6.185 0.010 16.779 0.997
16.844 6.325 -6.660 -32.895 6.176 0.010 16.842 0.990
16.906 6.255 -6.981 -32.115 6.168 0.010 16.904 0.983
16.968 6.182 -7.293 -31.223 6.159 0.010 16.965 0.976
17.029 6.106 -7.595 -30.219 6.151 0.010 17.026 0.968
17.089 6.027 -7.886 -29.107 6.142 0.010 17.086 0.960
17.149 5.945 -8.165 -27.895 6.133 0.010 17.145 0.951
17.207 5.861 -8.431 -26.589 6.125 0.010 17.202 0.942
17.265 5.774 -8.683 -25.201 6.116 0.010 17.259 0.933
17.322 5.685 -8.921 -23.742 6.108 0.010 17.315 0.923
17.378 5.594 -9.143 -22.224 6.099 0.010 17.370 0.913
17.433 5.500 -9.350 -20.660 6.091 0.010 17.425 0.903
17.487 5.405 -9.540 -19.063 6.083 0.010 17.478 0.892
17.540 5.308 -9.715 -17.448 6.075 0.010 17.529 0.882
17.592 5.209 -9.873 -15.826 6.067 0.010 17.580 0.871
17.643 5.109 -10.015 -14.210 6.060 0.010 17.630 0.860
17.693 5.007 -10.141 -12.612 6.053 0.010 17.679 0.848
17.742 4.905 -10.252 -11.042 6.045 0.010 17.727 0.837
17.790 4.801 -10.347 -9.510 6.039 0.010 17.773 0.825
17.837 4.697 -10.427 -8.023 6.032 0.010 17.819 0.814
17.883 4.592 -10.493 -6.589 6.025 0.010 17.863 0.802
17.928 4.487 -10.545 -5.214 6.019 0.010 17.907 0.791
17.972 4.381 -10.584 -3.901 6.013 0.010 17.949 0.779
18.015 4.275 -10.611 -2.654 6.008 0.010 17.990 0.768
18.056 4.168 -10.625 -1.476 6.002 0.010 18.030 0.756
18.097 4.062 -10.629 -0.369 5.997 0.010 18.069 0.745
18.136 3.956 -10.622 0.668 5.992 0.010 18.107 0.734
18.175 3.850 -10.606 1.635 5.988 0.010 18.144 0.723
18.212 3.744 -10.581 2.532 5.983 0.010 18.180 0.712
18.249 3.639 -10.547 3.359 5.979 0.010 18.215 0.701
18.284 3.534 -10.506 4.120 5.975 0.010 18.248 0.690
18.318 3.429 -10.458 4.816 5.971 0.010 18.281 0.680
18.352 3.325 -10.403 5.448 5.968 0.010 18.313 0.669
18.384 3.222 -10.343 6.019 5.965 0.010 18.343 0.659
18.415 3.119 -10.278 6.532 5.962 0.010 18.373 0.650
18.445 3.017 -10.208 6.988 5.959 0.010 18.401 0.640
18.474 2.915 -10.134 7.390 5.956 0.010 18.429 0.631
18.503 2.815 -10.057 7.740 5.954 0.010 18.456 0.622
18.530 2.715 -9.976 8.040 5.952 0.010 18.481 0.613
18.556 2.616 -9.893 8.293 5.950 0.010 18.506 0.604
18.581 2.518 -9.808 8.499 5.948 0.010 18.530 0.596
18.605 2.421 -9.722 8.662 5.946 0.010 18.553 0.588
18.629 2.324 -9.634 8.782 5.945 0.010 18.575 0.580
18.651 2.229 -9.545 8.861 5.943 0.010 18.596 0.573
18.672 2.134 -9.456 8.900 5.942 0.010 18.616 0.566
18.693 2.041 -9.367 8.901 5.941 0.010 18.635 0.559
18.712 1.948 -9.278 8.866 5.940 0.010 18.653 0.552
18.731 1.856 -9.191 8.794 5.939 0.010 18.671 0.546
18.748 1.765 -9.104 8.688 5.938 0.010 18.687 0.540
18.765 1.675 -9.018 8.548 5.937 0.010 18.703 0.534
18.781 1.586 -8.934 8.375 5.937 0.010 18.718 0.529
18.796 1.497 -8.853 8.171 5.936 0.010 18.732 0.524
18.810 1.409 -8.773 7.937 5.936 0.010 18.745 0.519
18.823 1.322 -8.697 7.674 5.936 0.010 18.758 0.515
18.835 1.236 -8.623 7.382 5.935 0.010 18.769 0.510
18.847 1.151 -8.552 7.063 5.935 0.010 18.780 0.506
18.858 1.066 -8.485 6.719 5.935 0.010 18.790 0.503
18.867 0.981 -8.421 6.349 5.935 0.010 18.799 0.499
18.876 0.898 -8.362 5.957 5.934 0.010 18.808 0.496
18.885 0.815 -8.306 5.543 5.934 0.010 18.816 0.494
18.892 0.732 -8.255 5.109 5.934 0.010 18.822 0.491
18.898 0.650 -8.209 4.657 5.934 0.010 18.829 0.489
18.904 0.568 -8.167 4.187 5.934 0.010 18.834 0.487
18.909 0.490 -7.858 30.888 5.934 0.010 18.839 0.485
18.913 0.417 -7.268 58.956 5.934 0.010 18.842 0.484
18.917 0.351 -6.670 59.801 5.934 0.010 18.846 0.483
18.920 0.290 -6.078 59.205 5.934 0.010 18.848 0.482
18.922 0.235 -5.491 58.703 5.934 0.010 18.851 0.481
18.924 0.186 -4.909 58.288 5.934 0.010 18.852 0.480
18.925 0.142 -4.329 57.953 5.934 0.010 18.854 0.480
18.926 0.105 -3.752 57.690 5.934 0.010 18.855 0.479
18.927 0.073 -3.177 57.491 5.934 0.010 18.855 0.479
18.927 0.047 -2.604 57.347 5.934 0.010 18.856 0.479
18.928 0.027 -2.031 57.250 5.934 0.010 18.856 0.479
18.928 0.012 -1.459 57.190 5.934 0.010 18.856 0.479
18.928 0.003 -0.888 57.158 5.934 0.010 18.856 0.479
18.928 0.000 -0.316 57.146 5.934 0.010 18.856 0.479
18.928 0.000 -0.015 30.100 5.934 0.010 18.856 0.479
0.000 0.006 0.571 57.143 0.000 0.010 0.000 -1.042
0.000 0.011 0.571 -0.000 0.000 0.010 0.000 -1.042
0.000 0.026 1.429 85.714 0.000 0.010 0.000 -1.042
0.001 0.046 2.000 57.143 0.000 0.010 0.001 -1.042
0.002 0.071 2.571 57.143 0.000 0.010 0.002 -1.042
0.003 0.103 3.143 57.143 0.000 0.010 0.003 -1.042
0.004 0.140 3.714 57.143 0.000 0.010 0.004 -1.042
0.006 0.183 4.286 57.143 0.000 0.010 0.006 -1.042
0.008 0.231 4.857 57.143 0.000 0.010 0.008 -1.042
0.011 0.286 5.429 57.143 0.000 0.010 0.011 -1.042
0.014 0.346 6.000 57.143 0.000 0.010 0.014 -1.042
0.019 0.411 6.571 57.143 0.000 0.010 0.019 -1.042
0.023 0.483 7.143 57.143 0.000 0.010 0.023 -1.042
0.029 0.560 7.714 57.143 0.000 0.010 0.029 -1.042
0.035 0.640 8.000 28.571 0.000 0.010 0.035 -1.042
0.043 0.720 8.000 0.000 0.000 0.010 0.043 -1.042
0.051 0.800 8.000 0.000 0.000 0.010 0.051 -1.042
0.059 0.880 8.000 0.000 0.000 0.010 0.059 -1.042
0.069 0.960 8.000 0.000 0.000 0.010 0.069 -1.042
0.079 1.040 8.000 -0.000 0.000 0.010 0.079 -1.042
0.091 1.120 8.000 -0.000 0.000 0.010 0.091 -1.042
0.103 1.200 8.000 -0.000 0.000 0.010 0.103 -1.042
0.115 1.280 8.000 0.000 0.000 0.010 0.115 -1.042
0.129 1.360 8.000 -0.000 0.000 0.010 0.129 -1.042
0.143 1.440 8.000 -0.000 0.000 0.010 0.143 -1.042
0.159 1.520 8.000 0.000 0.000 0.010 0.159 -1.042
0.175 1.600 8.000 -0.000 0.000 0.010 0.175 -1.042
0.191 1.680 8.000 0.000 0.000 0.010 0.191 -1.042
0.209 1.760 8.000 -0.000 0.000 0.010 0.209 -1.042
0.227 1.840 8.000 0.000 0.000 0.010 0.227 -1.042
0.247 1.920 8.000 -0.000 0.000 0.010 0.247 -1.042
0.267 2.000 8.000 0.000 0.000 0.010 0.267 -1.042
0.287 2.080 8.000 -0.000 0.000 0.010 0.287 -1.042
0.309 2.160 8.000 -0.000 0.000 0.010 0.309 -1.042
0.331 2.240 8.000 0.000 0.000 0.010 0.331 -1.042
0.355 2.320 8.000 -0.000 0.000 0.010 0.355 -1.042
0.379 2.400 8.000 0.000 0.000 0.010 0.379 -1.042
0.403 2.480 8.000 0.000 0.000 0.010 0.403 -1.042
0.429 2.560 8.000 -0.000 0.000 0.010 0.429 -1.042
0.455 2.640 8.000 0.000 0.000 0.010 0.455 -1.042
0.483 2.720 8.000 -0.000 0.000 0.010 0.483 -1.042
0.511 2.800 8.000 -0.000 0.000 0.010 0.511 -1.042
0.539 2.880 8.000 0.000 0.000 0.010 0.539 -1.042
0.569 2.960 8.000 0.000 0.000 0.010 0.569 -1.042
0.599 3.040 8.000 -0.000 0.000 0.010 0.599 -1.042
0.631 3.120 8.000 0.000 0.000 0.010 0.631 -1.042
0.663 3.200 8.000 0.000 0.000 0.010 0.663 -1.042
0.695 3.280 8.000 -0.000 0.000 0.010 0.695 -1.042
0.729 3.360 8.000 0.000 0.000 0.010 0.729 -1.042
0.763 3.440 8.000 -0.000 0.000 0.010 0.763 -1.042
0.799 3.520 8.000 0.000 0.000 0.010 0.799 -1.042
0.835 3.600 8.000 0.000 0.000 0.010 0.835 -1.042
0.871 3.680 8.000 0.000 0.000 0.010 0.871 -1.042
0.909 3.760 8.000 -0.000 0.000 0.010 0.909 -1.042
0.947 3.840 8.000 0.000 0.000 0.010 0.947 -1.042
0.987 3.920 8.000 0.000 0.000 0.010 0.987 -1.042
1.027 4.000 8.000 0.000 0.000 0.010 1.027 -1.042
1.067 4.080 8.000 -0.000 0.000 0.010 1.067 -1.042
1.109 4.160 8.000 -0.000 0.000 0.010 1.109 -1.042
1.151 4.240 8.000 0.000 0.000 0.010 1.151 -1.042
1.195 4.320 8.000 0.000 0.000 0.010 1.195 -1.042
1.239 4.400 8.000 -0.000 0.000 0.010 1.239 -1.042
1.283 4.480 8.000 0.000 0.000 0.010 1.283 -1.042
1.329 4.560 8.000 0.000 0.000 0.010 1.329 -1.042
1.375 4.640 8.000 -0.000 0.000 0.010 1.375 -1.042
1.423 4.720 8.000 -0.000 0.000 0.010 1.423 -1.042
1.471 4.800 8.000 0.000 0.000 0.010 1.471 -1.042
1.519 4.880 8.000 -0.000 0.000 0.010 1.519 -1.042
1.569 4.960 8.000 0.000 0.000 0.010 1.569 -1.042
1.619 5.040 8.000 0.000 0.000 0.010 1.619 -1.042
1.671 5.120 8.000 -0.000 0.000 0.010 1.671 -1.042
1.723 5.200 8.000 0.000 0.000 0.010 1.723 -1.042
1.775 5.280 8.000 -0.000 0.000 0.010 1.775 -1.042
1.829 5.360 8.000 0.000 0.000 0.010 1.829 -1.042
1.883 5.440 8.000 -0.000 0.000 0.010 1.883 -1.042
1.939 5.520 8.000 -0.000 0.000 0.010 1.939 -1.042
1.995 5.600 8.000 -0.000 0.000 0.010 1.995 -1.042
2.051 5.680 8.000 0.000 0.000 0.010 2.051 -1.042
2.109 5.760 8.000 -0.000 0.000 0.010 2.109 -1.042
2.167 5.840 8.000 0.000 0.000 0.010 2.167 -1.042
2.227 5.920 8.000 0.000 0.000 0.010 2.227 -1.042
2.287 6.000 8.000 -0.000 0.000 0.010 2.287 -1.042
2.347 6.080 8.000 0.000 0.000 0.010 2.347 -1.042
2.409 6.160 8.000 0.000 0.000 0.010 2.409 -1.042
2.471 6.240 8.000 -0.000 0.000 0.010 2.471 -1.042
2.535 6.320 8.000 0.000 0.000 0.010 2.535 -1.042
2.599 6.400 8.000 -0.000 0.000 0.010 2.599 -1.042
2.663 6.480 8.000 -0.000 0.000 0.010 2.663 -1.042
2.729 6.560 8.000 0.000 0.000 0.010 2.729 -1.042
2.795 6.640 8.000 -0.000 0.000 0.010 2.795 -1.042
2.863 6.720 8.000 0.000 0.000 0.010 2.863 -1.042
2.931 6.800 8.000 0.000 0.000 0.010 2.931 -1.042
2.999 6.880 8.000 0.000 0.000 0.010 2.999 -1.042
3.069 6.960 8.000 -0.000 0.000 0.010 3.069 -1.042
3.139 7.040 8.000 -0.000 0.000 0.010 3.139 -1.042
3.211 7.120 8.000 0.000 0.000 0.010 3.211 -1.042
3.283 7.200 8.000 0.000 0.000 0.010 3.283 -1.042
3.355 7.280 8.000 -0.000 0.000 0.010 3.355 -1.042
3.429 7.360 8.000 -0.000 0.000 0.010 3.429 -1.042
3.503 7.440 8.000 0.000 0.000 0.010 3.503 -1.042
3.579 7.517 7.714 -28.571 0.000 0.010 3.579 -1.042
3.654 7.589 7.143 -57.143 0.000 0.010 3.654 -1.042
3.731 7.654 6.571 -57.143 0.000 0.010 3.731 -1.042
3.808 7.714 6.000 -57.143 0.000 0.010 3.808 -1.042
3.886 7.769 5.429 -57.143 0.000 0.010 3.886 -1.042
3.964 7.817 4.857 -57.143 0.000 0.010 3.964 -1.042
4.043 7.860 4.286 -57.143 0.000 0.010 4.043 -1.042
4.122 7.897 3.714 -57.143 0.000 0.010 4.122 -1.042
4.201 7.929 3.143 -57.143 0.000 0.010 4.201 -1.042
4.280 7.954 2.571 -57.143 0.000 0.010 4.280 -1.042
4.360 7.974 2.000 -57.143 0.000 0.010 4.360 -1.042
4.440 7.989 1.429 -57.143 0.000 0.010 4.440 -1.042
4.520 7.997 0.857 -57.143 0.000 0.010 4.520 -1.042
4.600 8.000 0.286 -57.143 0.000 0.010 4.600 -1.042
4.680 8.000 0.000 -28.571 0.000 0.010 4.680 -1.042
4.760 8.000 -0.000 -0.000 0.000 0.010 4.760 -1.042
4.840 8.000 0.000 0.000 0.000 0.010 4.840 -1.042
4.920 8.000 -0.000 -0.000 0.000 0.010 4.920 -1.042
5.000 8.000 -0.000 0.000 0.000 0.010 5.000 -1.042
5.080 8.000 0.000 0.000 0.000 0.010 5.080 -1.042
5.160 8.000 0.000 -0.000 0.000 0.010 5.160 -1.042
5.240 8.000 0.000 0.000 0.000 0.010 5.240 -1.042
5.320 8.000 0.000 0.000 0.000 0.010 5.320 -1.042
5.400 8.000 0.000 0.000 0.000 0.010 5.400 -1.042
5.480 8.000 0.000 0.000 0.000 0.010 5.480 -1.042
5.560 8.000 0.000 0.000 0.000 0.010 5.560 -1.042
5.640 8.000 -0.000 -0.000 0.000 0.010 5.640 -1.042
5.720 8.000 0.000 0.000 0.000 0.010 5.720 -1.042
5.800 8.000 -0.000 -0.000 0.000 0.010 5.800 -1.042
5.880 8.000 -0.000 0.000 0.000 0.010 5.880 -1.042
5.960 8.000 0.000 0.000 0.000 0.010 5.960 -1.042
6.040 8.000 0.000 0.000 0.000 0.010 6.040 -1.042
6.120 8.000 -0.000 -0.000 0.000 0.010 6.120 -1.042
6.200 8.000 0.000 0.000 0.000 0.010 6.200 -1.042
6.280 8.000 -0.000 -0.000 0.000 0.010 6.280 -1.042
6.360 8.000 0.000 0.000 0.000 0.010 6.360 -1.042
6.440 8.000 0.000 -0.000 0.000 0.010 6.440 -1.042
6.520 8.000 -0.000 -0.000 0.000 0.010 6.520 -1.042
6.600 8.000 0.000 0.000 0.000 0.010 6.600 -1.042
6.680 8.000 0.000 0.000 0.000 0.010 6.680 -1.042
6.760 8.000 -0.000 -0.000 0.000 0.010 6.760 -1.042
6.840 8.000 0.000 0.000 0.000 0.010 6.840 -1.042
6.920 8.000 0.000 -0.000 0.000 0.010 6.920 -1.042
7.000 8.000 0.000 0.000 0.000 0.010 7.000 -1.042
7.080 8.000 0.000 0.000 0.000 0.010 7.080 -1.042
7.160 8.000 0.000 0.000 0.000 0.010 7.160 -1.042
7.240 8.000 -0.000 -0.000 0.000 0.010 7.240 -1.042
7.320 8.000 0.000 0.000 0.000 0.010 7.320 -1.042
7.400 8.000 -0.000 -0.000 0.000 0.010 7.400 -1.042
7.480 8.000 -0.000 0.000 0.000 0.010 7.480 -1.042
7.560 8.000 0.000 0.000 0.000 0.010 7.560 -1.042
7.640 8.000 -0.000 -0.000 0.000 0.010 7.640 -1.042
7.720 8.000 0.000 0.000 0.000 0.010 7.720 -1.042
7.800 8.000 0.000 0.000 0.000 0.010 7.800 -1.042
7.880 8.000 0.000 -0.000 0.000 0.010 7.880 -1.042
7.960 8.000 0.000 -0.000 0.000 0.010 7.960 -1.042
8.040 8.000 0.000 0.000 0.000 0.010 8.040 -1.042
8.120 8.000 0.000 0.000 0.000 0.010 8.120 -1.042
8.200 8.000 -0.000 -0.000 0.000 0.010 8.200 -1.042
8.280 8.000 0.000 0.000 0.000 0.010 8.280 -1.042
8.360 8.000 -0.000 -0.000 0.000 0.010 8.360 -1.042
8.440 8.000 0.000 0.000 0.000 0.010 8.440 -1.042
8.520 8.000 0.000 0.000 0.000 0.010 8.520 -1.042
8.600 8.000 0.000 0.000 0.000 0.010 8.600 -1.042
8.680 8.000 0.000 0.000 0.000 0.010 8.680 -1.042
8.760 8.000 0.000 0.000 0.000 0.010 8.760 -1.042
8.840 8.000 0.000 0.000 0.000 0.010 8.840 -1.042
8.920 8.000 -0.000 -0.000 0.000 0.010 8.920 -1.042
9.000 8.000 0.000 0.000 0.000 0.010 9.000 -1.042
9.080 8.000 -0.000 -0.000 0.000 0.010 9.080 -1.042
9.160 8.000 -0.000 0.000 0.000 0.010 9.160 -1.042
9.240 8.000 0.000 0.000 0.000 0.010 9.240 -1.042
9.320 8.000 -0.000 -0.000 0.000 0.010 9.320 -1.042
9.400 8.000 0.000 0.000 0.000 0.010 9.400 -1.042
9.480 8.000 0.000 0.000 0.000 0.010 9.480 -1.042
9.560 8.000 -0.000 -0.000 0.000 0.010 9.560 -1.042
9.640 8.000 0.000 0.000 0.000 0.010 9.640 -1.042
9.720 8.000 0.000 0.000 0.000 0.010 9.720 -1.042
9.800 8.000 0.000 0.000 0.000 0.010 9.800 -1.042
9.880 8.000 -0.000 -0.000 0.000 0.010 9.880 -1.042
9.960 8.000 0.000 0.000 0.000 0.010 9.960 -1.042
10.040 8.000 -0.000 -0.000 0.000 0.010 10.040 -1.042
10.120 8.000 -0.000 0.000 0.000 0.010 10.120 -1.042
10.200 8.000 0.000 0.000 0.000 0.010 10.200 -1.042
10.280 8.000 -0.000 -0.000 0.000 0.010 10.280 -1.042
10.360 8.000 0.000 0.000 0.000 0.010 10.360 -1.042
10.440 8.000 0.000 -0.000 0.000 0.010 10.440 -1.042
10.520 8.000 0.000 0.000 0.000 0.010 10.520 -1.042
10.600 8.000 0.000 0.000 0.000 0.010 10.600 -1.042
10.680 8.000 -0.000 -0.000 0.000 0.010 10.680 -1.042
10.760 8.000 0.000 0.000 0.000 0.010 10.760 -1.042
10.840 8.000 -0.000 -0.000 0.000 0.010 10.840 -1.042
10.920 8.000 0.000 0.000 0.000 0.010 10.920 -1.042
11.000 8.000 0.000 -0.000 0.000 0.010 11.000 -1.042
11.080 8.000 0.000 0.000 0.000 0.010 11.080 -1.042
11.160 8.000 0.000 0.000 0.000 0.010 11.160 -1.042
11.240 8.000 0.000 0.000 0.000 0.010 11.240 -1.042
11.320 8.000 0.000 0.000 0.000 0.010 11.320 -1.042
11.400 8.000 -0.000 -0.000 0.000 0.010 11.400 -1.042
11.480 8.000 0.000 0.000 0.000 0.010 11.480 -1.042
11.560 8.000 -0.000 -0.000 0.000 0.010 11.560 -1.042
11.640 8.000 0.000 0.000 0.000 0.010 11.640 -1.042
11.720 8.000 0.000 -0.000 0.000 0.010 11.720 -1.042
11.800 8.000 0.000 0.000 0.000 0.010 11.800 -1.042
11.880 8.000 0.000 0.000 0.000 0.010 11.880 -1.042
11.960 8.000 0.000 0.000 0.000 0.010 11.960 -1.042
12.040 8.000 -0.000 -0.000 0.000 0.010 12.040 -1.042
12.120 8.000 -0.000 0.000 0.000 0.010 12.120 -1.042
12.200 8.000 0.000 0.000 0.000 0.010 12.200 -1.042
12.280 8.000 -0.000 -0.000 0.000 0.010 12.280 -1.042
12.360 8.000 0.000 0.000 0.000 0.010 12.360 -1.042
12.440 8.000 0.000 0.000 0.000 0.010 12.440 -1.042
12.520 8.000 -0.000 -0.000 0.000 0.010 12.520 -1.042
12.600 8.000 0.000 0.000 0.000 0.010 12.600 -1.042
12.680 8.000 0.000 -0.000 0.000 0.010 12.680 -1.042
12.760 8.000 0.000 0.000 0.000 0.010 12.760 -1.042
12.840 8.000 -0.000 -0.000 0.000 0.010 12.840 -1.042
12.920 8.000 0.000 0.000 0.000 0.010 12.920 -1.042
13.000 8.000 -0.000 -0.000 0.000 0.010 13.000 -1.042
13.080 8.000 0.000 0.000 0.000 0.010 13.080 -1.042
13.160 8.000 0.000 0.000 0.000 0.010 13.160 -1.042
13.240 8.000 -0.000 -0.000 0.000 0.010 13.240 -1.042
13.320 8.000 0.000 0.000 0.000 0.010 13.320 -1.042
13.400 8.000 -0.000 -0.000 0.000 0.010 13.400 -1.042
13.480 8.000 0.000 0.000 0.000 0.010 13.480 -1.042
13.560 8.000 -0.000 -0.000 0.000 0.010 13.560 -1.042
13.640 8.000 0.000 0.000 0.000 0.010 13.640 -1.042
13.720 8.000 0.000 0.000 0.000 0.010 13.720 -1.042
13.800 8.000 -0.000 -0.000 0.000 0.010 13.800 -1.042
13.880 8.000 0.000 0.000 0.000 0.010 13.880 -1.042
13.960 8.000 0.000 -0.000 0.000 0.010 13.960 -1.042
14.040 8.000 0.000 0.000 0.000 0.010 14.040 -1.042
14.120 7.997 -0.270 -27.043 0.000 0.010 14.120 -1.042
14.200 7.989 -0.827 -55.615 0.000 0.010 14.200 -1.042
14.280 7.975 -1.398 -57.143 0.000 0.010 14.280 -1.042
14.359 7.955 -1.969 -57.143 0.000 0.010 14.359 -1.042
14.438 7.930 -2.541 -57.143 0.000 0.010 14.438 -1.042
14.517 7.899 -3.112 -57.143 0.000 0.010 14.517 -1.042
14.596 7.862 -3.684 -57.143 0.000 0.010 14.596 -1.042
14.674 7.819 -4.255 -57.143 0.000 0.010 14.674 -1.042
14.752 7.771 -4.827 -57.143 0.000 0.010 14.752 -1.042
14.829 7.717 -5.398 -57.143 0.000 0.010 14.829 -1.042
14.906 7.657 -5.969 -57.143 0.000 0.010 14.906 -1.042
14.982 7.592 -6.541 -57.143 0.000 0.010 14.982 -1.042
15.057 7.521 -7.112 -57.143 0.000 0.010 15.057 -1.042
15.131 7.444 -7.684 -57.143 0.000 0.010 15.131 -1.042
15.205 7.364 -7.985 -30.100 0.000 0.010 15.205 -1.042
15.278 7.284 -8.000 -1.528 0.000 0.010 15.278 -1.042
15.350 7.204 -8.000 -0.000 0.000 0.010 15.350 -1.042
15.421 7.124 -8.000 0.000 0.000 0.010 15.421 -1.042
15.492 7.044 -8.000 0.000 0.000 0.010 15.492 -1.042
15.561 6.934 -11.051 -305.119 6.283 0.010 15.561 -1.042
15.629 6.777 -15.631 -457.984 6.282 0.010 15.629 -1.042
15.695 6.624 -15.328 30.305 6.280 0.010 15.695 -1.042
15.760 6.475 -14.967 36.096 6.278 0.010 15.760 -1.042
15.823 6.328 -14.607 35.997 6.275 0.010 15.823 -1.043
15.885 6.186 -14.248 35.914 6.271 0.010 15.885 -1.043
15.945 6.047 -13.889 35.851 6.267 0.010 15.945 -1.044
16.004 5.912 -13.531 35.804 6.262 0.010 16.004 -1.045
16.062 5.780 -13.174 35.770 6.257 0.010 16.062 -1.047
16.119 5.652 -12.816 35.738 6.251 0.010 16.119 -1.048
16.174 5.527 -12.459 35.700 6.245 0.010 16.174 -1.050
16.228 5.406 -12.103 35.641 6.239 0.010 16.228 -1.052
16.281 5.289 -11.747 35.549 6.232 0.010 16.281 -1.055
16.333 5.175 -11.393 35.410 6.225 0.010 16.332 -1.058
16.383 5.064 -11.041 35.210 6.217 0.010 16.383 -1.061
16.433 4.957 -10.692 34.936 6.209 0.010 16.432 -1.064
16.481 4.854 -10.346 34.577 6.201 0.010 16.481 -1.068
16.529 4.754 -10.005 34.122 6.193 0.010 16.528 -1.072
16.576 4.657 -9.669 33.564 6.185 0.010 16.574 -1.077
16.621 4.564 -9.340 32.897 6.176 0.010 16.620 -1.081
16.666 4.474 -9.019 32.118 6.168 0.010 16.664 -1.086
16.710 4.387 -8.707 31.225 6.159 0.010 16.708 -1.091
16.753 4.303 -8.405 30.221 6.151 0.010 16.751 -1.097
16.795 4.221 -8.113 29.109 6.142 0.010 16.792 -1.103
16.836 4.143 -7.835 27.897 6.133 0.010 16.833 -1.109
16.877 4.067 -7.569 26.591 6.125 0.010 16.874 -1.115
16.917 3.994 -7.317 25.203 6.116 0.010 16.913 -1.121
16.956 3.923 -7.079 23.743 6.108 0.010 16.952 -1.128
16.995 3.855 -6.857 22.225 6.099 0.010 16.990 -1.135
17.033 3.788 -6.650 20.661 6.091 0.010 17.027 -1.142
17.070 3.724 -6.460 19.064 6.083 0.010 17.063 -1.149
17.107 3.661 -6.285 17.448 6.075 0.010 17.099 -1.157
17.143 3.600 -6.127 15.826 6.067 0.010 17.134 -1.164
17.178 3.540 -5.985 14.210 6.060 0.010 17.169 -1.172
17.213 3.481 -5.859 12.612 6.053 0.010 17.203 -1.180
17.247 3.424 -5.748 11.042 6.045 0.010 17.236 -1.188
17.281 3.367 -5.653 9.510 6.039 0.010 17.269 -1.196
17.314 3.311 -5.573 8.023 6.032 0.010 17.301 -1.204
17.346 3.256 -5.507 6.589 6.025 0.010 17.332 -1.212
17.378 3.202 -5.455 5.213 6.019 0.010 17.363 -1.220
17.410 3.148 -5.416 3.900 6.013 0.010 17.394 -1.229
17.441 3.094 -5.389 2.654 6.008 0.010 17.424 -1.237
17.471 3.040 -5.375 1.476 6.002 0.010 17.453 -1.245
17.501 2.986 -5.371 0.368 5.997 0.010 17.481 -1.254
17.530 2.933 -5.378 -0.669 5.992 0.010 17.510 -1.262
17.559 2.879 -5.394 -1.636 5.988 0.010 17.537 -1.270
17.587 2.824 -5.419 -2.532 5.983 0.010 17.564 -1.279
17.615 2.770 -5.453 -3.360 5.979 0.010 17.591 -1.287
17.642 2.715 -5.494 -4.121 5.975 0.010 17.616 -1.295
17.669 2.660 -5.542 -4.816 5.971 0.010 17.642 -1.303
17.695 2.604 -5.597 -5.448 5.968 0.010 17.667 -1.311
17.720 2.547 -5.657 -6.020 5.965 0.010 17.691 -1.319
17.745 2.490 -5.722 -6.532 5.962 0.010 17.714 -1.327
17.770 2.432 -5.792 -6.988 5.959 0.010 17.737 -1.335
17.793 2.373 -5.866 -7.390 5.956 0.010 17.760 -1.342
17.816 2.314 -5.943 -7.740 5.954 0.010 17.782 -1.350
17.839 2.254 -6.024 -8.041 5.952 0.010 17.803 -1.357
17.861 2.192 -6.107 -8.293 5.950 0.010 17.824 -1.364
17.882 2.131 -6.192 -8.500 5.948 0.010 17.844 -1.371
17.903 2.068 -6.278 -8.662 5.946 0.010 17.864 -1.378
17.923 2.004 -6.366 -8.782 5.945 0.010 17.882 -1.385
17.942 1.940 -6.455 -8.861 5.943 0.010 17.901 -1.391
17.961 1.874 -6.544 -8.900 5.942 0.010 17.918 -1.397
17.979 1.808 -6.633 -8.902 5.941 0.010 17.935 -1.404
17.997 1.741 -6.722 -8.866 5.940 0.010 17.952 -1.409
18.013 1.672 -6.809 -8.794 5.939 0.010 17.968 -1.415
18.029 1.604 -6.896 -8.688 5.938 0.010 17.983 -1.420
18.045 1.534 -6.982 -8.548 5.937 0.010 17.997 -1.426
18.059 1.463 -7.066 -8.375 5.937 0.010 18.011 -1.431
18.073 1.392 -7.147 -8.171 5.936 0.010 18.024 -1.435
18.086 1.319 -7.227 -7.937 5.936 0.010 18.036 -1.440
18.099 1.246 -7.303 -7.674 5.936 0.010 18.048 -1.444
18.111 1.173 -7.377 -7.382 5.935 0.010 18.059 -1.448
18.122 1.098 -7.448 -7.063 5.935 0.010 18.069 -1.452
18.132 1.023 -7.515 -6.719 5.935 0.010 18.079 -1.455
18.141 0.947 -7.579 -6.350 5.935 0.010 18.088 -1.459
18.150 0.871 -7.638 -5.957 5.934 0.010 18.096 -1.462
18.158 0.794 -7.694 -5.543 5.934 0.010 18.104 -1.464
18.165 0.716 -7.745 -5.109 5.934 0.010 18.110 -1.467
18.171 0.638 -7.791 -4.657 5.934 0.010 18.116 -1.469
18.177 0.560 -7.833 -4.187 5.934 0.010 18.122 -1.471
18.182 0.484 -7.601 23.198 5.934 0.010 18.126 -1.472
18.186 0.413 -7.078 52.274 5.934 0.010 18.130 -1.474
18.189 0.348 -6.534 54.485 5.934 0.010 18.133 -1.475
18.192 0.288 -5.983 55.081 5.934 0.010 18.136 -1.476
18.195 0.234 -5.427 55.583 5.934 0.010 18.138 -1.477
18.197 0.185 -4.867 55.998 5.934 0.010 18.140 -1.477
18.198 0.142 -4.304 56.333 5.934 0.010 18.141 -1.478
18.199 0.105 -3.738 56.596 5.934 0.010 18.142 -1.478
18.200 0.073 -3.170 56.795 5.934 0.010 18.143 -1.479
18.200 0.047 -2.600 56.938 5.934 0.010 18.143 -1.479
18.201 0.027 -2.030 57.036 5.934 0.010 18.144 -1.479
18.201 0.012 -1.459 57.096 5.934 0.010 18.144 -1.479
18.201 0.003 -0.888 57.127 5.934 0.010 18.144 -1.479
18.201 0.000 -0.316 57.140 5.934 0.010 18.144 -1.479
18.201 0.000 -0.015 30.099 5.934 0.010 18.144 -1.479
