RightLeftScale
577
0.000 0.006 0.597 59.701 0.000 0.010 0.000 1.042
0.000 0.012 0.597 -0.000 0.000 0.010 0.000 1.042
0.000 0.027 1.493 89.552 0.000 0.010 0.000 1.042
0.001 0.048 2.090 59.701 0.000 0.010 0.001 1.042
0.002 0.075 2.687 59.701 0.000 0.010 0.002 1.042
0.003 0.107 3.284 59.701 0.000 0.010 0.003 1.042
0.004 0.146 3.881 59.701 0.000 0.010 0.004 1.042
0.006 0.191 4.478 59.701 0.000 0.010 0.006 1.042
0.009 0.242 5.075 59.701 0.000 0.010 0.009 1.042
0.011 0.299 5.672 59.701 0.000 0.010 0.011 1.042
0.015 0.358 5.970 29.851 0.000 0.010 0.015 1.042
0.019 0.418 5.970 -0.000 0.000 0.010 0.019 1.042
0.024 0.478 5.970 0.000 0.000 0.010 0.024 1.042
0.029 0.537 5.970 -0.000 0.000 0.010 0.029 1.042
0.035 0.597 5.970 -0.000 0.000 0.010 0.035 1.042
0.042 0.657 5.970 0.000 0.000 0.010 0.042 1.042
0.049 0.716 5.970 0.000 0.000 0.010 0.049 1.042
0.057 0.776 5.970 -0.000 0.000 0.010 0.057 1.042
0.065 0.836 5.970 0.000 0.000 0.010 0.065 1.042
0.074 0.896 5.970 -0.000 0.000 0.010 0.074 1.042
0.084 0.955 5.970 0.000 0.000 0.010 0.084 1.042
0.094 1.015 5.970 0.000 0.000 0.010 0.094 1.042
0.105 1.075 5.970 -0.000 0.000 0.010 0.105 1.042
0.116 1.134 5.970 -0.000 0.000 0.010 0.116 1.042
0.128 1.194 5.970 0.000 0.000 0.010 0.128 1.042
0.140 1.254 5.970 -0.000 0.000 0.010 0.140 1.042
0.154 1.313 5.970 0.000 0.000 0.010 0.154 1.042
0.167 1.373 5.970 0.000 0.000 0.010 0.167 1.042
0.182 1.433 5.970 -0.000 0.000 0.010 0.182 1.042
0.197 1.493 5.970 0.000 0.000 0.010 0.197 1.042
0.212 1.552 5.970 -0.000 0.000 0.010 0.212 1.042
0.228 1.612 5.970 0.000 0.000 0.010 0.228 1.042
0.245 1.672 5.970 -0.000 0.000 0.010 0.245 1.042
0.262 1.731 5.970 0.000 0.000 0.010 0.262 1.042
0.280 1.791 5.970 0.000 0.000 0.010 0.280 1.042
0.299 1.851 5.970 0.000 0.000 0.010 0.299 1.042
0.318 1.910 5.970 -0.000 0.000 0.010 0.318 1.042
0.337 1.970 5.970 -0.000 0.000 0.010 0.337 1.042
0.358 2.030 5.970 0.000 0.000 0.010 0.358 1.042
0.379 2.090 5.970 0.000 0.000 0.010 0.379 1.042
0.400 2.149 5.970 -0.000 0.000 0.010 0.400 1.042
0.422 2.209 5.970 0.000 0.000 0.010 0.422 1.042
0.445 2.269 5.970 0.000 0.000 0.010 0.445 1.042
0.468 2.328 5.970 -0.000 0.000 0.010 0.468 1.042
0.492 2.388 5.970 0.000 0.000 0.010 0.492 1.042
0.517 2.448 5.970 -0.000 0.000 0.010 0.517 1.042
0.542 2.507 5.970 0.000 0.000 0.010 0.542 1.042
0.567 2.567 5.970 -0.000 0.000 0.010 0.567 1.042
0.594 2.627 5.970 0.000 0.000 0.010 0.594 1.042
0.620 2.687 5.970 -0.000 0.000 0.010 0.620 1.042
0.648 2.746 5.970 0.000 0.000 0.010 0.648 1.042
0.676 2.806 5.970 -0.000 0.000 0.010 0.676 1.042
0.705 2.866 5.970 -0.000 0.000 0.010 0.705 1.042
0.734 2.925 5.970 -0.000 0.000 0.010 0.734 1.042
0.764 2.985 5.970 0.000 0.000 0.010 0.764 1.042
0.794 3.045 5.970 -0.000 0.000 0.010 0.794 1.042
0.825 3.104 5.970 0.000 0.000 0.010 0.825 1.042
0.857 3.164 5.970 -0.000 0.000 0.010 0.857 1.042
0.889 3.224 5.970 0.000 0.000 0.010 0.889 1.042
0.922 3.284 5.970 0.000 0.000 0.010 0.922 1.042
0.955 3.343 5.970 -0.000 0.000 0.010 0.955 1.042
0.989 3.403 5.970 0.000 0.000 0.010 0.989 1.042
1.024 3.463 5.970 0.000 0.000 0.010 1.024 1.042
1.059 3.522 5.970 -0.000 0.000 0.010 1.059 1.042
1.095 3.582 5.970 0.000 0.000 0.010 1.095 1.042
1.131 3.642 5.970 0.000 0.000 0.010 1.131 1.042
1.169 3.701 5.970 -0.000 0.000 0.010 1.169 1.042
1.206 3.761 5.970 0.000 0.000 0.010 1.206 1.042
1.244 3.821 5.970 -0.000 0.000 0.010 1.244 1.042
1.283 3.881 5.970 -0.000 0.000 0.010 1.283 1.042
1.323 3.940 5.970 0.000 0.000 0.010 1.323 1.042
1.363 4.000 5.970 0.000 0.000 0.010 1.363 1.042
1.403 4.060 5.970 0.000 0.000 0.010 1.403 1.042
1.444 4.119 5.970 0.000 0.000 0.010 1.444 1.042
1.486 4.179 5.970 -0.000 0.000 0.010 1.486 1.042
1.529 4.239 5.970 0.000 0.000 0.010 1.529 1.042
1.571 4.299 5.970 0.000 0.000 0.010 1.571 1.042
1.615 4.358 5.970 -0.000 0.000 0.010 1.615 1.042
1.659 4.418 5.970 0.000 0.000 0.010 1.659 1.042
1.704 4.478 5.970 -0.000 0.000 0.010 1.704 1.042
1.749 4.537 5.970 -0.000 0.000 0.010 1.749 1.042
1.795 4.597 5.970 0.000 0.000 0.010 1.795 1.042
1.842 4.657 5.970 -0.000 0.000 0.010 1.842 1.042
1.889 4.716 5.970 0.000 0.000 0.010 1.889 1.042
1.937 4.776 5.970 -0.000 0.000 0.010 1.937 1.042
1.985 4.836 5.970 0.000 0.000 0.010 1.985 1.042
2.034 4.896 5.970 -0.000 0.000 0.010 2.034 1.042
2.084 4.955 5.970 0.000 0.000 0.010 2.084 1.042
2.134 5.015 5.970 -0.000 0.000 0.010 2.134 1.042
2.185 5.075 5.970 0.000 0.000 0.010 2.185 1.042
2.236 5.134 5.970 -0.000 0.000 0.010 2.236 1.042
2.288 5.194 5.970 0.000 0.000 0.010 2.288 1.042
2.340 5.254 5.970 -0.000 0.000 0.010 2.340 1.042
2.394 5.313 5.970 0.000 0.000 0.010 2.394 1.042
2.447 5.373 5.970 0.000 0.000 0.010 2.447 1.042
2.502 5.433 5.970 -0.000 0.000 0.010 2.502 1.042
2.557 5.493 5.970 0.000 0.000 0.010 2.557 1.042
2.612 5.552 5.970 -0.000 0.000 0.010 2.612 1.042
2.668 5.612 5.970 -0.000 0.000 0.010 2.668 1.042
2.725 5.672 5.970 0.000 0.000 0.010 2.725 1.042
2.782 5.731 5.970 -0.000 0.000 0.010 2.782 1.042
2.840 5.791 5.970 0.000 0.000 0.010 2.840 1.042
2.899 5.851 5.970 -0.000 0.000 0.010 2.899 1.042
2.958 5.910 5.970 0.000 0.000 0.010 2.958 1.042
3.017 5.970 5.970 0.000 0.000 0.010 3.017 1.042
3.078 6.030 5.970 -0.000 0.000 0.010 3.078 1.042
3.139 6.090 5.970 0.000 0.000 0.010 3.139 1.042
3.200 6.149 5.970 0.000 0.000 0.010 3.200 1.042
3.262 6.209 5.970 -0.000 0.000 0.010 3.262 1.042
3.325 6.269 5.970 0.000 0.000 0.010 3.325 1.042
3.388 6.328 5.970 -0.000 0.000 0.010 3.388 1.042
3.452 6.388 5.970 0.000 0.000 0.010 3.452 1.042
3.517 6.448 5.970 0.000 0.000 0.010 3.517 1.042
3.582 6.507 5.970 0.000 0.000 0.010 3.582 1.042
3.647 6.567 5.970 -0.000 0.000 0.010 3.647 1.042
3.714 6.627 5.970 0.000 0.000 0.010 3.714 1.042
3.780 6.687 5.970 -0.000 0.000 0.010 3.780 1.042
3.848 6.746 5.970 0.000 0.000 0.010 3.848 1.042
3.916 6.806 5.970 -0.000 0.000 0.010 3.916 1.042
3.985 6.866 5.970 -0.000 0.000 0.010 3.985 1.042
4.054 6.925 5.970 0.000 0.000 0.010 4.054 1.042
4.124 6.985 5.970 0.000 0.000 0.010 4.124 1.042
4.194 7.045 5.970 -0.000 0.000 0.010 4.194 1.042
4.265 7.104 5.970 0.000 0.000 0.010 4.265 1.042
4.337 7.164 5.970 -0.000 0.000 0.010 4.337 1.042
4.409 7.224 5.970 0.000 0.000 0.010 4.409 1.042
4.482 7.284 5.970 0.000 0.000 0.010 4.482 1.042
4.555 7.343 5.970 -0.000 0.000 0.010 4.555 1.042
4.629 7.403 5.970 -0.000 0.000 0.010 4.629 1.042
4.704 7.463 5.970 0.000 0.000 0.010 4.704 1.042
4.779 7.522 5.970 0.000 0.000 0.010 4.779 1.042
4.855 7.582 5.970 -0.000 0.000 0.010 4.855 1.042
4.931 7.642 5.970 0.000 0.000 0.010 4.931 1.042
5.009 7.701 5.970 0.000 0.000 0.010 5.009 1.042
5.086 7.758 5.672 -29.851 0.000 0.010 5.086 1.042
5.164 7.809 5.075 -59.701 0.000 0.010 5.164 1.042
5.243 7.854 4.478 -59.701 0.000 0.010 5.243 1.042
5.322 7.893 3.881 -59.701 0.000 0.010 5.322 1.042
5.401 7.925 3.284 -59.701 0.000 0.010 5.401 1.042
5.480 7.952 2.687 -59.701 0.000 0.010 5.480 1.042
5.560 7.973 2.090 -59.701 0.000 0.010 5.560 1.042
5.640 7.988 1.493 -59.701 0.000 0.010 5.640 1.042
5.720 7.997 0.896 -59.701 0.000 0.010 5.720 1.042
5.800 8.000 0.299 -59.701 0.000 0.010 5.800 1.042
5.880 8.000 -0.000 -29.851 0.000 0.010 5.880 1.042
5.960 8.000 0.000 0.000 0.000 0.010 5.960 1.042
6.040 8.000 0.000 0.000 0.000 0.010 6.040 1.042
6.120 8.000 0.000 0.000 0.000 0.010 6.120 1.042
6.200 8.000 -0.000 -0.000 0.000 0.010 6.200 1.042
6.280 8.000 0.000 0.000 0.000 0.010 6.280 1.042
6.360 8.000 0.000 -0.000 0.000 0.010 6.360 1.042
6.440 8.000 0.000 0.000 0.000 0.010 6.440 1.042
6.520 8.000 0.000 0.000 0.000 0.010 6.520 1.042
6.600 8.000 0.000 0.000 0.000 0.010 6.600 1.042
6.680 8.000 0.000 0.000 0.000 0.010 6.680 1.042
6.760 8.000 0.000 0.000 0.000 0.010 6.760 1.042
6.840 8.000 0.000 0.000 0.000 0.010 6.840 1.042
6.920 8.000 0.000 0.000 0.000 0.010 6.920 1.042
7.000 8.000 0.000 0.000 0.000 0.010 7.000 1.042
7.080 8.000 0.000 0.000 0.000 0.010 7.080 1.042
7.160 8.000 0.000 0.000 0.000 0.010 7.160 1.042
7.240 8.000 0.000 0.000 0.000 0.010 7.240 1.042
7.320 8.000 0.000 0.000 0.000 0.010 7.320 1.042
7.400 8.000 -0.000 -0.000 0.000 0.010 7.400 1.042
7.480 8.000 0.000 0.000 0.000 0.010 7.480 1.042
7.560 8.000 0.000 -0.000 0.000 0.010 7.560 1.042
7.640 8.000 0.000 0.000 0.000 0.010 7.640 1.042
7.720 8.000 0.000 0.000 0.000 0.010 7.720 1.042
7.800 8.000 0.000 0.000 0.000 0.010 7.800 1.042
7.880 8.000 0.000 0.000 0.000 0.010 7.880 1.042
7.960 8.000 0.000 0.000 0.000 0.010 7.960 1.042
8.040 8.000 0.000 0.000 0.000 0.010 8.040 1.042
8.120 8.000 0.000 0.000 0.000 0.010 8.120 1.042
8.200 8.000 0.000 0.000 0.000 0.010 8.200 1.042
8.280 8.000 0.000 0.000 0.000 0.010 8.280 1.042
8.360 8.000 0.000 0.000 0.000 0.010 8.360 1.042
8.440 8.000 0.000 0.000 0.000 0.010 8.440 1.042
8.520 8.000 0.000 0.000 0.000 0.010 8.520 1.042
8.600 8.000 0.000 0.000 0.000 0.010 8.600 1.042
8.680 8.000 0.000 0.000 0.000 0.010 8.680 1.042
8.760 8.000 0.000 0.000 0.000 0.010 8.760 1.042
8.840 8.000 0.000 0.000 0.000 0.010 8.840 1.042
8.920 8.000 0.000 0.000 0.000 0.010 8.920 1.042
9.000 8.000 0.000 0.000 0.000 0.010 9.000 1.042
9.080 8.000 0.000 0.000 0.000 0.010 9.080 1.042
9.160 8.000 0.000 0.000 0.000 0.010 9.160 1.042
9.240 8.000 0.000 0.000 0.000 0.010 9.240 1.042
9.320 8.000 0.000 0.000 0.000 0.010 9.320 1.042
9.400 8.000 0.000 0.000 0.000 0.010 9.400 1.042
9.480 8.000 0.000 0.000 0.000 0.010 9.480 1.042
9.560 8.000 0.000 0.000 0.000 0.010 9.560 1.042
9.640 8.000 0.000 0.000 0.000 0.010 9.640 1.042
9.720 8.000 0.000 0.000 0.000 0.010 9.720 1.042
9.800 8.000 0.000 0.000 0.000 0.010 9.800 1.042
9.880 8.000 0.000 0.000 0.000 0.010 9.880 1.042
9.960 8.000 -0.000 -0.000 0.000 0.010 9.960 1.042
10.040 8.002 0.195 19.526 6.283 0.010 10.040 1.042
10.120 8.016 1.358 116.236 6.283 0.010 10.120 1.042
10.200 8.031 1.531 17.374 6.283 0.010 10.200 1.042
10.281 8.046 1.513 -1.885 6.282 0.010 10.281 1.042
10.362 8.061 1.497 -1.524 6.282 0.010 10.362 1.041
10.442 8.076 1.485 -1.179 6.281 0.010 10.442 1.041
10.523 8.091 1.477 -0.846 6.280 0.010 10.523 1.041
10.604 8.105 1.472 -0.524 6.279 0.010 10.604 1.041
10.685 8.120 1.470 -0.211 6.278 0.010 10.685 1.040
10.767 8.135 1.471 0.096 6.277 0.010 10.767 1.040
10.848 8.149 1.475 0.397 6.275 0.010 10.848 1.039
10.930 8.164 1.482 0.695 6.274 0.010 10.930 1.039
11.012 8.179 1.491 0.991 6.272 0.010 11.012 1.038
11.094 8.194 1.504 1.287 6.270 0.010 11.094 1.037
11.176 8.209 1.520 1.583 6.268 0.010 11.176 1.036
11.258 8.225 1.539 1.883 6.266 0.010 11.258 1.034
11.340 8.240 1.561 2.185 6.264 0.010 11.340 1.033
11.423 8.256 1.586 2.495 6.261 0.010 11.423 1.031
11.506 8.272 1.614 2.809 6.258 0.010 11.506 1.029
11.589 8.289 1.645 3.132 6.256 0.010 11.588 1.027
11.672 8.306 1.680 3.466 6.253 0.010 11.672 1.025
11.755 8.323 1.718 3.809 6.250 0.010 11.755 1.022
11.838 8.340 1.760 4.167 6.246 0.010 11.838 1.019
11.922 8.358 1.805 4.537 6.243 0.010 11.922 1.016
12.006 8.377 1.854 4.925 6.239 0.010 12.005 1.012
12.090 8.396 1.908 5.329 6.236 0.010 12.089 1.008
12.174 8.416 1.965 5.753 6.232 0.010 12.173 1.004
12.258 8.436 2.027 6.199 6.227 0.010 12.257 1.000
12.343 8.457 2.094 6.668 6.223 0.010 12.342 0.995
12.427 8.479 2.165 7.162 6.218 0.010 12.426 0.990
12.512 8.501 2.242 7.684 6.214 0.010 12.511 0.984
12.598 8.524 2.325 8.235 6.209 0.010 12.596 0.978
12.683 8.548 2.413 8.820 6.203 0.010 12.682 0.971
12.769 8.573 2.507 9.439 6.198 0.010 12.767 0.964
12.855 8.600 2.608 10.094 6.192 0.010 12.853 0.956
12.941 8.627 2.716 10.792 6.186 0.010 12.939 0.948
13.028 8.655 2.831 11.530 6.180 0.010 13.025 0.940
13.115 8.685 2.954 12.315 6.173 0.010 13.111 0.930
13.202 8.715 3.086 13.150 6.166 0.010 13.198 0.921
13.289 8.748 3.226 14.032 6.159 0.010 13.284 0.910
13.377 8.781 3.376 14.972 6.152 0.010 13.372 0.899
13.465 8.817 3.536 15.967 6.144 0.010 13.459 0.887
13.554 8.854 3.706 17.020 6.136 0.010 13.547 0.874
13.643 8.893 3.887 18.136 6.127 0.010 13.634 0.861
13.732 8.934 4.080 19.309 6.118 0.010 13.723 0.847
13.822 8.976 4.286 20.546 6.109 0.010 13.811 0.831
13.912 9.021 4.504 21.845 6.099 0.010 13.900 0.815
14.003 9.069 4.736 23.202 6.089 0.010 13.989 0.798
14.094 9.119 4.982 24.610 6.078 0.010 14.078 0.780
14.186 9.171 5.243 26.071 6.067 0.010 14.168 0.761
14.278 9.226 5.519 27.564 6.055 0.010 14.258 0.741
14.371 9.284 5.810 29.086 6.043 0.010 14.348 0.719
14.464 9.346 6.116 30.611 6.030 0.010 14.439 0.696
14.558 9.410 6.437 32.117 6.016 0.010 14.530 0.672
14.653 9.478 6.773 33.573 6.002 0.010 14.621 0.646
14.749 9.549 7.122 34.939 5.987 0.010 14.713 0.619
14.845 9.624 7.484 36.163 5.971 0.010 14.804 0.590
14.942 9.702 7.855 37.186 5.955 0.010 14.897 0.560
15.040 9.785 8.235 37.929 5.938 0.010 14.989 0.527
15.138 9.871 8.618 38.303 5.920 0.010 15.081 0.493
15.238 9.961 9.000 38.198 5.901 0.010 15.174 0.457
15.338 10.054 9.375 37.491 5.881 0.010 15.267 0.419
15.440 10.152 9.735 36.040 5.861 0.010 15.360 0.378
15.543 10.253 10.072 33.684 5.839 0.010 15.453 0.335
15.646 10.356 10.374 30.252 5.817 0.010 15.546 0.289
15.751 10.463 10.630 25.566 5.793 0.010 15.639 0.241
15.856 10.571 10.825 19.450 5.768 0.010 15.732 0.190
15.963 10.680 10.942 11.746 5.742 0.010 15.824 0.136
16.071 10.790 10.965 2.323 5.716 0.010 15.916 0.080
16.180 10.899 10.876 -8.886 5.688 0.010 16.007 0.020
16.290 11.005 10.658 -21.878 5.659 0.010 16.097 -0.043
16.401 11.108 10.292 -36.539 5.629 0.010 16.186 -0.109
16.513 11.206 9.766 -52.632 5.598 0.010 16.274 -0.179
16.626 11.297 9.068 -69.771 5.567 0.010 16.360 -0.252
16.740 11.378 8.194 -87.419 5.534 0.010 16.445 -0.328
16.855 11.450 7.145 -104.904 5.501 0.010 16.528 -0.407
16.970 11.509 5.931 -121.440 5.467 0.010 16.608 -0.490
17.085 11.555 4.569 -136.188 5.433 0.010 16.686 -0.575
17.201 11.586 3.085 -148.320 5.399 0.010 16.761 -0.664
17.317 11.601 1.514 -157.104 5.364 0.010 16.833 -0.755
17.433 11.600 -0.105 -161.979 5.330 0.010 16.901 -0.848
17.549 11.583 -1.732 -162.621 5.295 0.010 16.967 -0.944
17.664 11.549 -3.321 -158.983 5.261 0.010 17.029 -1.041
17.779 11.501 -4.834 -151.299 5.228 0.010 17.087 -1.140
17.894 11.439 -6.235 -140.060 5.195 0.010 17.142 -1.241
18.007 11.364 -7.494 -125.952 5.162 0.010 17.193 -1.342
18.120 11.278 -8.592 -109.781 5.131 0.010 17.240 -1.444
18.232 11.183 -9.516 -92.396 5.100 0.010 17.284 -1.547
18.343 11.080 -10.262 -74.608 5.071 0.010 17.325 -1.650
18.453 10.972 -10.834 -57.137 5.042 0.010 17.362 -1.754
18.561 10.859 -11.239 -40.568 5.015 0.010 17.395 -1.857
18.669 10.744 -11.493 -25.340 4.988 0.010 17.426 -1.960
18.775 10.628 -11.610 -11.739 4.963 0.010 17.454 -2.063
18.880 10.512 -11.609 0.084 4.939 0.010 17.478 -2.165
18.984 10.397 -11.508 10.091 4.916 0.010 17.501 -2.266
19.087 10.284 -11.325 18.332 4.894 0.010 17.520 -2.367
19.189 10.173 -11.076 24.921 4.873 0.010 17.538 -2.467
19.289 10.065 -10.776 30.010 4.853 0.010 17.553 -2.567
19.389 9.961 -10.438 33.777 4.835 0.010 17.566 -2.666
19.487 9.860 -10.074 36.399 4.817 0.010 17.577 -2.764
19.585 9.763 -9.693 38.056 4.800 0.010 17.586 -2.861
19.682 9.670 -9.304 38.911 4.784 0.010 17.594 -2.957
19.778 9.581 -8.913 39.117 4.769 0.010 17.600 -3.053
19.872 9.496 -8.525 38.805 4.754 0.010 17.605 -3.148
19.967 9.414 -8.144 38.089 4.741 0.010 17.608 -3.242
20.060 9.337 -7.774 37.068 4.728 0.010 17.610 -3.335
20.153 9.262 -7.415 35.823 4.716 0.010 17.611 -3.428
20.245 9.192 -7.071 34.419 4.704 0.010 17.611 -3.520
20.336 9.124 -6.742 32.916 4.693 0.010 17.609 -3.611
20.426 9.060 -6.428 31.351 4.683 0.010 17.607 -3.702
20.516 8.999 -6.131 29.763 4.674 0.010 17.604 -3.791
20.606 8.940 -5.849 28.176 4.665 0.010 17.600 -3.881
20.695 8.884 -5.583 26.613 4.656 0.010 17.596 -3.970
20.783 8.831 -5.332 25.088 4.648 0.010 17.590 -4.058
20.871 8.780 -5.096 23.611 4.641 0.010 17.584 -4.145
20.958 8.731 -4.874 22.192 4.634 0.010 17.578 -4.232
21.045 8.685 -4.666 20.834 4.627 0.010 17.571 -4.319
21.131 8.640 -4.470 19.541 4.621 0.010 17.563 -4.405
21.217 8.597 -4.287 18.315 4.615 0.010 17.555 -4.491
21.303 8.556 -4.116 17.154 4.610 0.010 17.547 -4.576
21.388 8.516 -3.955 16.060 4.605 0.010 17.538 -4.660
21.473 8.478 -3.805 15.029 4.600 0.010 17.528 -4.745
21.557 8.442 -3.664 14.061 4.596 0.010 17.519 -4.828
21.641 8.406 -3.533 13.152 4.592 0.010 17.509 -4.912
21.725 8.372 -3.410 12.302 4.589 0.010 17.499 -4.995
21.808 8.339 -3.295 11.507 4.585 0.010 17.488 -5.078
21.891 8.308 -3.187 10.764 4.582 0.010 17.478 -5.160
21.974 8.277 -3.086 10.072 4.580 0.010 17.467 -5.242
22.057 8.247 -2.992 9.428 4.577 0.010 17.456 -5.324
22.139 8.218 -2.904 8.830 4.575 0.010 17.445 -5.405
22.221 8.190 -2.821 8.275 4.574 0.010 17.433 -5.487
22.302 8.162 -2.743 7.762 4.572 0.010 17.422 -5.567
22.384 8.135 -2.670 7.289 4.571 0.010 17.411 -5.648
22.465 8.109 -2.602 6.854 4.570 0.010 17.399 -5.728
22.546 8.084 -2.537 6.457 4.569 0.010 17.387 -5.808
22.626 8.059 -2.476 6.095 4.568 0.010 17.376 -5.888
22.707 8.035 -2.419 5.767 4.568 0.010 17.364 -5.967
22.787 8.011 -2.364 5.474 4.568 0.010 17.353 -6.047
22.867 7.988 -2.312 5.213 4.568 0.010 17.341 -6.126
22.946 7.966 -2.262 4.986 4.568 0.010 17.330 -6.205
23.026 7.944 -2.214 4.790 4.569 0.010 17.318 -6.283
23.105 7.922 -2.168 4.626 4.570 0.010 17.307 -6.362
23.184 7.901 -2.123 4.495 4.570 0.010 17.296 -6.440
23.263 7.880 -2.079 4.395 4.572 0.010 17.285 -6.518
23.341 7.859 -2.036 4.328 4.573 0.010 17.274 -6.596
23.420 7.840 -1.993 4.294 4.575 0.010 17.263 -6.673
23.498 7.820 -1.950 4.293 4.576 0.010 17.252 -6.751
23.576 7.801 -1.906 4.326 4.578 0.010 17.242 -6.828
23.654 7.782 -1.862 4.395 4.580 0.010 17.232 -6.905
23.731 7.764 -1.817 4.499 4.583 0.010 17.221 -6.982
23.809 7.746 -1.771 4.639 4.585 0.010 17.211 -7.059
23.886 7.729 -1.723 4.818 4.588 0.010 17.202 -7.136
23.963 7.713 -1.673 5.036 4.590 0.010 17.192 -7.212
24.040 7.696 -1.620 5.294 4.593 0.010 17.183 -7.289
24.117 7.681 -1.564 5.594 4.596 0.010 17.174 -7.365
24.194 7.666 -1.504 5.936 4.599 0.010 17.165 -7.441
24.270 7.651 -1.441 6.321 4.603 0.010 17.157 -7.517
24.347 7.637 -1.374 6.752 4.606 0.010 17.148 -7.593
24.423 7.624 -1.301 7.228 4.610 0.010 17.141 -7.669
24.499 7.612 -1.224 7.750 4.614 0.010 17.133 -7.745
24.575 7.601 -1.141 8.319 4.617 0.010 17.126 -7.820
24.651 7.590 -1.051 8.935 4.621 0.010 17.118 -7.896
24.727 7.581 -0.955 9.598 4.625 0.010 17.112 -7.971
24.802 7.572 -0.852 10.308 4.630 0.010 17.105 -8.047
24.878 7.565 -0.742 11.062 4.634 0.010 17.099 -8.122
24.954 7.559 -0.623 11.861 4.638 0.010 17.093 -8.198
25.029 7.554 -0.496 12.702 4.642 0.010 17.088 -8.273
25.105 7.550 -0.360 13.581 4.647 0.010 17.083 -8.348
25.180 7.548 -0.215 14.497 4.651 0.010 17.078 -8.424
25.256 7.547 -0.061 15.444 4.655 0.010 17.074 -8.499
25.331 7.548 0.103 16.417 4.660 0.010 17.069 -8.574
25.407 7.551 0.278 17.411 4.664 0.010 17.066 -8.650
25.482 7.556 0.462 18.419 4.668 0.010 17.062 -8.725
25.558 7.562 0.656 19.433 4.672 0.010 17.059 -8.801
25.633 7.571 0.861 20.444 4.676 0.010 17.056 -8.876
25.709 7.582 1.075 21.443 4.680 0.010 17.053 -8.952
25.785 7.595 1.299 22.418 4.684 0.010 17.051 -9.028
25.861 7.610 1.533 23.358 4.688 0.010 17.049 -9.104
25.938 7.628 1.775 24.251 4.692 0.010 17.048 -9.180
26.014 7.648 2.026 25.082 4.695 0.010 17.046 -9.257
26.091 7.671 2.284 25.838 4.698 0.010 17.045 -9.334
26.168 7.696 2.549 26.503 4.701 0.010 17.044 -9.410
26.245 7.725 2.820 27.061 4.704 0.010 17.043 -9.488
26.323 7.755 3.095 27.497 4.706 0.010 17.043 -9.565
26.400 7.789 3.373 27.793 4.708 0.010 17.042 -9.643
26.479 7.826 3.652 27.933 4.710 0.010 17.042 -9.721
26.557 7.865 3.931 27.899 4.711 0.010 17.042 -9.800
26.636 7.907 4.208 27.675 4.712 0.010 17.042 -9.879
26.716 7.952 4.480 27.243 4.713 0.010 17.042 -9.959
26.796 7.994 4.176 -30.408 4.713 0.010 17.042 -10.039
26.876 8.001 0.703 -347.386 4.713 0.010 17.042 -10.119
26.956 8.001 0.060 -64.262 4.713 0.010 17.042 -10.199
27.036 8.002 0.049 -1.110 4.713 0.010 17.042 -10.279
27.116 8.002 0.038 -1.044 4.713 0.010 17.042 -10.359
27.196 8.002 0.029 -0.977 4.712 0.010 17.042 -10.439
27.276 8.003 0.020 -0.911 4.712 0.010 17.042 -10.519
27.356 8.003 0.011 -0.845 4.712 0.010 17.042 -10.599
27.436 8.003 0.003 -0.779 4.712 0.010 17.042 -10.679
27.516 8.003 -0.004 -0.713 4.712 0.010 17.042 -10.759
27.596 8.003 -0.010 -0.646 4.712 0.010 17.042 -10.839
27.676 8.002 -0.016 -0.580 4.712 0.010 17.042 -10.919
27.756 8.002 -0.021 -0.514 4.712 0.010 17.042 -10.999
27.836 8.002 -0.026 -0.448 4.712 0.010 17.042 -11.079
27.916 8.002 -0.030 -0.382 4.712 0.010 17.042 -11.159
27.996 8.001 -0.033 -0.315 4.712 0.010 17.042 -11.239
28.076 8.001 -0.035 -0.249 4.712 0.010 17.042 -11.319
28.156 8.001 -0.037 -0.183 4.712 0.010 17.042 -11.399
28.236 8.000 -0.038 -0.117 4.712 0.010 17.042 -11.479
28.316 8.000 -0.039 -0.051 4.712 0.010 17.042 -11.559
28.396 8.000 -0.039 0.016 4.712 0.010 17.042 -11.639
28.476 7.999 -0.038 0.082 4.712 0.010 17.042 -11.719
28.556 7.999 -0.036 0.148 4.712 0.010 17.042 -11.799
28.636 7.998 -0.034 0.214 4.712 0.010 17.042 -11.879
28.716 7.998 -0.031 0.280 4.712 0.010 17.042 -11.959
28.796 7.998 -0.028 0.347 4.712 0.010 17.042 -12.039
28.876 7.998 -0.024 0.413 4.712 0.010 17.042 -12.119
28.956 7.997 -0.019 0.479 4.712 0.010 17.042 -12.199
29.036 7.997 -0.013 0.545 4.712 0.010 17.042 -12.279
29.116 7.997 -0.007 0.611 4.712 0.010 17.042 -12.359
29.196 7.997 -0.001 0.677 4.712 0.010 17.042 -12.439
29.276 7.997 0.007 0.744 4.712 0.010 17.042 -12.519
29.356 7.997 0.015 0.810 4.712 0.010 17.042 -12.599
29.436 7.998 0.024 0.876 4.713 0.010 17.042 -12.679
29.516 7.998 0.033 0.942 4.713 0.010 17.042 -12.759
29.596 7.998 0.043 1.008 4.713 0.010 17.042 -12.839
29.676 7.999 0.054 1.075 4.713 0.010 17.042 -12.919
29.756 8.000 0.065 1.141 4.713 0.010 17.042 -12.999
29.836 8.010 1.040 97.417 4.712 0.010 17.042 -13.079
29.916 8.014 0.387 -65.248 4.712 0.010 17.042 -13.159
29.996 7.993 -2.055 -244.161 4.712 0.010 17.042 -13.239
30.076 7.950 -4.351 -229.625 4.713 0.010 17.042 -13.318
30.154 7.885 -6.521 -216.972 4.714 0.010 17.042 -13.397
30.232 7.799 -8.594 -207.318 4.716 0.010 17.042 -13.475
30.309 7.693 -10.609 -201.508 4.719 0.010 17.042 -13.552
30.385 7.566 -12.611 -200.220 4.723 0.010 17.043 -13.628
30.459 7.420 -14.651 -204.036 4.729 0.010 17.044 -13.702
30.532 7.250 -17.030 -237.830 4.736 0.010 17.045 -13.774
30.602 7.052 -19.797 -276.712 4.745 0.010 17.047 -13.845
30.670 6.824 -22.740 -294.372 4.756 0.010 17.050 -13.913
30.736 6.565 -25.887 -314.660 4.769 0.010 17.053 -13.979
30.799 6.273 -29.288 -340.056 4.785 0.010 17.057 -14.041
30.858 5.943 -32.989 -370.160 4.804 0.010 17.062 -14.100
30.914 5.572 -37.029 -403.931 4.826 0.010 17.068 -14.156
30.966 5.158 -41.421 -439.259 4.851 0.010 17.074 -14.207
31.013 4.697 -46.144 -472.327 4.881 0.010 17.081 -14.253
31.054 4.186 -51.112 -496.727 4.914 0.010 17.089 -14.295
31.091 3.625 -56.017 -490.514 4.953 0.010 17.097 -14.330
31.121 3.019 -60.624 -460.708 4.997 0.010 17.105 -14.359
31.145 2.373 -64.620 -399.594 5.046 0.010 17.112 -14.382
31.162 1.700 -67.279 -265.951 5.102 0.010 17.118 -14.398
31.172 1.024 -67.614 -33.417 5.163 0.010 17.122 -14.407
31.176 0.379 -64.491 312.205 5.230 0.010 17.124 -14.410
31.177 0.190 -18.914 4557.793 5.302 0.010 17.123 -14.409
31.184 0.634 44.441 6335.498 5.377 0.010 17.119 -14.404
31.193 0.911 27.636 -1680.592 5.455 0.010 17.113 -14.397
31.203 0.993 8.211 -1942.438 5.533 0.010 17.106 -14.390
31.212 0.880 -11.303 -1951.398 5.609 0.010 17.099 -14.384
31.218 0.596 -28.352 -1704.927 5.682 0.010 17.095 -14.380
31.219 0.185 -41.152 -1279.942 5.750 0.010 17.093 -14.379
31.223 0.306 12.107 5325.823 5.813 0.010 17.096 -14.381
31.231 0.831 52.497 4039.050 5.870 0.010 17.103 -14.384
31.244 1.355 52.403 -9.375 5.922 0.010 17.116 -14.389
31.263 1.854 49.918 -248.517 5.969 0.010 17.133 -14.396
31.286 2.315 46.042 -387.589 6.010 0.010 17.156 -14.402
31.313 2.730 41.533 -450.947 6.047 0.010 17.182 -14.409
31.344 3.099 36.900 -463.315 6.080 0.010 17.212 -14.416
31.379 3.423 32.452 -444.780 6.109 0.010 17.246 -14.422
31.416 3.707 28.355 -409.707 6.135 0.010 17.282 -14.428
31.455 3.954 24.680 -367.483 6.157 0.010 17.322 -14.434
31.497 4.168 21.442 -323.783 6.178 0.010 17.363 -14.438
31.540 4.354 18.625 -281.759 6.195 0.010 17.406 -14.443
31.586 4.516 16.195 -242.961 6.211 0.010 17.451 -14.446
31.632 4.657 14.115 -207.969 6.225 0.010 17.498 -14.449
31.680 4.781 12.347 -176.812 6.237 0.010 17.546 -14.452
31.729 4.890 10.855 -149.226 6.247 0.010 17.594 -14.454
31.779 4.986 9.607 -124.808 6.256 0.010 17.644 -14.455
31.829 5.071 8.576 -103.099 6.264 0.010 17.695 -14.456
31.881 5.149 7.739 -83.639 6.270 0.010 17.747 -14.457
31.933 5.220 7.080 -65.980 6.275 0.010 17.799 -14.458
31.986 5.285 6.583 -49.696 6.279 0.010 17.852 -14.458
32.039 5.348 6.239 -34.382 6.281 0.010 17.905 -14.458
32.094 5.408 6.042 -19.643 6.283 0.010 17.959 -14.458
32.148 5.474 6.614 57.107 6.283 0.010 18.014 -14.458
32.205 5.661 18.708 1209.431 6.281 0.010 18.070 -14.458
32.263 5.854 19.220 51.202 6.276 0.010 18.129 -14.459
32.323 5.995 14.151 -506.937 6.270 0.010 18.189 -14.459
32.384 6.091 9.564 -458.656 6.262 0.010 18.250 -14.460
32.446 6.145 5.429 -413.515 6.253 0.010 18.311 -14.462
32.507 6.162 1.720 -370.921 6.243 0.010 18.373 -14.464
32.569 6.146 -1.585 -330.424 6.233 0.010 18.434 -14.467
32.630 6.101 -4.503 -291.789 6.222 0.010 18.495 -14.470
32.690 6.031 -7.052 -254.975 6.212 0.010 18.555 -14.474
32.750 5.938 -9.253 -220.091 6.202 0.010 18.615 -14.479
32.808 5.827 -11.126 -187.321 6.193 0.010 18.673 -14.484
32.865 5.700 -12.695 -156.870 6.184 0.010 18.729 -14.489
32.920 5.560 -13.984 -128.905 6.176 0.010 18.785 -14.495
32.975 5.410 -15.019 -103.531 6.169 0.010 18.838 -14.501
33.027 5.252 -15.827 -80.773 6.162 0.010 18.891 -14.507
33.078 5.087 -16.433 -60.576 6.157 0.010 18.941 -14.513
33.127 4.919 -16.861 -42.816 6.153 0.010 18.990 -14.520
33.175 4.747 -17.134 -27.313 6.150 0.010 19.037 -14.526
33.220 4.575 -17.273 -13.852 6.148 0.010 19.082 -14.532
33.264 4.402 -17.295 -2.197 6.147 0.010 19.126 -14.538
33.307 4.230 -17.216 7.894 6.147 0.010 19.168 -14.544
33.347 4.059 -17.049 16.651 6.148 0.010 19.208 -14.549
33.386 3.891 -16.806 24.291 6.151 0.010 19.247 -14.554
33.423 3.726 -16.496 31.004 6.154 0.010 19.284 -14.559
33.459 3.565 -16.127 36.950 6.158 0.010 19.319 -14.564
33.493 3.408 -15.704 42.263 6.163 0.010 19.353 -14.568
33.526 3.255 -15.234 47.042 6.169 0.010 19.385 -14.572
33.557 3.108 -14.720 51.358 6.176 0.010 19.416 -14.575
33.586 2.967 -14.168 55.255 6.184 0.010 19.445 -14.578
33.615 2.831 -13.580 58.750 6.192 0.010 19.474 -14.581
33.642 2.701 -12.962 61.840 6.201 0.010 19.501 -14.583
33.668 2.578 -12.317 64.508 6.211 0.010 19.526 -14.585
33.692 2.462 -11.649 66.723 6.221 0.010 19.551 -14.587
33.716 2.352 -10.965 68.446 6.232 0.010 19.574 -14.588
33.738 2.249 -10.269 69.640 6.243 0.010 19.597 -14.589
33.760 2.154 -9.566 70.269 6.255 0.010 19.618 -14.590
33.780 2.065 -8.863 70.305 6.266 0.010 19.639 -14.590
33.800 1.983 -8.166 69.730 6.278 0.010 19.659 -14.591
33.819 1.908 -7.480 68.543 0.007 0.010 19.678 -14.591
33.838 1.840 -6.813 66.753 0.019 0.010 19.696 -14.590
33.855 1.779 -6.169 64.390 0.032 0.010 19.714 -14.590
33.873 1.723 -5.554 61.496 0.044 0.010 19.731 -14.589
33.889 1.673 -4.972 58.126 0.056 0.010 19.748 -14.588
33.906 1.629 -4.429 54.349 0.068 0.010 19.764 -14.587
33.922 1.590 -3.927 50.239 0.079 0.010 19.780 -14.586
33.937 1.555 -3.468 45.875 0.091 0.010 19.796 -14.585
33.952 1.525 -3.054 41.337 0.102 0.010 19.811 -14.583
33.967 1.498 -2.687 36.705 0.113 0.010 19.826 -14.582
33.982 1.474 -2.367 32.052 0.124 0.010 19.840 -14.580
33.997 1.453 -2.092 27.446 0.134 0.010 19.855 -14.578
34.011 1.435 -1.863 22.947 0.143 0.010 19.869 -14.576
34.025 1.418 -1.677 18.604 0.153 0.010 19.883 -14.574
34.039 1.402 -1.532 14.457 0.162 0.010 19.897 -14.572
34.053 1.388 -1.427 10.539 0.170 0.010 19.910 -14.570
34.067 1.375 -1.358 6.871 0.178 0.010 19.924 -14.567
34.080 1.361 -1.324 3.466 0.186 0.010 19.937 -14.565
34.094 1.348 -1.320 0.333 0.193 0.010 19.951 -14.562
34.107 1.335 -1.346 -2.528 0.200 0.010 19.964 -14.560
34.120 1.321 -1.397 -5.121 0.206 0.010 19.977 -14.557
34.134 1.306 -1.471 -7.453 0.212 0.010 19.989 -14.554
34.146 1.290 -1.567 -9.535 0.217 0.010 20.002 -14.552
34.159 1.274 -1.680 -11.378 0.222 0.010 20.014 -14.549
34.172 1.255 -1.810 -12.996 0.227 0.010 20.027 -14.546
34.184 1.236 -1.954 -14.402 0.231 0.010 20.039 -14.543
34.196 1.215 -2.110 -15.610 0.235 0.010 20.051 -14.540
34.208 1.192 -2.277 -16.632 0.239 0.010 20.062 -14.538
34.220 1.167 -2.452 -17.480 0.242 0.010 20.073 -14.535
34.231 1.141 -2.633 -18.165 0.245 0.010 20.085 -14.532
34.242 1.113 -2.820 -18.698 0.247 0.010 20.095 -14.529
34.253 1.083 -3.011 -19.086 0.250 0.010 20.106 -14.527
34.264 1.051 -3.204 -19.337 0.252 0.010 20.116 -14.524
34.274 1.017 -3.399 -19.459 0.253 0.010 20.126 -14.522
34.284 0.981 -3.594 -19.456 0.255 0.010 20.135 -14.519
34.293 0.943 -3.787 -19.335 0.256 0.010 20.144 -14.517
34.302 0.903 -3.978 -19.098 0.257 0.010 20.153 -14.514
34.311 0.862 -4.165 -18.751 0.258 0.010 20.162 -14.512
34.319 0.818 -4.348 -18.296 0.259 0.010 20.169 -14.510
34.327 0.773 -4.526 -17.738 0.260 0.010 20.177 -14.508
34.334 0.726 -4.697 -17.079 0.260 0.010 20.184 -14.506
34.341 0.677 -4.860 -16.324 0.261 0.010 20.190 -14.505
34.347 0.627 -5.015 -15.477 0.261 0.010 20.197 -14.503
34.353 0.576 -5.160 -14.541 0.261 0.010 20.202 -14.501
34.358 0.523 -5.295 -13.522 0.261 0.010 20.207 -14.500
34.363 0.468 -5.419 -12.425 0.262 0.010 20.212 -14.499
34.367 0.413 -5.532 -11.254 0.262 0.010 20.216 -14.498
34.370 0.357 -5.632 -10.018 0.262 0.010 20.219 -14.497
34.373 0.300 -5.719 -8.722 0.262 0.010 20.222 -14.496
34.376 0.244 -5.524 19.565 0.262 0.010 20.224 -14.495
34.378 0.194 -5.015 50.911 0.262 0.010 20.226 -14.495
34.379 0.150 -4.461 55.320 0.262 0.010 20.228 -14.495
34.380 0.111 -3.894 56.727 0.262 0.010 20.229 -14.494
34.381 0.077 -3.316 57.800 0.262 0.010 20.229 -14.494
34.382 0.050 -2.730 58.578 0.262 0.010 20.230 -14.494
34.382 0.029 -2.139 59.109 0.262 0.010 20.230 -14.494
34.382 0.013 -1.545 59.437 0.262 0.010 20.230 -14.494
34.382 0.004 -0.949 59.613 0.262 0.010 20.230 -14.494
34.382 0.000 -0.352 59.684 0.262 0.010 20.230 -14.494
34.382 0.000 -0.027 32.523 0.262 0.010 20.230 -14.494
0.000 0.006 0.597 59.701 0.000 0.010 0.000 -1.042
0.000 0.012 0.597 -0.000 0.000 0.010 0.000 -1.042
0.000 0.027 1.493 89.552 0.000 0.010 0.000 -1.042
0.001 0.048 2.090 59.701 0.000 0.010 0.001 -1.042
0.002 0.075 2.687 59.701 0.000 0.010 0.002 -1.042
0.003 0.107 3.284 59.701 0.000 0.010 0.003 -1.042
0.004 0.146 3.881 59.701 0.000 0.010 0.004 -1.042
0.006 0.191 4.478 59.701 0.000 0.010 0.006 -1.042
0.009 0.242 5.075 59.701 0.000 0.010 0.009 -1.042
0.011 0.299 5.672 59.701 0.000 0.010 0.011 -1.042
0.015 0.358 5.970 29.851 0.000 0.010 0.015 -1.042
0.019 0.418 5.970 -0.000 0.000 0.010 0.019 -1.042
0.024 0.478 5.970 0.000 0.000 0.010 0.024 -1.042
0.029 0.537 5.970 -0.000 0.000 0.010 0.029 -1.042
0.035 0.597 5.970 -0.000 0.000 0.010 0.035 -1.042
0.042 0.657 5.970 0.000 0.000 0.010 0.042 -1.042
0.049 0.716 5.970 0.000 0.000 0.010 0.049 -1.042
0.057 0.776 5.970 -0.000 0.000 0.010 0.057 -1.042
0.065 0.836 5.970 0.000 0.000 0.010 0.065 -1.042
0.074 0.896 5.970 -0.000 0.000 0.010 0.074 -1.042
0.084 0.955 5.970 0.000 0.000 0.010 0.084 -1.042
0.094 1.015 5.970 0.000 0.000 0.010 0.094 -1.042
0.105 1.075 5.970 -0.000 0.000 0.010 0.105 -1.042
0.116 1.134 5.970 -0.000 0.000 0.010 0.116 -1.042
0.128 1.194 5.970 0.000 0.000 0.010 0.128 -1.042
0.140 1.254 5.970 -0.000 0.000 0.010 0.140 -1.042
0.154 1.313 5.970 0.000 0.000 0.010 0.154 -1.042
0.167 1.373 5.970 0.000 0.000 0.010 0.167 -1.042
0.182 1.433 5.970 -0.000 0.000 0.010 0.182 -1.042
0.197 1.493 5.970 0.000 0.000 0.010 0.197 -1.042
0.212 1.552 5.970 -0.000 0.000 0.010 0.212 -1.042
0.228 1.612 5.970 0.000 0.000 0.010 0.228 -1.042
0.245 1.672 5.970 -0.000 0.000 0.010 0.245 -1.042
0.262 1.731 5.970 0.000 0.000 0.010 0.262 -1.042
0.280 1.791 5.970 0.000 0.000 0.010 0.280 -1.042
0.299 1.851 5.970 0.000 0.000 0.010 0.299 -1.042
0.318 1.910 5.970 -0.000 0.000 0.010 0.318 -1.042
0.337 1.970 5.970 -0.000 0.000 0.010 0.337 -1.042
0.358 2.030 5.970 0.000 0.000 0.010 0.358 -1.042
0.379 2.090 5.970 0.000 0.000 0.010 0.379 -1.042
0.400 2.149 5.970 -0.000 0.000 0.010 0.400 -1.042
0.422 2.209 5.970 0.000 0.000 0.010 0.422 -1.042
0.445 2.269 5.970 0.000 0.000 0.010 0.445 -1.042
0.468 2.328 5.970 -0.000 0.000 0.010 0.468 -1.042
0.492 2.388 5.970 0.000 0.000 0.010 0.492 -1.042
0.517 2.448 5.970 -0.000 0.000 0.010 0.517 -1.042
0.542 2.507 5.970 0.000 0.000 0.010 0.542 -1.042
0.567 2.567 5.970 -0.000 0.000 0.010 0.567 -1.042
0.594 2.627 5.970 0.000 0.000 0.010 0.594 -1.042
0.620 2.687 5.970 -0.000 0.000 0.010 0.620 -1.042
0.648 2.746 5.970 0.000 0.000 0.010 0.648 -1.042
0.676 2.806 5.970 -0.000 0.000 0.010 0.676 -1.042
0.705 2.866 5.970 -0.000 0.000 0.010 0.705 -1.042
0.734 2.925 5.970 -0.000 0.000 0.010 0.734 -1.042
0.764 2.985 5.970 0.000 0.000 0.010 0.764 -1.042
0.794 3.045 5.970 -0.000 0.000 0.010 0.794 -1.042
0.825 3.104 5.970 0.000 0.000 0.010 0.825 -1.042
0.857 3.164 5.970 -0.000 0.000 0.010 0.857 -1.042
0.889 3.224 5.970 0.000 0.000 0.010 0.889 -1.042
0.922 3.284 5.970 0.000 0.000 0.010 0.922 -1.042
0.955 3.343 5.970 -0.000 0.000 0.010 0.955 -1.042
0.989 3.403 5.970 0.000 0.000 0.010 0.989 -1.042
1.024 3.463 5.970 0.000 0.000 0.010 1.024 -1.042
1.059 3.522 5.970 -0.000 0.000 0.010 1.059 -1.042
1.095 3.582 5.970 0.000 0.000 0.010 1.095 -1.042
1.131 3.642 5.970 0.000 0.000 0.010 1.131 -1.042
1.169 3.701 5.970 -0.000 0.000 0.010 1.169 -1.042
1.206 3.761 5.970 0.000 0.000 0.010 1.206 -1.042
1.244 3.821 5.970 -0.000 0.000 0.010 1.244 -1.042
1.283 3.881 5.970 -0.000 0.000 0.010 1.283 -1.042
1.323 3.940 5.970 0.000 0.000 0.010 1.323 -1.042
1.363 4.000 5.970 0.000 0.000 0.010 1.363 -1.042
1.403 4.060 5.970 0.000 0.000 0.010 1.403 -1.042
1.444 4.119 5.970 0.000 0.000 0.010 1.444 -1.042
1.486 4.179 5.970 -0.000 0.000 0.010 1.486 -1.042
1.529 4.239 5.970 0.000 0.000 0.010 1.529 -1.042
1.571 4.299 5.970 0.000 0.000 0.010 1.571 -1.042
1.615 4.358 5.970 -0.000 0.000 0.010 1.615 -1.042
1.659 4.418 5.970 0.000 0.000 0.010 1.659 -1.042
1.704 4.478 5.970 -0.000 0.000 0.010 1.704 -1.042
1.749 4.537 5.970 -0.000 0.000 0.010 1.749 -1.042
1.795 4.597 5.970 0.000 0.000 0.010 1.795 -1.042
1.842 4.657 5.970 -0.000 0.000 0.010 1.842 -1.042
1.889 4.716 5.970 0.000 0.000 0.010 1.889 -1.042
1.937 4.776 5.970 -0.000 0.000 0.010 1.937 -1.042
1.985 4.836 5.970 0.000 0.000 0.010 1.985 -1.042
2.034 4.896 5.970 -0.000 0.000 0.010 2.034 -1.042
2.084 4.955 5.970 0.000 0.000 0.010 2.084 -1.042
2.134 5.015 5.970 -0.000 0.000 0.010 2.134 -1.042
2.185 5.075 5.970 0.000 0.000 0.010 2.185 -1.042
2.236 5.134 5.970 -0.000 0.000 0.010 2.236 -1.042
2.288 5.194 5.970 0.000 0.000 0.010 2.288 -1.042
2.340 5.254 5.970 -0.000 0.000 0.010 2.340 -1.042
2.394 5.313 5.970 0.000 0.000 0.010 2.394 -1.042
2.447 5.373 5.970 0.000 0.000 0.010 2.447 -1.042
2.502 5.433 5.970 -0.000 0.000 0.010 2.502 -1.042
2.557 5.493 5.970 0.000 0.000 0.010 2.557 -1.042
2.612 5.552 5.970 -0.000 0.000 0.010 2.612 -1.042
2.668 5.612 5.970 -0.000 0.000 0.010 2.668 -1.042
2.725 5.672 5.970 0.000 0.000 0.010 2.725 -1.042
2.782 5.731 5.970 -0.000 0.000 0.010 2.782 -1.042
2.840 5.791 5.970 0.000 0.000 0.010 2.840 -1.042
2.899 5.851 5.970 -0.000 0.000 0.010 2.899 -1.042
2.958 5.910 5.970 0.000 0.000 0.010 2.958 -1.042
3.017 5.970 5.970 0.000 0.000 0.010 3.017 -1.042
3.078 6.030 5.970 -0.000 0.000 0.010 3.078 -1.042
3.139 6.090 5.970 0.000 0.000 0.010 3.139 -1.042
3.200 6.149 5.970 0.000 0.000 0.010 3.200 -1.042
3.262 6.209 5.970 -0.000 0.000 0.010 3.262 -1.042
3.325 6.269 5.970 0.000 0.000 0.010 3.325 -1.042
3.388 6.328 5.970 -0.000 0.000 0.010 3.388 -1.042
3.452 6.388 5.970 0.000 0.000 0.010 3.452 -1.042
3.517 6.448 5.970 0.000 0.000 0.010 3.517 -1.042
3.582 6.507 5.970 0.000 0.000 0.010 3.582 -1.042
3.647 6.567 5.970 -0.000 0.000 0.010 3.647 -1.042
3.714 6.627 5.970 0.000 0.000 0.010 3.714 -1.042
3.780 6.687 5.970 -0.000 0.000 0.010 3.780 -1.042
3.848 6.746 5.970 0.000 0.000 0.010 3.848 -1.042
3.916 6.806 5.970 -0.000 0.000 0.010 3.916 -1.042
3.985 6.866 5.970 -0.000 0.000 0.010 3.985 -1.042
4.054 6.925 5.970 0.000 0.000 0.010 4.054 -1.042
4.124 6.985 5.970 0.000 0.000 0.010 4.124 -1.042
4.194 7.045 5.970 -0.000 0.000 0.010 4.194 -1.042
4.265 7.104 5.970 0.000 0.000 0.010 4.265 -1.042
4.337 7.164 5.970 -0.000 0.000 0.010 4.337 -1.042
4.409 7.224 5.970 0.000 0.000 0.010 4.409 -1.042
4.482 7.284 5.970 0.000 0.000 0.010 4.482 -1.042
4.555 7.343 5.970 -0.000 0.000 0.010 4.555 -1.042
4.629 7.403 5.970 -0.000 0.000 0.010 4.629 -1.042
4.704 7.463 5.970 0.000 0.000 0.010 4.704 -1.042
4.779 7.522 5.970 0.000 0.000 0.010 4.779 -1.042
4.855 7.582 5.970 -0.000 0.000 0.010 4.855 -1.042
4.931 7.642 5.970 0.000 0.000 0.010 4.931 -1.042
5.009 7.701 5.970 0.000 0.000 0.010 5.009 -1.042
5.086 7.758 5.672 -29.851 0.000 0.010 5.086 -1.042
5.164 7.809 5.075 -59.701 0.000 0.010 5.164 -1.042
5.243 7.854 4.478 -59.701 0.000 0.010 5.243 -1.042
5.322 7.893 3.881 -59.701 0.000 0.010 5.322 -1.042
5.401 7.925 3.284 -59.701 0.000 0.010 5.401 -1.042
5.480 7.952 2.687 -59.701 0.000 0.010 5.480 -1.042
5.560 7.973 2.090 -59.701 0.000 0.010 5.560 -1.042
5.640 7.988 1.493 -59.701 0.000 0.010 5.640 -1.042
5.720 7.997 0.896 -59.701 0.000 0.010 5.720 -1.042
5.800 8.000 0.299 -59.701 0.000 0.010 5.800 -1.042
5.880 8.000 -0.000 -29.851 0.000 0.010 5.880 -1.042
5.960 8.000 0.000 0.000 0.000 0.010 5.960 -1.042
6.040 8.000 0.000 0.000 0.000 0.010 6.040 -1.042
6.120 8.000 0.000 0.000 0.000 0.010 6.120 -1.042
6.200 8.000 -0.000 -0.000 0.000 0.010 6.200 -1.042
6.280 8.000 0.000 0.000 0.000 0.010 6.280 -1.042
6.360 8.000 0.000 -0.000 0.000 0.010 6.360 -1.042
6.440 8.000 0.000 0.000 0.000 0.010 6.440 -1.042
6.520 8.000 0.000 0.000 0.000 0.010 6.520 -1.042
6.600 8.000 0.000 0.000 0.000 0.010 6.600 -1.042
6.680 8.000 0.000 0.000 0.000 0.010 6.680 -1.042
6.760 8.000 0.000 0.000 0.000 0.010 6.760 -1.042
6.840 8.000 0.000 0.000 0.000 0.010 6.840 -1.042
6.920 8.000 0.000 0.000 0.000 0.010 6.920 -1.042
7.000 8.000 0.000 0.000 0.000 0.010 7.000 -1.042
7.080 8.000 0.000 0.000 0.000 0.010 7.080 -1.042
7.160 8.000 0.000 0.000 0.000 0.010 7.160 -1.042
7.240 8.000 0.000 0.000 0.000 0.010 7.240 -1.042
7.320 8.000 0.000 0.000 0.000 0.010 7.320 -1.042
7.400 8.000 -0.000 -0.000 0.000 0.010 7.400 -1.042
7.480 8.000 0.000 0.000 0.000 0.010 7.480 -1.042
7.560 8.000 0.000 -0.000 0.000 0.010 7.560 -1.042
7.640 8.000 0.000 0.000 0.000 0.010 7.640 -1.042
7.720 8.000 0.000 0.000 0.000 0.010 7.720 -1.042
7.800 8.000 0.000 0.000 0.000 0.010 7.800 -1.042
7.880 8.000 0.000 0.000 0.000 0.010 7.880 -1.042
7.960 8.000 0.000 0.000 0.000 0.010 7.960 -1.042
8.040 8.000 0.000 0.000 0.000 0.010 8.040 -1.042
8.120 8.000 0.000 0.000 0.000 0.010 8.120 -1.042
8.200 8.000 0.000 0.000 0.000 0.010 8.200 -1.042
8.280 8.000 0.000 0.000 0.000 0.010 8.280 -1.042
8.360 8.000 0.000 0.000 0.000 0.010 8.360 -1.042
8.440 8.000 0.000 0.000 0.000 0.010 8.440 -1.042
8.520 8.000 0.000 0.000 0.000 0.010 8.520 -1.042
8.600 8.000 0.000 0.000 0.000 0.010 8.600 -1.042
8.680 8.000 0.000 0.000 0.000 0.010 8.680 -1.042
8.760 8.000 0.000 0.000 0.000 0.010 8.760 -1.042
8.840 8.000 0.000 0.000 0.000 0.010 8.840 -1.042
8.920 8.000 0.000 0.000 0.000 0.010 8.920 -1.042
9.000 8.000 0.000 0.000 0.000 0.010 9.000 -1.042
9.080 8.000 0.000 0.000 0.000 0.010 9.080 -1.042
9.160 8.000 0.000 0.000 0.000 0.010 9.160 -1.042
9.240 8.000 0.000 0.000 0.000 0.010 9.240 -1.042
9.320 8.000 0.000 0.000 0.000 0.010 9.320 -1.042
9.400 8.000 0.000 0.000 0.000 0.010 9.400 -1.042
9.480 8.000 0.000 0.000 0.000 0.010 9.480 -1.042
9.560 8.000 0.000 0.000 0.000 0.010 9.560 -1.042
9.640 8.000 0.000 0.000 0.000 0.010 9.640 -1.042
9.720 8.000 0.000 0.000 0.000 0.010 9.720 -1.042
9.800 8.000 0.000 0.000 0.000 0.010 9.800 -1.042
9.880 8.000 0.000 0.000 0.000 0.010 9.880 -1.042
9.960 8.000 -0.000 -0.000 0.000 0.010 9.960 -1.042
10.040 7.998 -0.195 -19.526 6.283 0.010 10.040 -1.042
10.120 7.984 -1.358 -116.236 6.283 0.010 10.120 -1.042
10.200 7.969 -1.531 -17.375 6.283 0.010 10.200 -1.042
10.279 7.954 -1.513 1.884 6.282 0.010 10.279 -1.042
10.358 7.939 -1.497 1.524 6.282 0.010 10.358 -1.042
10.438 7.924 -1.486 1.178 6.281 0.010 10.438 -1.042
10.517 7.909 -1.477 0.846 6.280 0.010 10.517 -1.042
10.596 7.895 -1.472 0.524 6.279 0.010 10.596 -1.042
10.675 7.880 -1.470 0.211 6.278 0.010 10.675 -1.043
10.753 7.865 -1.471 -0.096 6.277 0.010 10.753 -1.043
10.832 7.851 -1.475 -0.397 6.275 0.010 10.832 -1.044
10.910 7.836 -1.482 -0.695 6.274 0.010 10.910 -1.045
10.988 7.821 -1.492 -0.991 6.272 0.010 10.988 -1.045
11.066 7.806 -1.504 -1.287 6.270 0.010 11.066 -1.046
11.144 7.791 -1.520 -1.584 6.268 0.010 11.144 -1.047
11.222 7.775 -1.539 -1.883 6.266 0.010 11.222 -1.049
11.300 7.760 -1.561 -2.186 6.264 0.010 11.300 -1.050
11.377 7.744 -1.586 -2.494 6.261 0.010 11.377 -1.052
11.454 7.728 -1.614 -2.810 6.258 0.010 11.454 -1.054
11.531 7.711 -1.645 -3.134 6.256 0.010 11.531 -1.056
11.608 7.694 -1.680 -3.466 6.253 0.010 11.608 -1.058
11.685 7.677 -1.718 -3.811 6.250 0.010 11.685 -1.060
11.762 7.660 -1.760 -4.167 6.246 0.010 11.761 -1.063
11.838 7.642 -1.805 -4.539 6.243 0.010 11.838 -1.066
11.914 7.623 -1.854 -4.925 6.239 0.010 11.914 -1.069
11.990 7.604 -1.908 -5.330 6.236 0.010 11.990 -1.073
12.066 7.584 -1.965 -5.754 6.232 0.010 12.066 -1.076
12.142 7.564 -2.027 -6.200 6.227 0.010 12.141 -1.080
12.217 7.543 -2.094 -6.669 6.223 0.010 12.217 -1.085
12.293 7.521 -2.166 -7.163 6.218 0.010 12.292 -1.089
12.368 7.499 -2.242 -7.685 6.214 0.010 12.366 -1.094
12.442 7.476 -2.325 -8.237 6.209 0.010 12.441 -1.100
12.517 7.452 -2.413 -8.821 6.203 0.010 12.515 -1.106
12.591 7.426 -2.507 -9.439 6.198 0.010 12.589 -1.112
12.665 7.400 -2.608 -10.097 6.192 0.010 12.663 -1.118
12.739 7.373 -2.716 -10.792 6.186 0.010 12.736 -1.125
12.812 7.345 -2.832 -11.532 6.180 0.010 12.809 -1.133
12.885 7.315 -2.955 -12.318 6.173 0.010 12.882 -1.140
12.958 7.285 -3.086 -13.150 6.166 0.010 12.955 -1.149
13.031 7.252 -3.227 -14.037 6.159 0.010 13.027 -1.157
13.103 7.219 -3.376 -14.974 6.152 0.010 13.098 -1.166
13.175 7.183 -3.536 -15.970 6.144 0.010 13.169 -1.176
13.246 7.146 -3.706 -17.024 6.136 0.010 13.240 -1.186
13.317 7.107 -3.888 -18.137 6.127 0.010 13.310 -1.197
13.388 7.066 -4.081 -19.314 6.118 0.010 13.380 -1.208
13.458 7.024 -4.286 -20.552 6.109 0.010 13.449 -1.220
13.528 6.978 -4.505 -21.850 6.099 0.010 13.518 -1.233
13.597 6.931 -4.737 -23.206 6.089 0.010 13.586 -1.246
13.666 6.881 -4.983 -24.619 6.078 0.010 13.654 -1.259
13.734 6.829 -5.244 -26.075 6.067 0.010 13.720 -1.274
13.802 6.774 -5.520 -27.574 6.055 0.010 13.786 -1.289
13.869 6.716 -5.810 -29.093 6.043 0.010 13.852 -1.304
13.936 6.654 -6.117 -30.620 6.030 0.010 13.916 -1.321
14.002 6.590 -6.438 -32.128 6.016 0.010 13.980 -1.338
14.067 6.522 -6.774 -33.584 6.002 0.010 14.043 -1.355
14.131 6.451 -7.123 -34.951 5.987 0.010 14.105 -1.374
14.195 6.376 -7.485 -36.177 5.971 0.010 14.165 -1.393
14.258 6.298 -7.857 -37.200 5.955 0.010 14.225 -1.412
14.320 6.215 -8.237 -37.945 5.938 0.010 14.284 -1.433
14.382 6.129 -8.620 -38.319 5.920 0.010 14.341 -1.454
14.442 6.039 -9.002 -38.217 5.901 0.010 14.398 -1.476
14.501 5.945 -9.377 -37.511 5.881 0.010 14.452 -1.499
14.560 5.848 -9.738 -36.060 5.861 0.010 14.506 -1.522
14.617 5.747 -10.075 -33.705 5.839 0.010 14.558 -1.546
14.674 5.643 -10.377 -30.273 5.817 0.010 14.609 -1.571
14.729 5.537 -10.633 -25.587 5.793 0.010 14.658 -1.597
14.784 5.429 -10.828 -19.470 5.768 0.010 14.706 -1.623
14.837 5.319 -10.946 -11.763 5.742 0.010 14.752 -1.650
14.889 5.210 -10.969 -2.340 5.716 0.010 14.796 -1.677
14.940 5.101 -10.880 8.875 5.688 0.010 14.839 -1.705
14.990 4.994 -10.661 21.871 5.659 0.010 14.879 -1.734
15.039 4.891 -10.296 36.540 5.629 0.010 14.919 -1.763
15.087 4.794 -9.770 52.640 5.598 0.010 14.956 -1.793
15.134 4.703 -9.072 69.787 5.567 0.010 14.992 -1.823
15.180 4.621 -8.197 87.446 5.534 0.010 15.027 -1.854
15.225 4.549 -7.148 104.940 5.501 0.010 15.059 -1.885
15.270 4.490 -5.933 121.486 5.467 0.010 15.091 -1.918
15.315 4.444 -4.571 136.243 5.433 0.010 15.121 -1.950
15.359 4.413 -3.087 148.383 5.399 0.010 15.149 -1.984
15.403 4.398 -1.515 157.173 5.364 0.010 15.177 -2.019
15.447 4.399 0.105 162.051 5.330 0.010 15.203 -2.054
15.491 4.417 1.732 162.693 5.295 0.010 15.228 -2.090
15.535 4.450 3.323 159.052 5.261 0.010 15.251 -2.128
15.580 4.498 4.836 151.363 5.228 0.010 15.274 -2.167
15.626 4.561 6.238 140.117 5.195 0.010 15.296 -2.207
15.672 4.636 7.498 125.999 5.162 0.010 15.317 -2.248
15.720 4.722 8.596 109.819 5.131 0.010 15.337 -2.291
15.768 4.817 9.520 92.423 5.100 0.010 15.356 -2.335
15.817 4.919 10.266 74.625 5.071 0.010 15.374 -2.381
15.867 5.028 10.838 57.144 5.042 0.010 15.390 -2.429
15.919 5.140 11.243 40.568 5.015 0.010 15.406 -2.477
15.971 5.255 11.497 25.333 4.988 0.010 15.421 -2.528
16.025 5.371 11.614 11.726 4.963 0.010 15.435 -2.580
16.080 5.487 11.613 -0.101 4.939 0.010 15.448 -2.633
16.136 5.603 11.512 -10.110 4.916 0.010 15.460 -2.688
16.193 5.716 11.328 -18.353 4.894 0.010 15.471 -2.744
16.251 5.827 11.079 -24.943 4.873 0.010 15.481 -2.801
16.311 5.934 10.779 -30.033 4.853 0.010 15.490 -2.860
16.371 6.039 10.441 -33.799 4.835 0.010 15.498 -2.920
16.432 6.140 10.076 -36.421 4.817 0.010 15.505 -2.981
16.495 6.237 9.696 -38.076 4.800 0.010 15.511 -3.043
16.558 6.330 9.306 -38.931 4.784 0.010 15.516 -3.106
16.622 6.419 8.915 -39.135 4.769 0.010 15.520 -3.170
16.687 6.504 8.527 -38.821 4.754 0.010 15.523 -3.235
16.753 6.586 8.146 -38.104 4.741 0.010 15.526 -3.301
16.820 6.663 7.775 -37.082 4.728 0.010 15.527 -3.367
16.887 6.737 7.417 -35.835 4.716 0.010 15.528 -3.435
16.955 6.808 7.072 -34.432 4.704 0.010 15.527 -3.503
17.024 6.876 6.743 -32.925 4.693 0.010 15.527 -3.572
17.093 6.940 6.429 -31.361 4.683 0.010 15.525 -3.641
17.163 7.001 6.132 -29.771 4.674 0.010 15.522 -3.711
17.234 7.060 5.850 -28.184 4.665 0.010 15.519 -3.781
17.305 7.116 5.584 -26.620 4.656 0.010 15.516 -3.853
17.377 7.169 5.333 -25.094 4.648 0.010 15.511 -3.924
17.449 7.220 5.096 -23.617 4.641 0.010 15.507 -3.996
17.522 7.269 4.875 -22.197 4.634 0.010 15.501 -4.069
17.595 7.315 4.666 -20.839 4.627 0.010 15.495 -4.141
17.668 7.360 4.471 -19.546 4.621 0.010 15.489 -4.215
17.742 7.403 4.287 -18.318 4.615 0.010 15.482 -4.288
17.817 7.444 4.116 -17.158 4.610 0.010 15.474 -4.363
17.892 7.484 3.955 -16.063 4.605 0.010 15.466 -4.437
17.967 7.522 3.805 -15.032 4.600 0.010 15.458 -4.512
18.043 7.558 3.664 -14.063 4.596 0.010 15.449 -4.587
18.119 7.594 3.533 -13.155 4.592 0.010 15.441 -4.662
18.195 7.628 3.410 -12.304 4.589 0.010 15.431 -4.738
18.271 7.661 3.295 -11.509 4.585 0.010 15.422 -4.814
18.348 7.692 3.187 -10.766 4.582 0.010 15.412 -4.890
18.426 7.723 3.086 -10.074 4.580 0.010 15.402 -4.967
18.503 7.753 2.992 -9.429 4.577 0.010 15.391 -5.044
18.581 7.782 2.904 -8.831 4.575 0.010 15.381 -5.121
18.659 7.810 2.821 -8.276 4.574 0.010 15.370 -5.198
18.737 7.838 2.743 -7.763 4.572 0.010 15.359 -5.276
18.816 7.865 2.670 -7.290 4.571 0.010 15.348 -5.354
18.895 7.891 2.602 -6.855 4.570 0.010 15.337 -5.432
18.974 7.916 2.537 -6.458 4.569 0.010 15.326 -5.510
19.054 7.941 2.476 -6.095 4.568 0.010 15.314 -5.589
19.133 7.965 2.419 -5.768 4.568 0.010 15.303 -5.667
19.213 7.989 2.364 -5.475 4.568 0.010 15.291 -5.747
19.293 8.012 2.312 -5.214 4.568 0.010 15.280 -5.826
19.374 8.034 2.262 -4.986 4.568 0.010 15.268 -5.905
19.454 8.056 2.214 -4.791 4.569 0.010 15.257 -5.985
19.535 8.078 2.168 -4.627 4.570 0.010 15.245 -6.065
19.616 8.099 2.123 -4.495 4.570 0.010 15.234 -6.145
19.697 8.120 2.079 -4.396 4.572 0.010 15.222 -6.226
19.778 8.141 2.035 -4.329 4.573 0.010 15.211 -6.306
19.860 8.160 1.993 -4.294 4.575 0.010 15.199 -6.387
19.942 8.180 1.950 -4.294 4.576 0.010 15.188 -6.468
20.024 8.199 1.906 -4.327 4.578 0.010 15.177 -6.549
20.106 8.218 1.862 -4.395 4.580 0.010 15.166 -6.631
20.188 8.236 1.817 -4.499 4.583 0.010 15.156 -6.712
20.271 8.254 1.771 -4.640 4.585 0.010 15.145 -6.794
20.354 8.271 1.723 -4.819 4.588 0.010 15.135 -6.876
20.436 8.287 1.672 -5.036 4.590 0.010 15.124 -6.959
20.520 8.304 1.620 -5.295 4.593 0.010 15.114 -7.041
20.603 8.319 1.564 -5.594 4.596 0.010 15.105 -7.124
20.686 8.334 1.504 -5.936 4.599 0.010 15.095 -7.206
20.770 8.349 1.441 -6.322 4.603 0.010 15.086 -7.289
20.853 8.362 1.373 -6.752 4.606 0.010 15.077 -7.372
20.937 8.376 1.301 -7.228 4.610 0.010 15.068 -7.456
21.021 8.388 1.224 -7.750 4.614 0.010 15.060 -7.539
21.105 8.399 1.141 -8.319 4.617 0.010 15.052 -7.623
21.189 8.410 1.051 -8.935 4.621 0.010 15.044 -7.707
21.273 8.419 0.955 -9.598 4.625 0.010 15.036 -7.790
21.357 8.428 0.852 -10.307 4.630 0.010 15.029 -7.874
21.442 8.435 0.741 -11.062 4.634 0.010 15.022 -7.958
21.526 8.441 0.623 -11.861 4.638 0.010 15.016 -8.043
21.611 8.446 0.496 -12.701 4.642 0.010 15.010 -8.127
21.695 8.450 0.360 -13.581 4.647 0.010 15.004 -8.211
21.780 8.452 0.215 -14.496 4.651 0.010 14.999 -8.296
21.864 8.453 0.061 -15.443 4.655 0.010 14.994 -8.380
21.949 8.452 -0.103 -16.417 4.660 0.010 14.989 -8.464
22.033 8.449 -0.278 -17.410 4.664 0.010 14.985 -8.549
22.118 8.444 -0.462 -18.418 4.668 0.010 14.981 -8.633
22.202 8.438 -0.656 -19.432 4.672 0.010 14.977 -8.717
22.286 8.429 -0.861 -20.443 4.676 0.010 14.974 -8.802
22.370 8.418 -1.075 -21.442 4.680 0.010 14.971 -8.886
22.455 8.405 -1.299 -22.417 4.684 0.010 14.969 -8.970
22.538 8.390 -1.533 -23.357 4.688 0.010 14.966 -9.054
22.622 8.372 -1.775 -24.250 4.692 0.010 14.965 -9.137
22.706 8.352 -2.026 -25.081 4.695 0.010 14.963 -9.221
22.789 8.329 -2.284 -25.837 4.698 0.010 14.962 -9.304
22.872 8.304 -2.549 -26.502 4.701 0.010 14.961 -9.387
22.955 8.275 -2.820 -27.061 4.704 0.010 14.960 -9.470
23.037 8.245 -3.095 -27.497 4.706 0.010 14.959 -9.552
23.119 8.211 -3.373 -27.794 4.708 0.010 14.959 -9.634
23.201 8.174 -3.652 -27.934 4.710 0.010 14.959 -9.716
23.282 8.135 -3.931 -27.900 4.711 0.010 14.958 -9.798
23.363 8.093 -4.208 -27.676 4.712 0.010 14.958 -9.878
23.444 8.048 -4.480 -27.245 4.713 0.010 14.958 -9.959
23.524 8.006 -4.176 30.406 4.713 0.010 14.958 -10.039
23.604 7.999 -0.703 347.384 4.713 0.010 14.958 -10.119
23.684 7.999 -0.060 64.262 4.713 0.010 14.958 -10.199
23.764 7.998 -0.049 1.110 4.713 0.010 14.958 -10.279
23.844 7.998 -0.038 1.044 4.713 0.010 14.958 -10.359
23.924 7.998 -0.029 0.977 4.712 0.010 14.958 -10.439
24.004 7.997 -0.020 0.911 4.712 0.010 14.958 -10.519
24.084 7.997 -0.011 0.845 4.712 0.010 14.958 -10.599
24.164 7.997 -0.003 0.779 4.712 0.010 14.958 -10.679
24.244 7.997 0.004 0.713 4.712 0.010 14.958 -10.759
24.324 7.997 0.010 0.646 4.712 0.010 14.958 -10.839
24.404 7.998 0.016 0.580 4.712 0.010 14.958 -10.919
24.484 7.998 0.021 0.514 4.712 0.010 14.958 -10.999
24.564 7.998 0.026 0.448 4.712 0.010 14.958 -11.079
24.644 7.998 0.030 0.382 4.712 0.010 14.958 -11.159
24.724 7.999 0.033 0.315 4.712 0.010 14.958 -11.239
24.804 7.999 0.035 0.249 4.712 0.010 14.958 -11.319
24.884 7.999 0.037 0.183 4.712 0.010 14.958 -11.399
24.964 8.000 0.038 0.117 4.712 0.010 14.958 -11.479
25.044 8.000 0.039 0.051 4.712 0.010 14.958 -11.559
25.124 8.000 0.039 -0.016 4.712 0.010 14.958 -11.639
25.204 8.001 0.038 -0.082 4.712 0.010 14.958 -11.719
25.284 8.001 0.036 -0.148 4.712 0.010 14.958 -11.799
25.364 8.002 0.034 -0.214 4.712 0.010 14.958 -11.879
25.444 8.002 0.031 -0.280 4.712 0.010 14.958 -11.959
25.524 8.002 0.028 -0.347 4.712 0.010 14.958 -12.039
25.604 8.002 0.024 -0.413 4.712 0.010 14.958 -12.119
25.684 8.003 0.019 -0.479 4.712 0.010 14.958 -12.199
25.764 8.003 0.013 -0.545 4.712 0.010 14.958 -12.279
25.844 8.003 0.007 -0.611 4.712 0.010 14.958 -12.359
25.924 8.003 0.001 -0.677 4.712 0.010 14.958 -12.439
26.004 8.003 -0.007 -0.744 4.712 0.010 14.958 -12.519
26.084 8.003 -0.015 -0.810 4.712 0.010 14.958 -12.599
26.164 8.002 -0.024 -0.876 4.713 0.010 14.958 -12.679
26.244 8.002 -0.033 -0.942 4.713 0.010 14.958 -12.759
26.324 8.002 -0.043 -1.008 4.713 0.010 14.958 -12.839
26.404 8.001 -0.054 -1.075 4.713 0.010 14.958 -12.919
26.484 8.000 -0.065 -1.141 4.713 0.010 14.958 -12.999
26.564 7.990 -1.040 -97.417 4.712 0.010 14.958 -13.079
26.644 7.986 -0.387 65.248 4.712 0.010 14.958 -13.159
26.724 8.007 2.055 244.161 4.712 0.010 14.958 -13.239
26.804 8.050 4.351 229.623 4.713 0.010 14.958 -13.319
26.885 8.115 6.520 216.967 4.714 0.010 14.958 -13.400
26.967 8.201 8.594 207.308 4.716 0.010 14.959 -13.482
27.050 8.307 10.608 201.491 4.719 0.010 14.959 -13.566
27.135 8.433 12.610 200.195 4.723 0.010 14.960 -13.650
27.221 8.580 14.650 204.002 4.729 0.010 14.961 -13.736
27.308 8.745 16.485 183.429 4.736 0.010 14.963 -13.823
27.397 8.926 18.111 162.596 4.745 0.010 14.965 -13.912
27.489 9.125 19.860 174.894 4.756 0.010 14.969 -14.004
27.582 9.343 21.811 195.161 4.769 0.010 14.973 -14.097
27.678 9.583 24.017 220.531 4.785 0.010 14.979 -14.192
27.776 9.848 26.523 250.603 4.804 0.010 14.987 -14.291
27.878 10.142 29.366 284.335 4.826 0.010 14.998 -14.391
27.982 10.467 32.562 319.615 4.851 0.010 15.011 -14.495
28.091 10.828 36.088 352.627 4.881 0.010 15.027 -14.602
28.203 11.227 39.858 376.967 4.914 0.010 15.048 -14.713
28.320 11.668 44.108 425.039 4.953 0.010 15.074 -14.827
28.441 12.154 48.657 454.863 4.997 0.010 15.105 -14.944
28.568 12.681 52.648 399.057 5.046 0.010 15.144 -15.065
28.700 13.234 55.302 265.438 5.102 0.010 15.191 -15.189
28.838 13.790 55.632 33.039 5.163 0.010 15.247 -15.314
28.981 14.315 52.510 -312.251 5.230 0.010 15.313 -15.441
29.129 14.765 44.936 -757.373 5.302 0.010 15.391 -15.567
29.280 15.089 32.473 -1246.321 5.377 0.010 15.479 -15.689
29.432 15.246 15.679 -1679.361 5.455 0.010 15.578 -15.805
29.584 15.209 -3.728 -1940.740 5.533 0.010 15.685 -15.913
29.734 14.977 -23.225 -1949.711 5.609 0.010 15.798 -16.011
29.880 14.574 -40.261 -1703.597 5.682 0.010 15.916 -16.098
30.020 14.044 -53.054 -1279.254 5.750 0.010 16.034 -16.173
30.155 13.434 -60.971 -791.728 5.813 0.010 16.152 -16.238
30.283 12.790 -64.398 -342.694 5.870 0.010 16.267 -16.293
30.404 12.147 -64.308 9.006 5.922 0.010 16.380 -16.338
30.519 11.529 -61.828 247.993 5.969 0.010 16.489 -16.377
30.629 10.949 -57.957 387.052 6.010 0.010 16.594 -16.408
30.733 10.414 -53.453 450.458 6.047 0.010 16.694 -16.435
30.832 9.926 -48.824 462.898 6.080 0.010 16.791 -16.456
30.927 9.482 -44.379 444.437 6.109 0.010 16.884 -16.474
31.018 9.080 -40.285 409.433 6.135 0.010 16.974 -16.489
31.105 8.713 -36.612 367.267 6.157 0.010 17.060 -16.500
31.189 8.380 -33.376 323.613 6.178 0.010 17.143 -16.510
31.270 8.074 -30.560 281.627 6.195 0.010 17.224 -16.518
31.347 7.793 -28.132 242.857 6.211 0.010 17.302 -16.524
31.423 7.532 -26.053 207.888 6.225 0.010 17.377 -16.529
31.496 7.289 -24.285 176.749 6.237 0.010 17.449 -16.533
31.566 7.061 -22.793 149.176 6.247 0.010 17.520 -16.536
31.635 6.846 -21.546 124.768 6.256 0.010 17.588 -16.538
31.701 6.641 -20.515 103.067 6.264 0.010 17.655 -16.539
31.766 6.444 -19.679 83.614 6.270 0.010 17.719 -16.540
31.828 6.254 -19.019 65.959 6.275 0.010 17.782 -16.541
31.889 6.069 -18.523 49.678 6.279 0.010 17.843 -16.541
31.948 5.887 -18.179 34.366 6.281 0.010 17.901 -16.542
32.005 5.707 -17.983 19.629 6.283 0.010 17.958 -16.542
32.060 5.521 -18.554 -57.120 6.283 0.010 18.014 -16.542
32.112 5.215 -30.648 -1209.461 6.281 0.010 18.066 -16.542
32.161 4.903 -31.161 -51.254 6.276 0.010 18.115 -16.542
32.208 4.642 -26.092 506.916 6.270 0.010 18.161 -16.542
32.252 4.427 -21.505 458.657 6.262 0.010 18.206 -16.543
32.294 4.254 -17.370 413.530 6.253 0.010 18.248 -16.544
32.336 4.117 -13.660 370.943 6.243 0.010 18.289 -16.546
32.376 4.014 -10.356 330.449 6.233 0.010 18.329 -16.548
32.415 3.939 -7.438 291.813 6.222 0.010 18.369 -16.550
32.454 3.890 -4.888 254.996 6.212 0.010 18.407 -16.552
32.493 3.863 -2.687 220.108 6.202 0.010 18.446 -16.555
32.531 3.855 -0.813 187.334 6.193 0.010 18.484 -16.558
32.570 3.863 0.755 156.878 6.184 0.010 18.523 -16.562
32.609 3.883 2.044 128.908 6.176 0.010 18.561 -16.566
32.648 3.914 3.080 103.531 6.169 0.010 18.600 -16.571
32.687 3.953 3.887 80.769 6.162 0.010 18.640 -16.575
32.727 3.998 4.493 60.570 6.157 0.010 18.679 -16.580
32.768 4.047 4.921 42.808 6.153 0.010 18.719 -16.585
32.809 4.099 5.194 27.305 6.150 0.010 18.760 -16.591
32.850 4.152 5.333 13.844 6.148 0.010 18.801 -16.596
32.892 4.206 5.355 2.188 6.147 0.010 18.843 -16.602
32.935 4.259 5.276 -7.902 6.147 0.010 18.885 -16.608
32.978 4.310 5.109 -16.659 6.148 0.010 18.928 -16.614
33.022 4.358 4.866 -24.299 6.151 0.010 18.971 -16.619
33.066 4.404 4.556 -31.010 6.154 0.010 19.015 -16.625
33.110 4.446 4.186 -36.956 6.158 0.010 19.059 -16.631
33.155 4.483 3.764 -42.267 6.163 0.010 19.103 -16.636
33.200 4.516 3.293 -47.045 6.169 0.010 19.148 -16.641
33.246 4.544 2.780 -51.360 6.176 0.010 19.193 -16.647
33.291 4.566 2.227 -55.255 6.184 0.010 19.239 -16.651
33.337 4.583 1.640 -58.749 6.192 0.010 19.284 -16.656
33.383 4.593 1.021 -61.839 6.201 0.010 19.330 -16.660
33.429 4.597 0.376 -64.506 6.211 0.010 19.376 -16.663
33.475 4.594 -0.291 -66.720 6.221 0.010 19.422 -16.666
33.521 4.584 -0.976 -68.443 6.232 0.010 19.467 -16.669
33.566 4.567 -1.672 -69.636 6.243 0.010 19.513 -16.671
33.612 4.544 -2.375 -70.265 6.255 0.010 19.559 -16.672
33.657 4.513 -3.078 -70.300 6.266 0.010 19.604 -16.673
33.702 4.475 -3.775 -69.726 6.278 0.010 19.648 -16.674
33.746 4.431 -4.460 -68.538 0.007 0.010 19.693 -16.674
33.790 4.379 -5.128 -66.749 0.019 0.010 19.736 -16.673
33.833 4.322 -5.772 -64.386 0.032 0.010 19.780 -16.672
33.876 4.258 -6.386 -61.492 0.044 0.010 19.822 -16.671
33.917 4.188 -6.968 -58.123 0.056 0.010 19.864 -16.669
33.959 4.113 -7.511 -54.347 0.068 0.010 19.905 -16.666
33.999 4.033 -8.014 -50.237 0.079 0.010 19.945 -16.663
34.038 3.948 -8.472 -45.873 0.091 0.010 19.985 -16.660
34.077 3.859 -8.886 -41.336 0.102 0.010 20.023 -16.656
34.115 3.767 -9.253 -36.704 0.113 0.010 20.061 -16.652
34.151 3.671 -9.573 -32.052 0.124 0.010 20.097 -16.648
34.187 3.572 -9.848 -27.446 0.134 0.010 20.132 -16.643
34.222 3.472 -10.077 -22.947 0.143 0.010 20.167 -16.638
34.256 3.369 -10.263 -18.604 0.153 0.010 20.200 -16.633
34.288 3.265 -10.408 -14.458 0.162 0.010 20.232 -16.628
34.320 3.160 -10.513 -10.540 0.170 0.010 20.264 -16.623
34.350 3.054 -10.582 -6.872 0.178 0.010 20.294 -16.618
34.380 2.948 -10.617 -3.468 0.186 0.010 20.323 -16.612
34.408 2.842 -10.620 -0.334 0.193 0.010 20.350 -16.607
34.436 2.736 -10.595 2.527 0.200 0.010 20.377 -16.602
34.462 2.630 -10.543 5.119 0.206 0.010 20.403 -16.596
34.487 2.526 -10.469 7.452 0.212 0.010 20.428 -16.591
34.511 2.422 -10.374 9.533 0.217 0.010 20.451 -16.586
34.535 2.319 -10.260 11.377 0.222 0.010 20.474 -16.581
34.557 2.218 -10.130 12.995 0.227 0.010 20.496 -16.576
34.578 2.118 -9.986 14.401 0.231 0.010 20.516 -16.571
34.598 2.020 -9.830 15.609 0.235 0.010 20.536 -16.566
34.617 1.923 -9.663 16.631 0.239 0.010 20.555 -16.562
34.636 1.828 -9.489 17.479 0.242 0.010 20.572 -16.557
34.653 1.735 -9.307 18.165 0.245 0.010 20.589 -16.553
34.669 1.644 -9.120 18.697 0.247 0.010 20.605 -16.549
34.685 1.555 -8.929 19.085 0.250 0.010 20.620 -16.545
34.700 1.467 -8.736 19.337 0.252 0.010 20.635 -16.542
34.713 1.382 -8.541 19.459 0.253 0.010 20.648 -16.538
34.726 1.298 -8.347 19.456 0.255 0.010 20.660 -16.535
34.739 1.217 -8.153 19.334 0.256 0.010 20.672 -16.532
34.750 1.137 -7.962 19.098 0.257 0.010 20.683 -16.529
34.761 1.060 -7.775 18.750 0.258 0.010 20.693 -16.526
34.770 0.984 -7.592 18.296 0.259 0.010 20.703 -16.524
34.779 0.910 -7.415 17.738 0.260 0.010 20.712 -16.522
34.788 0.837 -7.244 17.079 0.260 0.010 20.720 -16.519
34.796 0.766 -7.080 16.324 0.261 0.010 20.727 -16.517
34.802 0.697 -6.926 15.477 0.261 0.010 20.734 -16.516
34.809 0.629 -6.780 14.541 0.261 0.010 20.740 -16.514
34.814 0.563 -6.645 13.522 0.261 0.010 20.746 -16.513
34.819 0.498 -6.521 12.425 0.262 0.010 20.750 -16.511
34.824 0.433 -6.408 11.254 0.262 0.010 20.755 -16.510
34.827 0.370 -6.308 10.018 0.262 0.010 20.758 -16.509
34.831 0.308 -6.221 8.722 0.262 0.010 20.761 -16.508
34.833 0.249 -5.873 34.790 0.262 0.010 20.763 -16.508
34.835 0.197 -5.242 63.146 0.262 0.010 20.765 -16.507
34.836 0.151 -4.601 64.083 0.262 0.010 20.767 -16.507
34.838 0.111 -3.974 62.676 0.262 0.010 20.768 -16.507
34.838 0.078 -3.358 61.603 0.262 0.010 20.769 -16.506
34.839 0.050 -2.750 60.825 0.262 0.010 20.769 -16.506
34.839 0.029 -2.147 60.294 0.262 0.010 20.769 -16.506
34.839 0.013 -1.547 59.966 0.262 0.010 20.770 -16.506
34.839 0.004 -0.949 59.790 0.262 0.010 20.770 -16.506
34.839 0.000 -0.352 59.719 0.262 0.010 20.770 -16.506
34.839 0.000 -0.027 32.525 0.262 0.010 20.770 -16.506
