RightRightScale2
389
0.000 0.006 0.598 59.783 0.000 0.010 0.000 1.042
0.000 0.012 0.598 -0.000 0.000 0.010 0.000 1.042
0.000 0.027 1.495 89.674 0.000 0.010 0.000 1.042
0.001 0.048 2.092 59.783 0.000 0.010 0.001 1.042
0.002 0.075 2.690 59.783 0.000 0.010 0.002 1.042
0.003 0.108 3.288 59.783 0.000 0.010 0.003 1.042
0.004 0.146 3.886 59.783 0.000 0.010 0.004 1.042
0.006 0.191 4.484 59.783 0.000 0.010 0.006 1.042
0.009 0.242 5.082 59.783 0.000 0.010 0.009 1.042
0.012 0.299 5.679 59.783 0.000 0.010 0.012 1.042
0.015 0.359 5.978 29.891 0.000 0.010 0.015 1.042
0.019 0.418 5.978 0.000 0.000 0.010 0.019 1.042
0.024 0.478 5.978 0.000 0.000 0.010 0.024 1.042
0.029 0.538 5.978 -0.000 0.000 0.010 0.029 1.042
0.035 0.598 5.978 0.000 0.000 0.010 0.035 1.042
0.042 0.658 5.978 -0.000 0.000 0.010 0.042 1.042
0.049 0.717 5.978 0.000 0.000 0.010 0.049 1.042
0.057 0.777 5.978 0.000 0.000 0.010 0.057 1.042
0.065 0.837 5.978 0.000 0.000 0.010 0.065 1.042
0.074 0.897 5.978 0.000 0.000 0.010 0.074 1.042
0.084 0.957 5.978 -0.000 0.000 0.010 0.084 1.042
0.094 1.016 5.978 -0.000 0.000 0.010 0.094 1.042
0.105 1.076 5.978 0.000 0.000 0.010 0.105 1.042
0.116 1.136 5.978 -0.000 0.000 0.010 0.116 1.042
0.128 1.196 5.978 0.000 0.000 0.010 0.128 1.042
0.141 1.255 5.978 -0.000 0.000 0.010 0.141 1.042
0.154 1.315 5.978 0.000 0.000 0.010 0.154 1.042
0.168 1.375 5.978 -0.000 0.000 0.010 0.168 1.042
0.182 1.435 5.978 0.000 0.000 0.010 0.182 1.042
0.197 1.495 5.978 -0.000 0.000 0.010 0.197 1.042
0.212 1.554 5.978 0.000 0.000 0.010 0.212 1.042
0.229 1.614 5.978 -0.000 0.000 0.010 0.229 1.042
0.245 1.674 5.978 -0.000 0.000 0.010 0.245 1.042
0.263 1.734 5.978 0.000 0.000 0.010 0.263 1.042
0.281 1.793 5.978 0.000 0.000 0.010 0.281 1.042
0.299 1.853 5.978 0.000 0.000 0.010 0.299 1.042
0.318 1.913 5.978 -0.000 0.000 0.010 0.318 1.042
0.338 1.973 5.978 0.000 0.000 0.010 0.338 1.042
0.358 2.033 5.978 0.000 0.000 0.010 0.358 1.042
0.379 2.092 5.978 -0.000 0.000 0.010 0.379 1.042
0.401 2.152 5.978 0.000 0.000 0.010 0.401 1.042
0.423 2.212 5.978 -0.000 0.000 0.010 0.423 1.042
0.446 2.272 5.978 0.000 0.000 0.010 0.446 1.042
0.469 2.332 5.978 -0.000 0.000 0.010 0.469 1.042
0.493 2.391 5.978 0.000 0.000 0.010 0.493 1.042
0.517 2.451 5.978 -0.000 0.000 0.010 0.517 1.042
0.542 2.511 5.978 0.000 0.000 0.010 0.542 1.042
0.568 2.571 5.978 0.000 0.000 0.010 0.568 1.042
0.594 2.630 5.978 0.000 0.000 0.010 0.594 1.042
0.621 2.690 5.978 -0.000 0.000 0.010 0.621 1.042
0.649 2.750 5.978 0.000 0.000 0.010 0.649 1.042
0.677 2.810 5.978 -0.000 0.000 0.010 0.677 1.042
0.706 2.870 5.978 0.000 0.000 0.010 0.706 1.042
0.735 2.929 5.978 0.000 0.000 0.010 0.735 1.042
0.765 2.989 5.978 0.000 0.000 0.010 0.765 1.042
0.795 3.049 5.978 -0.000 0.000 0.010 0.795 1.042
0.826 3.109 5.978 0.000 0.000 0.010 0.826 1.042
0.858 3.168 5.978 -0.000 0.000 0.010 0.858 1.042
0.890 3.228 5.978 0.000 0.000 0.010 0.890 1.042
0.923 3.288 5.978 0.000 0.000 0.010 0.923 1.042
0.957 3.348 5.978 -0.000 0.000 0.010 0.957 1.042
0.991 3.408 5.978 0.000 0.000 0.010 0.991 1.042
1.025 3.467 5.978 0.000 0.000 0.010 1.025 1.042
1.061 3.527 5.978 -0.000 0.000 0.010 1.061 1.042
1.097 3.587 5.978 -0.000 0.000 0.010 1.097 1.042
1.133 3.647 5.978 -0.000 0.000 0.010 1.133 1.042
1.170 3.707 5.978 0.000 0.000 0.010 1.170 1.042
1.208 3.766 5.978 -0.000 0.000 0.010 1.208 1.042
1.246 3.826 5.978 0.000 0.000 0.010 1.246 1.042
1.285 3.886 5.978 0.000 0.000 0.010 1.285 1.042
1.324 3.946 5.978 0.000 0.000 0.010 1.324 1.042
1.364 4.005 5.978 -0.000 0.000 0.010 1.364 1.042
1.405 4.065 5.978 0.000 0.000 0.010 1.405 1.042
1.446 4.125 5.978 -0.000 0.000 0.010 1.446 1.042
1.488 4.185 5.978 0.000 0.000 0.010 1.488 1.042
1.531 4.245 5.978 0.000 0.000 0.010 1.531 1.042
1.574 4.304 5.978 -0.000 0.000 0.010 1.574 1.042
1.617 4.364 5.978 0.000 0.000 0.010 1.617 1.042
1.662 4.424 5.978 0.000 0.000 0.010 1.662 1.042
1.706 4.484 5.978 -0.000 0.000 0.010 1.706 1.042
1.752 4.543 5.978 0.000 0.000 0.010 1.752 1.042
1.798 4.603 5.978 -0.000 0.000 0.010 1.798 1.042
1.844 4.663 5.978 0.000 0.000 0.010 1.844 1.042
1.892 4.723 5.978 0.000 0.000 0.010 1.892 1.042
1.939 4.783 5.978 -0.000 0.000 0.010 1.939 1.042
1.988 4.842 5.978 0.000 0.000 0.010 1.988 1.042
2.037 4.902 5.978 -0.000 0.000 0.010 2.037 1.042
2.087 4.962 5.978 0.000 0.000 0.010 2.087 1.042
2.137 5.022 5.978 0.000 0.000 0.010 2.137 1.042
2.188 5.082 5.978 -0.000 0.000 0.010 2.188 1.042
2.239 5.141 5.978 0.000 0.000 0.010 2.239 1.042
2.291 5.201 5.978 -0.000 0.000 0.010 2.291 1.042
2.344 5.261 5.978 0.000 0.000 0.010 2.344 1.042
2.397 5.321 5.978 0.000 0.000 0.010 2.397 1.042
2.451 5.380 5.978 0.000 0.000 0.010 2.451 1.042
2.505 5.440 5.978 -0.000 0.000 0.010 2.505 1.042
2.560 5.500 5.978 0.000 0.000 0.010 2.560 1.042
2.616 5.560 5.978 -0.000 0.000 0.010 2.616 1.042
2.672 5.620 5.978 0.000 0.000 0.010 2.672 1.042
2.729 5.679 5.978 -0.000 0.000 0.010 2.729 1.042
2.786 5.739 5.978 0.000 0.000 0.010 2.786 1.042
2.844 5.799 5.978 -0.000 0.000 0.010 2.844 1.042
2.903 5.859 5.978 0.000 0.000 0.010 2.903 1.042
2.962 5.918 5.978 0.000 0.000 0.010 2.962 1.042
3.022 5.978 5.978 -0.000 0.000 0.010 3.022 1.042
3.082 6.038 5.978 0.000 0.000 0.010 3.082 1.042
3.143 6.098 5.978 -0.000 0.000 0.010 3.143 1.042
3.204 6.158 5.978 0.000 0.000 0.010 3.204 1.042
3.267 6.217 5.978 0.000 0.000 0.010 3.267 1.042
3.329 6.277 5.978 0.000 0.000 0.010 3.329 1.042
3.393 6.337 5.978 -0.000 0.000 0.010 3.393 1.042
3.457 6.397 5.978 0.000 0.000 0.010 3.457 1.042
3.521 6.457 5.978 0.000 0.000 0.010 3.521 1.042
3.587 6.516 5.978 -0.000 0.000 0.010 3.587 1.042
3.652 6.576 5.978 0.000 0.000 0.010 3.652 1.042
3.719 6.636 5.978 0.000 0.000 0.010 3.719 1.042
3.786 6.696 5.978 0.000 0.000 0.010 3.786 1.042
3.853 6.755 5.978 -0.000 0.000 0.010 3.853 1.042
3.921 6.815 5.978 0.000 0.000 0.010 3.921 1.042
3.990 6.875 5.978 -0.000 0.000 0.010 3.990 1.042
4.059 6.935 5.978 0.000 0.000 0.010 4.059 1.042
4.129 6.995 5.978 0.000 0.000 0.010 4.129 1.042
4.200 7.054 5.978 0.000 0.000 0.010 4.200 1.042
4.271 7.114 5.978 -0.000 0.000 0.010 4.271 1.042
4.343 7.174 5.978 0.000 0.000 0.010 4.343 1.042
4.415 7.234 5.978 -0.000 0.000 0.010 4.415 1.042
4.488 7.293 5.978 0.000 0.000 0.010 4.488 1.042
4.562 7.353 5.978 0.000 0.000 0.010 4.562 1.042
4.636 7.413 5.978 -0.000 0.000 0.010 4.636 1.042
4.710 7.473 5.978 0.000 0.000 0.010 4.710 1.042
4.786 7.533 5.978 -0.000 0.000 0.010 4.786 1.042
4.862 7.592 5.978 0.000 0.000 0.010 4.862 1.042
4.938 7.652 5.978 -0.000 0.000 0.010 4.938 1.042
5.015 7.712 5.978 0.000 0.000 0.010 5.015 1.042
5.093 7.772 5.978 -0.000 0.000 0.010 5.093 1.042
5.171 7.832 5.978 0.000 0.000 0.010 5.171 1.042
5.250 7.891 5.978 0.000 0.000 0.010 5.250 1.042
5.330 7.951 5.978 0.000 0.000 0.010 5.330 1.042
5.410 8.011 5.978 -0.000 0.000 0.010 5.410 1.042
5.491 8.071 5.978 0.000 0.000 0.010 5.491 1.042
5.572 8.130 5.978 0.000 0.000 0.010 5.572 1.042
5.654 8.190 5.978 -0.000 0.000 0.010 5.654 1.042
5.736 8.250 5.978 0.000 0.000 0.010 5.736 1.042
5.819 8.310 5.978 0.000 0.000 0.010 5.819 1.042
5.903 8.370 5.978 0.000 0.000 0.010 5.903 1.042
5.987 8.429 5.978 0.000 0.000 0.010 5.987 1.042
6.072 8.489 5.978 0.000 0.000 0.010 6.072 1.042
6.158 8.549 5.978 -0.000 0.000 0.010 6.158 1.042
6.244 8.609 5.978 0.000 0.000 0.010 6.244 1.042
6.331 8.668 5.978 0.000 0.000 0.010 6.331 1.042
6.418 8.728 5.978 -0.000 0.000 0.010 6.418 1.042
6.506 8.788 5.978 0.000 0.000 0.010 6.506 1.042
6.594 8.848 5.978 -0.000 0.000 0.010 6.594 1.042
6.683 8.908 5.978 0.000 0.000 0.010 6.683 1.042
6.773 8.967 5.978 0.000 0.000 0.010 6.773 1.042
6.863 9.027 5.978 -0.000 0.000 0.010 6.863 1.042
6.954 9.087 5.978 0.000 0.000 0.010 6.954 1.042
7.046 9.147 5.978 -0.000 0.000 0.010 7.046 1.042
7.138 9.207 5.978 0.000 0.000 0.010 7.138 1.042
7.230 9.266 5.978 0.000 0.000 0.010 7.230 1.042
7.324 9.326 5.978 -0.000 0.000 0.010 7.324 1.042
7.417 9.386 5.978 0.000 0.000 0.010 7.417 1.042
7.512 9.446 5.978 0.000 0.000 0.010 7.512 1.042
7.607 9.505 5.978 -0.000 0.000 0.010 7.607 1.042
7.703 9.565 5.978 0.000 0.000 0.010 7.703 1.042
7.799 9.625 5.978 -0.000 0.000 0.010 7.799 1.042
7.896 9.685 5.978 0.000 0.000 0.010 7.896 1.042
7.993 9.745 5.978 0.000 0.000 0.010 7.993 1.042
8.091 9.804 5.978 0.000 0.000 0.010 8.091 1.042
8.190 9.864 5.978 -0.000 0.000 0.010 8.190 1.042
8.289 9.924 5.978 -0.000 0.000 0.010 8.289 1.042
8.389 9.984 5.978 0.000 0.000 0.010 8.389 1.042
8.489 10.043 5.978 -0.000 0.000 0.010 8.489 1.042
8.590 10.103 5.978 0.000 0.000 0.010 8.590 1.042
8.692 10.163 5.978 -0.000 0.000 0.010 8.692 1.042
8.794 10.223 5.978 0.000 0.000 0.010 8.794 1.042
8.897 10.283 5.978 0.000 0.000 0.010 8.897 1.042
9.000 10.342 5.978 0.000 0.000 0.010 9.000 1.042
9.104 10.402 5.978 0.000 0.000 0.010 9.104 1.042
9.209 10.462 5.978 -0.000 0.000 0.010 9.209 1.042
9.314 10.522 5.978 0.000 0.000 0.010 9.314 1.042
9.420 10.582 5.978 0.000 0.000 0.010 9.420 1.042
9.527 10.641 5.978 0.000 0.000 0.010 9.527 1.042
9.634 10.701 5.978 -0.000 0.000 0.010 9.634 1.042
9.741 10.758 5.679 -29.891 0.000 0.010 9.741 1.042
9.849 10.809 5.082 -59.783 0.000 0.010 9.849 1.042
9.958 10.854 4.484 -59.783 0.000 0.010 9.958 1.042
10.067 10.892 3.886 -59.783 0.000 0.010 10.067 1.042
10.176 10.925 3.288 -59.783 0.000 0.010 10.176 1.042
10.285 10.952 2.690 -59.783 0.000 0.010 10.285 1.042
10.395 10.973 2.092 -59.783 0.000 0.010 10.395 1.042
10.505 10.988 1.495 -59.783 0.000 0.010 10.505 1.042
10.615 10.997 0.897 -59.783 0.000 0.010 10.615 1.042
10.725 11.000 0.299 -59.783 0.000 0.010 10.725 1.042
10.835 11.000 -0.016 -31.466 0.000 0.010 10.835 1.042
10.945 10.997 -0.330 -31.466 0.000 0.010 10.945 1.042
11.055 10.987 -0.928 -59.783 0.000 0.010 11.055 1.042
11.165 10.972 -1.526 -59.783 0.000 0.010 11.165 1.042
11.274 10.951 -2.124 -59.783 0.000 0.010 11.274 1.042
11.383 10.924 -2.722 -59.783 0.000 0.010 11.383 1.042
11.492 10.890 -3.320 -59.783 0.000 0.010 11.492 1.042
11.601 10.851 -3.917 -59.783 0.000 0.010 11.601 1.042
11.709 10.806 -4.515 -59.783 0.000 0.010 11.709 1.042
11.816 10.755 -5.113 -59.783 0.000 0.010 11.816 1.042
11.923 10.698 -5.695 -58.207 0.000 0.010 11.923 1.042
12.030 10.638 -5.978 -28.316 0.000 0.010 12.030 1.042
12.135 10.578 -5.978 0.000 0.000 0.010 12.135 1.042
12.241 10.519 -5.978 0.000 0.000 0.010 12.241 1.042
12.345 10.459 -5.978 -0.000 0.000 0.010 12.345 1.042
12.449 10.399 -5.978 -0.000 0.000 0.010 12.449 1.042
12.553 10.339 -5.978 0.000 0.000 0.010 12.553 1.042
12.655 10.279 -5.978 -0.000 0.000 0.010 12.655 1.042
12.758 10.220 -5.978 0.000 0.000 0.010 12.758 1.042
12.859 10.160 -5.978 0.000 0.000 0.010 12.859 1.042
12.960 10.100 -5.978 -0.000 0.000 0.010 12.960 1.042
13.061 10.040 -5.978 0.000 0.000 0.010 13.061 1.042
13.160 9.981 -5.978 0.000 0.000 0.010 13.160 1.042
13.260 9.921 -5.978 -0.000 0.000 0.010 13.260 1.042
13.358 9.861 -5.978 0.000 0.000 0.010 13.358 1.042
13.456 9.801 -5.978 0.000 0.000 0.010 13.456 1.042
13.554 9.741 -5.978 0.000 0.000 0.010 13.554 1.042
13.650 9.682 -5.978 -0.000 0.000 0.010 13.650 1.042
13.747 9.622 -5.978 0.000 0.000 0.010 13.747 1.042
13.842 9.562 -5.978 0.000 0.000 0.010 13.842 1.042
13.937 9.502 -5.978 0.000 0.000 0.010 13.937 1.042
14.032 9.443 -5.978 -0.000 0.000 0.010 14.032 1.042
14.126 9.383 -5.978 0.000 0.000 0.010 14.126 1.042
14.219 9.323 -5.978 0.000 0.000 0.010 14.219 1.042
14.311 9.263 -5.978 0.000 0.000 0.010 14.311 1.042
14.403 9.203 -5.978 0.000 0.000 0.010 14.403 1.042
14.495 9.144 -5.978 -0.000 0.000 0.010 14.495 1.042
14.586 9.084 -5.978 0.000 0.000 0.010 14.586 1.042
14.676 9.024 -5.978 -0.000 0.000 0.010 14.676 1.042
14.766 8.964 -5.978 0.000 0.000 0.010 14.766 1.042
14.855 8.904 -5.978 -0.000 0.000 0.010 14.855 1.042
14.943 8.845 -5.978 0.000 0.000 0.010 14.943 1.042
15.031 8.785 -5.978 0.000 0.000 0.010 15.031 1.042
15.118 8.725 -5.978 -0.000 0.000 0.010 15.118 1.042
15.205 8.665 -5.978 0.000 0.000 0.010 15.205 1.042
15.291 8.606 -5.978 0.000 0.000 0.010 15.291 1.042
15.376 8.546 -5.978 -0.000 0.000 0.010 15.376 1.042
15.461 8.486 -5.978 -0.000 0.000 0.010 15.461 1.042
15.546 8.426 -5.978 0.000 0.000 0.010 15.546 1.042
15.629 8.366 -5.978 -0.000 0.000 0.010 15.629 1.042
15.712 8.307 -5.978 0.000 0.000 0.010 15.712 1.042
15.795 8.247 -5.978 -0.000 0.000 0.010 15.795 1.042
15.877 8.187 -5.978 0.000 0.000 0.010 15.877 1.042
15.958 8.127 -5.978 0.000 0.000 0.010 15.958 1.042
16.039 8.064 -6.346 -36.742 0.000 0.010 16.039 1.042
16.118 7.979 -8.470 -212.411 0.000 0.010 16.118 1.042
16.197 7.897 -8.203 26.645 0.001 0.010 16.197 1.042
16.275 7.822 -7.521 68.187 0.001 0.010 16.275 1.042
16.353 7.753 -6.894 62.745 0.002 0.010 16.353 1.042
16.430 7.690 -6.319 57.508 0.003 0.010 16.430 1.042
16.506 7.632 -5.794 52.496 0.004 0.010 16.506 1.042
16.582 7.579 -5.317 47.722 0.004 0.010 16.582 1.043
16.657 7.530 -4.885 43.195 0.005 0.010 16.657 1.043
16.732 7.485 -4.496 38.918 0.005 0.010 16.732 1.043
16.807 7.443 -4.147 34.893 0.006 0.010 16.807 1.044
16.881 7.405 -3.836 31.114 0.006 0.010 16.881 1.044
16.954 7.369 -3.560 27.577 0.005 0.010 16.954 1.045
17.028 7.336 -3.317 24.272 0.005 0.010 17.028 1.045
17.101 7.305 -3.105 21.188 0.004 0.010 17.101 1.045
17.174 7.276 -2.922 18.316 0.003 0.010 17.174 1.046
17.246 7.248 -2.766 15.640 0.002 0.010 17.246 1.046
17.318 7.222 -2.634 13.148 0.000 0.010 17.318 1.046
17.390 7.197 -2.526 10.825 6.282 0.010 17.390 1.046
17.462 7.172 -2.439 8.658 6.279 0.010 17.462 1.046
17.533 7.149 -2.373 6.633 6.277 0.010 17.533 1.045
17.605 7.125 -2.326 4.735 6.274 0.010 17.605 1.045
17.676 7.102 -2.296 2.953 6.270 0.010 17.676 1.044
17.746 7.080 -2.283 1.274 6.266 0.010 17.746 1.043
17.817 7.057 -2.287 -0.312 6.262 0.010 17.817 1.042
17.887 7.034 -2.305 -1.817 6.258 0.010 17.887 1.040
17.957 7.010 -2.337 -3.247 6.253 0.010 17.957 1.038
18.027 6.986 -2.383 -4.612 6.248 0.010 18.027 1.036
18.097 6.962 -2.442 -5.917 6.243 0.010 18.097 1.033
18.166 6.937 -2.514 -7.166 6.237 0.010 18.166 1.030
18.235 6.911 -2.598 -8.364 6.231 0.010 18.235 1.027
18.304 6.884 -2.693 -9.513 6.224 0.010 18.304 1.023
18.373 6.856 -2.799 -10.614 6.218 0.010 18.372 1.019
18.441 6.827 -2.916 -11.666 6.211 0.010 18.440 1.014
18.509 6.796 -3.042 -12.668 6.203 0.010 18.508 1.009
18.577 6.765 -3.179 -13.618 6.196 0.010 18.576 1.003
18.644 6.731 -3.324 -14.513 6.188 0.010 18.643 0.997
18.711 6.697 -3.477 -15.348 6.180 0.010 18.709 0.990
18.778 6.660 -3.638 -16.120 6.171 0.010 18.775 0.983
18.844 6.622 -3.807 -16.823 6.163 0.010 18.841 0.975
18.910 6.582 -3.981 -17.452 6.154 0.010 18.907 0.967
18.975 6.541 -4.161 -18.004 6.145 0.010 18.971 0.959
19.040 6.497 -4.346 -18.472 6.136 0.010 19.036 0.949
19.105 6.452 -4.534 -18.853 6.127 0.010 19.099 0.940
19.169 6.405 -4.726 -19.143 6.118 0.010 19.163 0.929
19.232 6.355 -4.919 -19.339 6.108 0.010 19.225 0.919
19.295 6.304 -5.114 -19.439 6.099 0.010 19.287 0.907
19.358 6.251 -5.308 -19.442 6.089 0.010 19.349 0.896
19.420 6.196 -5.501 -19.349 6.080 0.010 19.409 0.883
19.481 6.139 -5.693 -19.159 6.070 0.010 19.470 0.871
19.542 6.080 -5.882 -18.877 6.061 0.010 19.529 0.858
19.602 6.020 -6.067 -18.505 6.051 0.010 19.588 0.844
19.662 5.957 -6.247 -18.048 6.041 0.010 19.645 0.830
19.721 5.893 -6.422 -17.511 6.032 0.010 19.703 0.816
19.779 5.827 -6.591 -16.901 6.022 0.010 19.759 0.801
19.836 5.760 -6.754 -16.224 6.013 0.010 19.815 0.786
19.893 5.691 -6.909 -15.489 6.004 0.010 19.869 0.770
19.950 5.620 -7.056 -14.703 5.994 0.010 19.923 0.755
20.005 5.548 -7.194 -13.875 5.985 0.010 19.976 0.739
20.060 5.475 -7.325 -13.013 5.976 0.010 20.029 0.722
20.114 5.400 -7.446 -12.126 5.968 0.010 20.080 0.706
20.167 5.325 -7.558 -11.221 5.959 0.010 20.131 0.689
20.220 5.248 -7.661 -10.307 5.950 0.010 20.180 0.672
20.271 5.171 -7.755 -9.390 5.942 0.010 20.229 0.655
20.322 5.092 -7.840 -8.478 5.934 0.010 20.277 0.638
20.372 5.013 -7.916 -7.576 5.926 0.010 20.324 0.620
20.422 4.933 -7.982 -6.691 5.918 0.010 20.370 0.603
20.470 4.853 -8.041 -5.827 5.911 0.010 20.415 0.585
20.518 4.772 -8.091 -4.989 5.903 0.010 20.460 0.568
20.565 4.691 -8.132 -4.180 5.896 0.010 20.503 0.550
20.611 4.609 -8.166 -3.403 5.889 0.010 20.546 0.533
20.656 4.527 -8.193 -2.660 5.882 0.010 20.588 0.515
20.701 4.445 -8.213 -1.954 5.876 0.010 20.629 0.498
20.744 4.363 -8.225 -1.284 5.869 0.010 20.669 0.480
20.787 4.280 -8.232 -0.652 5.863 0.010 20.708 0.463
20.829 4.198 -8.233 -0.058 5.857 0.010 20.746 0.446
20.870 4.116 -8.228 0.498 5.852 0.010 20.783 0.429
20.910 4.034 -8.217 1.016 5.846 0.010 20.820 0.412
20.950 3.952 -8.202 1.498 5.841 0.010 20.856 0.395
20.989 3.870 -8.183 1.945 5.836 0.010 20.891 0.378
21.027 3.788 -8.159 2.357 5.831 0.010 20.925 0.362
21.064 3.707 -8.132 2.736 5.826 0.010 20.958 0.346
21.100 3.626 -8.101 3.084 5.822 0.010 20.991 0.329
21.135 3.545 -8.067 3.401 5.818 0.010 21.022 0.314
21.170 3.465 -8.030 3.690 5.814 0.010 21.053 0.298
21.204 3.385 -7.991 3.952 5.810 0.010 21.083 0.283
21.237 3.305 -7.949 4.189 5.806 0.010 21.113 0.268
21.269 3.226 -7.905 4.401 5.803 0.010 21.141 0.253
21.301 3.148 -7.859 4.591 5.800 0.010 21.169 0.238
21.331 3.070 -7.811 4.759 5.796 0.010 21.197 0.224
21.361 2.992 -7.762 4.908 5.794 0.010 21.223 0.210
21.390 2.915 -7.712 5.038 5.791 0.010 21.249 0.196
21.419 2.838 -7.660 5.151 5.788 0.010 21.274 0.183
21.446 2.762 -7.608 5.247 5.786 0.010 21.298 0.169
21.473 2.687 -7.555 5.328 5.783 0.010 21.322 0.157
21.499 2.612 -7.501 5.394 5.781 0.010 21.344 0.144
21.525 2.537 -7.446 5.446 5.779 0.010 21.367 0.132
21.549 2.463 -7.391 5.485 5.777 0.010 21.388 0.120
21.573 2.390 -7.336 5.512 5.776 0.010 21.409 0.108
21.596 2.317 -7.281 5.527 5.774 0.010 21.429 0.097
21.619 2.245 -7.226 5.530 5.773 0.010 21.449 0.086
21.641 2.173 -7.170 5.523 5.771 0.010 21.468 0.075
21.662 2.102 -7.115 5.505 5.770 0.010 21.486 0.065
21.682 2.031 -7.061 5.476 5.769 0.010 21.504 0.055
21.702 1.961 -7.006 5.438 5.768 0.010 21.521 0.045
21.721 1.892 -6.952 5.389 5.767 0.010 21.537 0.036
21.739 1.823 -6.899 5.331 5.766 0.010 21.553 0.027
21.756 1.754 -6.846 5.264 5.765 0.010 21.569 0.018
21.773 1.686 -6.794 5.187 5.764 0.010 21.583 0.010
21.789 1.619 -6.743 5.101 5.764 0.010 21.597 0.002
21.805 1.552 -6.693 5.006 5.763 0.010 21.611 -0.006
21.820 1.486 -6.644 4.903 5.763 0.010 21.624 -0.013
21.834 1.420 -6.596 4.790 5.762 0.010 21.636 -0.020
21.847 1.354 -6.550 4.668 5.762 0.010 21.648 -0.027
21.860 1.289 -6.504 4.538 5.761 0.010 21.659 -0.033
21.873 1.225 -6.460 4.399 5.761 0.010 21.669 -0.039
21.884 1.160 -6.418 4.252 5.761 0.010 21.680 -0.045
21.895 1.097 -6.377 4.097 5.761 0.010 21.689 -0.051
21.905 1.033 -6.338 3.934 5.760 0.010 21.698 -0.056
21.915 0.970 -6.300 3.763 5.760 0.010 21.706 -0.061
21.924 0.908 -6.264 3.584 5.760 0.010 21.714 -0.065
21.933 0.845 -6.230 3.398 5.760 0.010 21.722 -0.069
21.941 0.783 -6.198 3.206 5.760 0.010 21.728 -0.073
21.948 0.722 -6.168 3.006 5.760 0.010 21.735 -0.077
21.954 0.660 -6.140 2.800 5.760 0.010 21.740 -0.080
21.960 0.599 -6.114 2.588 5.760 0.010 21.745 -0.083
21.966 0.538 -6.090 2.370 5.760 0.010 21.750 -0.086
21.971 0.477 -6.069 2.147 5.760 0.010 21.754 -0.088
21.975 0.417 -6.050 1.919 5.760 0.010 21.758 -0.090
21.978 0.357 -6.033 1.687 5.760 0.010 21.761 -0.092
21.981 0.297 -6.003 3.030 5.760 0.010 21.764 -0.094
21.984 0.240 -5.675 32.720 5.760 0.010 21.766 -0.095
21.986 0.189 -5.068 60.770 5.760 0.010 21.767 -0.096
21.987 0.145 -4.463 60.478 5.760 0.010 21.769 -0.097
21.988 0.106 -3.860 60.250 5.760 0.010 21.769 -0.097
21.989 0.073 -3.260 60.077 5.760 0.010 21.770 -0.097
21.989 0.047 -2.660 59.954 5.760 0.010 21.770 -0.098
21.989 0.026 -2.061 59.871 5.760 0.010 21.771 -0.098
21.990 0.011 -1.463 59.821 5.760 0.010 21.771 -0.098
21.990 0.003 -0.865 59.795 5.760 0.010 21.771 -0.098
21.990 0.000 -0.283 58.210 5.760 0.010 21.771 -0.098
0.000 0.006 0.598 59.783 0.000 0.010 0.000 -1.042
0.000 0.012 0.598 -0.000 0.000 0.010 0.000 -1.042
0.000 0.027 1.495 89.674 0.000 0.010 0.000 -1.042
0.001 0.048 2.092 59.783 0.000 0.010 0.001 -1.042
0.002 0.075 2.690 59.783 0.000 0.010 0.002 -1.042
0.003 0.108 3.288 59.783 0.000 0.010 0.003 -1.042
0.004 0.146 3.886 59.783 0.000 0.010 0.004 -1.042
0.006 0.191 4.484 59.783 0.000 0.010 0.006 -1.042
0.009 0.242 5.082 59.783 0.000 0.010 0.009 -1.042
0.012 0.299 5.679 59.783 0.000 0.010 0.012 -1.042
0.015 0.359 5.978 29.891 0.000 0.010 0.015 -1.042
0.019 0.418 5.978 0.000 0.000 0.010 0.019 -1.042
0.024 0.478 5.978 0.000 0.000 0.010 0.024 -1.042
0.029 0.538 5.978 -0.000 0.000 0.010 0.029 -1.042
0.035 0.598 5.978 0.000 0.000 0.010 0.035 -1.042
0.042 0.658 5.978 -0.000 0.000 0.010 0.042 -1.042
0.049 0.717 5.978 0.000 0.000 0.010 0.049 -1.042
0.057 0.777 5.978 0.000 0.000 0.010 0.057 -1.042
0.065 0.837 5.978 0.000 0.000 0.010 0.065 -1.042
0.074 0.897 5.978 0.000 0.000 0.010 0.074 -1.042
0.084 0.957 5.978 -0.000 0.000 0.010 0.084 -1.042
0.094 1.016 5.978 -0.000 0.000 0.010 0.094 -1.042
0.105 1.076 5.978 0.000 0.000 0.010 0.105 -1.042
0.116 1.136 5.978 -0.000 0.000 0.010 0.116 -1.042
0.128 1.196 5.978 0.000 0.000 0.010 0.128 -1.042
0.141 1.255 5.978 -0.000 0.000 0.010 0.141 -1.042
0.154 1.315 5.978 0.000 0.000 0.010 0.154 -1.042
0.168 1.375 5.978 -0.000 0.000 0.010 0.168 -1.042
0.182 1.435 5.978 0.000 0.000 0.010 0.182 -1.042
0.197 1.495 5.978 -0.000 0.000 0.010 0.197 -1.042
0.212 1.554 5.978 0.000 0.000 0.010 0.212 -1.042
0.229 1.614 5.978 -0.000 0.000 0.010 0.229 -1.042
0.245 1.674 5.978 -0.000 0.000 0.010 0.245 -1.042
0.263 1.734 5.978 0.000 0.000 0.010 0.263 -1.042
0.281 1.793 5.978 0.000 0.000 0.010 0.281 -1.042
0.299 1.853 5.978 0.000 0.000 0.010 0.299 -1.042
0.318 1.913 5.978 -0.000 0.000 0.010 0.318 -1.042
0.338 1.973 5.978 0.000 0.000 0.010 0.338 -1.042
0.358 2.033 5.978 0.000 0.000 0.010 0.358 -1.042
0.379 2.092 5.978 -0.000 0.000 0.010 0.379 -1.042
0.401 2.152 5.978 0.000 0.000 0.010 0.401 -1.042
0.423 2.212 5.978 -0.000 0.000 0.010 0.423 -1.042
0.446 2.272 5.978 0.000 0.000 0.010 0.446 -1.042
0.469 2.332 5.978 -0.000 0.000 0.010 0.469 -1.042
0.493 2.391 5.978 0.000 0.000 0.010 0.493 -1.042
0.517 2.451 5.978 -0.000 0.000 0.010 0.517 -1.042
0.542 2.511 5.978 0.000 0.000 0.010 0.542 -1.042
0.568 2.571 5.978 0.000 0.000 0.010 0.568 -1.042
0.594 2.630 5.978 0.000 0.000 0.010 0.594 -1.042
0.621 2.690 5.978 -0.000 0.000 0.010 0.621 -1.042
0.649 2.750 5.978 0.000 0.000 0.010 0.649 -1.042
0.677 2.810 5.978 -0.000 0.000 0.010 0.677 -1.042
0.706 2.870 5.978 0.000 0.000 0.010 0.706 -1.042
0.735 2.929 5.978 0.000 0.000 0.010 0.735 -1.042
0.765 2.989 5.978 0.000 0.000 0.010 0.765 -1.042
0.795 3.049 5.978 -0.000 0.000 0.010 0.795 -1.042
0.826 3.109 5.978 0.000 0.000 0.010 0.826 -1.042
0.858 3.168 5.978 -0.000 0.000 0.010 0.858 -1.042
0.890 3.228 5.978 0.000 0.000 0.010 0.890 -1.042
0.923 3.288 5.978 0.000 0.000 0.010 0.923 -1.042
0.957 3.348 5.978 -0.000 0.000 0.010 0.957 -1.042
0.991 3.408 5.978 0.000 0.000 0.010 0.991 -1.042
1.025 3.467 5.978 0.000 0.000 0.010 1.025 -1.042
1.061 3.527 5.978 -0.000 0.000 0.010 1.061 -1.042
1.097 3.587 5.978 -0.000 0.000 0.010 1.097 -1.042
1.133 3.647 5.978 -0.000 0.000 0.010 1.133 -1.042
1.170 3.707 5.978 0.000 0.000 0.010 1.170 -1.042
1.208 3.766 5.978 -0.000 0.000 0.010 1.208 -1.042
1.246 3.826 5.978 0.000 0.000 0.010 1.246 -1.042
1.285 3.886 5.978 0.000 0.000 0.010 1.285 -1.042
1.324 3.946 5.978 0.000 0.000 0.010 1.324 -1.042
1.364 4.005 5.978 -0.000 0.000 0.010 1.364 -1.042
1.405 4.065 5.978 0.000 0.000 0.010 1.405 -1.042
1.446 4.125 5.978 -0.000 0.000 0.010 1.446 -1.042
1.488 4.185 5.978 0.000 0.000 0.010 1.488 -1.042
1.531 4.245 5.978 0.000 0.000 0.010 1.531 -1.042
1.574 4.304 5.978 -0.000 0.000 0.010 1.574 -1.042
1.617 4.364 5.978 0.000 0.000 0.010 1.617 -1.042
1.662 4.424 5.978 0.000 0.000 0.010 1.662 -1.042
1.706 4.484 5.978 -0.000 0.000 0.010 1.706 -1.042
1.752 4.543 5.978 0.000 0.000 0.010 1.752 -1.042
1.798 4.603 5.978 -0.000 0.000 0.010 1.798 -1.042
1.844 4.663 5.978 0.000 0.000 0.010 1.844 -1.042
1.892 4.723 5.978 0.000 0.000 0.010 1.892 -1.042
1.939 4.783 5.978 -0.000 0.000 0.010 1.939 -1.042
1.988 4.842 5.978 0.000 0.000 0.010 1.988 -1.042
2.037 4.902 5.978 -0.000 0.000 0.010 2.037 -1.042
2.087 4.962 5.978 0.000 0.000 0.010 2.087 -1.042
2.137 5.022 5.978 0.000 0.000 0.010 2.137 -1.042
2.188 5.082 5.978 -0.000 0.000 0.010 2.188 -1.042
2.239 5.141 5.978 0.000 0.000 0.010 2.239 -1.042
2.291 5.201 5.978 -0.000 0.000 0.010 2.291 -1.042
2.344 5.261 5.978 0.000 0.000 0.010 2.344 -1.042
2.397 5.321 5.978 0.000 0.000 0.010 2.397 -1.042
2.451 5.380 5.978 0.000 0.000 0.010 2.451 -1.042
2.505 5.440 5.978 -0.000 0.000 0.010 2.505 -1.042
2.560 5.500 5.978 0.000 0.000 0.010 2.560 -1.042
2.616 5.560 5.978 -0.000 0.000 0.010 2.616 -1.042
2.672 5.620 5.978 0.000 0.000 0.010 2.672 -1.042
2.729 5.679 5.978 -0.000 0.000 0.010 2.729 -1.042
2.786 5.739 5.978 0.000 0.000 0.010 2.786 -1.042
2.844 5.799 5.978 -0.000 0.000 0.010 2.844 -1.042
2.903 5.859 5.978 0.000 0.000 0.010 2.903 -1.042
2.962 5.918 5.978 0.000 0.000 0.010 2.962 -1.042
3.022 5.978 5.978 -0.000 0.000 0.010 3.022 -1.042
3.082 6.038 5.978 0.000 0.000 0.010 3.082 -1.042
3.143 6.098 5.978 -0.000 0.000 0.010 3.143 -1.042
3.204 6.158 5.978 0.000 0.000 0.010 3.204 -1.042
3.267 6.217 5.978 0.000 0.000 0.010 3.267 -1.042
3.329 6.277 5.978 0.000 0.000 0.010 3.329 -1.042
3.393 6.337 5.978 -0.000 0.000 0.010 3.393 -1.042
3.457 6.397 5.978 0.000 0.000 0.010 3.457 -1.042
3.521 6.457 5.978 0.000 0.000 0.010 3.521 -1.042
3.587 6.516 5.978 -0.000 0.000 0.010 3.587 -1.042
3.652 6.576 5.978 0.000 0.000 0.010 3.652 -1.042
3.719 6.636 5.978 0.000 0.000 0.010 3.719 -1.042
3.786 6.696 5.978 0.000 0.000 0.010 3.786 -1.042
3.853 6.755 5.978 -0.000 0.000 0.010 3.853 -1.042
3.921 6.815 5.978 0.000 0.000 0.010 3.921 -1.042
3.990 6.875 5.978 -0.000 0.000 0.010 3.990 -1.042
4.059 6.935 5.978 0.000 0.000 0.010 4.059 -1.042
4.129 6.995 5.978 0.000 0.000 0.010 4.129 -1.042
4.200 7.054 5.978 0.000 0.000 0.010 4.200 -1.042
4.271 7.114 5.978 -0.000 0.000 0.010 4.271 -1.042
4.343 7.174 5.978 0.000 0.000 0.010 4.343 -1.042
4.415 7.234 5.978 -0.000 0.000 0.010 4.415 -1.042
4.488 7.293 5.978 0.000 0.000 0.010 4.488 -1.042
4.562 7.353 5.978 0.000 0.000 0.010 4.562 -1.042
4.636 7.413 5.978 -0.000 0.000 0.010 4.636 -1.042
4.710 7.473 5.978 0.000 0.000 0.010 4.710 -1.042
4.786 7.533 5.978 -0.000 0.000 0.010 4.786 -1.042
4.862 7.592 5.978 0.000 0.000 0.010 4.862 -1.042
4.938 7.652 5.978 -0.000 0.000 0.010 4.938 -1.042
5.015 7.712 5.978 0.000 0.000 0.010 5.015 -1.042
5.093 7.772 5.978 -0.000 0.000 0.010 5.093 -1.042
5.171 7.832 5.978 0.000 0.000 0.010 5.171 -1.042
5.250 7.891 5.978 0.000 0.000 0.010 5.250 -1.042
5.330 7.951 5.978 0.000 0.000 0.010 5.330 -1.042
5.410 8.011 5.978 -0.000 0.000 0.010 5.410 -1.042
5.491 8.071 5.978 0.000 0.000 0.010 5.491 -1.042
5.572 8.130 5.978 0.000 0.000 0.010 5.572 -1.042
5.654 8.190 5.978 -0.000 0.000 0.010 5.654 -1.042
5.736 8.250 5.978 0.000 0.000 0.010 5.736 -1.042
5.819 8.310 5.978 0.000 0.000 0.010 5.819 -1.042
5.903 8.370 5.978 0.000 0.000 0.010 5.903 -1.042
5.987 8.429 5.978 0.000 0.000 0.010 5.987 -1.042
6.072 8.489 5.978 0.000 0.000 0.010 6.072 -1.042
6.158 8.549 5.978 -0.000 0.000 0.010 6.158 -1.042
6.244 8.609 5.978 0.000 0.000 0.010 6.244 -1.042
6.331 8.668 5.978 0.000 0.000 0.010 6.331 -1.042
6.418 8.728 5.978 -0.000 0.000 0.010 6.418 -1.042
6.506 8.788 5.978 0.000 0.000 0.010 6.506 -1.042
6.594 8.848 5.978 -0.000 0.000 0.010 6.594 -1.042
6.683 8.908 5.978 0.000 0.000 0.010 6.683 -1.042
6.773 8.967 5.978 0.000 0.000 0.010 6.773 -1.042
6.863 9.027 5.978 -0.000 0.000 0.010 6.863 -1.042
6.954 9.087 5.978 0.000 0.000 0.010 6.954 -1.042
7.046 9.147 5.978 -0.000 0.000 0.010 7.046 -1.042
7.138 9.207 5.978 0.000 0.000 0.010 7.138 -1.042
7.230 9.266 5.978 0.000 0.000 0.010 7.230 -1.042
7.324 9.326 5.978 -0.000 0.000 0.010 7.324 -1.042
7.417 9.386 5.978 0.000 0.000 0.010 7.417 -1.042
7.512 9.446 5.978 0.000 0.000 0.010 7.512 -1.042
7.607 9.505 5.978 -0.000 0.000 0.010 7.607 -1.042
7.703 9.565 5.978 0.000 0.000 0.010 7.703 -1.042
7.799 9.625 5.978 -0.000 0.000 0.010 7.799 -1.042
7.896 9.685 5.978 0.000 0.000 0.010 7.896 -1.042
7.993 9.745 5.978 0.000 0.000 0.010 7.993 -1.042
8.091 9.804 5.978 0.000 0.000 0.010 8.091 -1.042
8.190 9.864 5.978 -0.000 0.000 0.010 8.190 -1.042
8.289 9.924 5.978 -0.000 0.000 0.010 8.289 -1.042
8.389 9.984 5.978 0.000 0.000 0.010 8.389 -1.042
8.489 10.043 5.978 -0.000 0.000 0.010 8.489 -1.042
8.590 10.103 5.978 0.000 0.000 0.010 8.590 -1.042
8.692 10.163 5.978 -0.000 0.000 0.010 8.692 -1.042
8.794 10.223 5.978 0.000 0.000 0.010 8.794 -1.042
8.897 10.283 5.978 0.000 0.000 0.010 8.897 -1.042
9.000 10.342 5.978 0.000 0.000 0.010 9.000 -1.042
9.104 10.402 5.978 0.000 0.000 0.010 9.104 -1.042
9.209 10.462 5.978 -0.000 0.000 0.010 9.209 -1.042
9.314 10.522 5.978 0.000 0.000 0.010 9.314 -1.042
9.420 10.582 5.978 0.000 0.000 0.010 9.420 -1.042
9.527 10.641 5.978 0.000 0.000 0.010 9.527 -1.042
9.634 10.701 5.978 -0.000 0.000 0.010 9.634 -1.042
9.741 10.758 5.679 -29.891 0.000 0.010 9.741 -1.042
9.849 10.809 5.082 -59.783 0.000 0.010 9.849 -1.042
9.958 10.854 4.484 -59.783 0.000 0.010 9.958 -1.042
10.067 10.892 3.886 -59.783 0.000 0.010 10.067 -1.042
10.176 10.925 3.288 -59.783 0.000 0.010 10.176 -1.042
10.285 10.952 2.690 -59.783 0.000 0.010 10.285 -1.042
10.395 10.973 2.092 -59.783 0.000 0.010 10.395 -1.042
10.505 10.988 1.495 -59.783 0.000 0.010 10.505 -1.042
10.615 10.997 0.897 -59.783 0.000 0.010 10.615 -1.042
10.725 11.000 0.299 -59.783 0.000 0.010 10.725 -1.042
10.835 11.000 -0.016 -31.466 0.000 0.010 10.835 -1.042
10.945 10.997 -0.330 -31.466 0.000 0.010 10.945 -1.042
11.055 10.987 -0.928 -59.783 0.000 0.010 11.055 -1.042
11.165 10.972 -1.526 -59.783 0.000 0.010 11.165 -1.042
11.274 10.951 -2.124 -59.783 0.000 0.010 11.274 -1.042
11.383 10.924 -2.722 -59.783 0.000 0.010 11.383 -1.042
11.492 10.890 -3.320 -59.783 0.000 0.010 11.492 -1.042
11.601 10.851 -3.917 -59.783 0.000 0.010 11.601 -1.042
11.709 10.806 -4.515 -59.783 0.000 0.010 11.709 -1.042
11.816 10.755 -5.113 -59.783 0.000 0.010 11.816 -1.042
11.923 10.698 -5.695 -58.207 0.000 0.010 11.923 -1.042
12.030 10.638 -5.978 -28.316 0.000 0.010 12.030 -1.042
12.135 10.578 -5.978 0.000 0.000 0.010 12.135 -1.042
12.241 10.519 -5.978 0.000 0.000 0.010 12.241 -1.042
12.345 10.459 -5.978 -0.000 0.000 0.010 12.345 -1.042
12.449 10.399 -5.978 -0.000 0.000 0.010 12.449 -1.042
12.553 10.339 -5.978 0.000 0.000 0.010 12.553 -1.042
12.655 10.279 -5.978 -0.000 0.000 0.010 12.655 -1.042
12.758 10.220 -5.978 0.000 0.000 0.010 12.758 -1.042
12.859 10.160 -5.978 0.000 0.000 0.010 12.859 -1.042
12.960 10.100 -5.978 -0.000 0.000 0.010 12.960 -1.042
13.061 10.040 -5.978 0.000 0.000 0.010 13.061 -1.042
13.160 9.981 -5.978 0.000 0.000 0.010 13.160 -1.042
13.260 9.921 -5.978 -0.000 0.000 0.010 13.260 -1.042
13.358 9.861 -5.978 0.000 0.000 0.010 13.358 -1.042
13.456 9.801 -5.978 0.000 0.000 0.010 13.456 -1.042
13.554 9.741 -5.978 0.000 0.000 0.010 13.554 -1.042
13.650 9.682 -5.978 -0.000 0.000 0.010 13.650 -1.042
13.747 9.622 -5.978 0.000 0.000 0.010 13.747 -1.042
13.842 9.562 -5.978 0.000 0.000 0.010 13.842 -1.042
13.937 9.502 -5.978 0.000 0.000 0.010 13.937 -1.042
14.032 9.443 -5.978 -0.000 0.000 0.010 14.032 -1.042
14.126 9.383 -5.978 0.000 0.000 0.010 14.126 -1.042
14.219 9.323 -5.978 0.000 0.000 0.010 14.219 -1.042
14.311 9.263 -5.978 0.000 0.000 0.010 14.311 -1.042
14.403 9.203 -5.978 0.000 0.000 0.010 14.403 -1.042
14.495 9.144 -5.978 -0.000 0.000 0.010 14.495 -1.042
14.586 9.084 -5.978 0.000 0.000 0.010 14.586 -1.042
14.676 9.024 -5.978 -0.000 0.000 0.010 14.676 -1.042
14.766 8.964 -5.978 0.000 0.000 0.010 14.766 -1.042
14.855 8.904 -5.978 -0.000 0.000 0.010 14.855 -1.042
14.943 8.845 -5.978 0.000 0.000 0.010 14.943 -1.042
15.031 8.785 -5.978 0.000 0.000 0.010 15.031 -1.042
15.118 8.725 -5.978 -0.000 0.000 0.010 15.118 -1.042
15.205 8.665 -5.978 0.000 0.000 0.010 15.205 -1.042
15.291 8.606 -5.978 0.000 0.000 0.010 15.291 -1.042
15.376 8.546 -5.978 -0.000 0.000 0.010 15.376 -1.042
15.461 8.486 -5.978 -0.000 0.000 0.010 15.461 -1.042
15.546 8.426 -5.978 0.000 0.000 0.010 15.546 -1.042
15.629 8.366 -5.978 -0.000 0.000 0.010 15.629 -1.042
15.712 8.307 -5.978 0.000 0.000 0.010 15.712 -1.042
15.795 8.247 -5.978 -0.000 0.000 0.010 15.795 -1.042
15.877 8.187 -5.978 0.000 0.000 0.010 15.877 -1.042
15.958 8.127 -5.978 0.000 0.000 0.010 15.958 -1.042
16.039 8.071 -5.611 36.742 0.000 0.010 16.039 -1.042
16.119 8.036 -3.487 212.411 0.000 0.010 16.119 -1.042
16.199 7.999 -3.753 -26.646 0.001 0.010 16.199 -1.042
16.278 7.954 -4.435 -68.187 0.001 0.010 16.278 -1.042
16.358 7.904 -5.063 -62.745 0.002 0.010 16.358 -1.041
16.436 7.847 -5.638 -57.508 0.003 0.010 16.436 -1.041
16.514 7.786 -6.163 -52.495 0.004 0.010 16.514 -1.041
16.591 7.719 -6.640 -47.721 0.004 0.010 16.591 -1.041
16.668 7.649 -7.072 -43.194 0.005 0.010 16.668 -1.040
16.743 7.574 -7.461 -38.918 0.005 0.010 16.743 -1.040
16.818 7.496 -7.810 -34.893 0.006 0.010 16.818 -1.039
16.892 7.415 -8.121 -31.114 0.006 0.010 16.892 -1.039
16.966 7.331 -8.397 -27.577 0.005 0.010 16.966 -1.039
17.038 7.244 -8.639 -24.272 0.005 0.010 17.038 -1.038
17.110 7.156 -8.851 -21.189 0.004 0.010 17.110 -1.038
17.180 7.066 -9.035 -18.317 0.003 0.010 17.180 -1.038
17.250 6.974 -9.191 -15.641 0.002 0.010 17.250 -1.037
17.319 6.880 -9.322 -13.149 0.000 0.010 17.319 -1.037
17.387 6.786 -9.431 -10.827 6.282 0.010 17.387 -1.037
17.454 6.691 -9.517 -8.660 6.279 0.010 17.454 -1.038
17.520 6.595 -9.584 -6.634 6.277 0.010 17.520 -1.038
17.585 6.499 -9.631 -4.736 6.274 0.010 17.585 -1.038
17.649 6.402 -9.661 -2.954 6.270 0.010 17.649 -1.039
17.712 6.305 -9.673 -1.275 6.266 0.010 17.712 -1.040
17.774 6.209 -9.670 0.311 6.262 0.010 17.774 -1.041
17.835 6.112 -9.652 1.816 6.258 0.010 17.835 -1.043
17.895 6.016 -9.620 3.246 6.253 0.010 17.895 -1.044
17.954 5.920 -9.573 4.611 6.248 0.010 17.954 -1.046
18.012 5.825 -9.514 5.916 6.243 0.010 18.012 -1.048
18.070 5.731 -9.443 7.166 6.237 0.010 18.070 -1.051
18.126 5.637 -9.359 8.364 6.231 0.010 18.126 -1.054
18.182 5.545 -9.264 9.513 6.224 0.010 18.181 -1.057
18.236 5.453 -9.158 10.614 6.218 0.010 18.236 -1.060
18.290 5.363 -9.041 11.666 6.211 0.010 18.289 -1.064
18.343 5.273 -8.914 12.669 6.203 0.010 18.342 -1.068
18.394 5.186 -8.778 13.619 6.196 0.010 18.393 -1.072
18.445 5.099 -8.633 14.513 6.188 0.010 18.444 -1.077
18.496 5.014 -8.480 15.349 6.180 0.010 18.494 -1.082
18.545 4.931 -8.318 16.121 6.171 0.010 18.543 -1.087
18.593 4.850 -8.150 16.824 6.163 0.010 18.591 -1.093
18.641 4.770 -7.976 17.454 6.154 0.010 18.639 -1.099
18.688 4.692 -7.796 18.005 6.145 0.010 18.685 -1.105
18.734 4.616 -7.611 18.473 6.136 0.010 18.731 -1.112
18.780 4.542 -7.422 18.854 6.127 0.010 18.776 -1.118
18.824 4.469 -7.231 19.144 6.118 0.010 18.820 -1.126
18.868 4.399 -7.037 19.340 6.108 0.010 18.863 -1.133
18.912 4.331 -6.843 19.441 6.099 0.010 18.906 -1.141
18.954 4.264 -6.649 19.444 6.089 0.010 18.948 -1.149
18.996 4.200 -6.455 19.350 6.080 0.010 18.989 -1.157
19.038 4.137 -6.263 19.161 6.070 0.010 19.029 -1.166
19.078 4.076 -6.075 18.879 6.061 0.010 19.069 -1.174
19.118 4.017 -5.890 18.507 6.051 0.010 19.108 -1.183
19.158 3.960 -5.709 18.049 6.041 0.010 19.147 -1.193
19.197 3.905 -5.534 17.512 6.032 0.010 19.185 -1.202
19.236 3.851 -5.365 16.902 6.022 0.010 19.222 -1.212
19.274 3.799 -5.203 16.225 6.013 0.010 19.259 -1.222
19.311 3.749 -5.048 15.490 6.004 0.010 19.295 -1.232
19.348 3.700 -4.901 14.704 5.994 0.010 19.330 -1.242
19.385 3.652 -4.762 13.876 5.985 0.010 19.365 -1.253
19.421 3.606 -4.632 13.014 5.976 0.010 19.400 -1.264
19.456 3.561 -4.511 12.126 5.968 0.010 19.433 -1.275
19.491 3.517 -4.398 11.221 5.959 0.010 19.467 -1.286
19.526 3.474 -4.295 10.307 5.950 0.010 19.500 -1.297
19.560 3.432 -4.201 9.390 5.942 0.010 19.532 -1.308
19.594 3.391 -4.117 8.478 5.934 0.010 19.564 -1.320
19.628 3.350 -4.041 7.576 5.926 0.010 19.595 -1.331
19.661 3.310 -3.974 6.691 5.918 0.010 19.626 -1.343
19.694 3.271 -3.916 5.827 5.911 0.010 19.657 -1.355
19.726 3.233 -3.866 4.989 5.903 0.010 19.687 -1.367
19.758 3.194 -3.824 4.180 5.896 0.010 19.717 -1.379
19.790 3.156 -3.790 3.403 5.889 0.010 19.746 -1.391
19.821 3.119 -3.763 2.660 5.882 0.010 19.775 -1.403
19.852 3.081 -3.744 1.953 5.876 0.010 19.803 -1.415
19.882 3.044 -3.731 1.283 5.869 0.010 19.831 -1.427
19.912 3.007 -3.724 0.652 5.863 0.010 19.858 -1.439
19.942 2.970 -3.724 0.058 5.857 0.010 19.885 -1.451
19.971 2.932 -3.729 -0.498 5.852 0.010 19.912 -1.464
20.000 2.895 -3.739 -1.017 5.846 0.010 19.938 -1.476
20.029 2.857 -3.754 -1.499 5.841 0.010 19.964 -1.488
20.057 2.820 -3.774 -1.946 5.836 0.010 19.990 -1.500
20.085 2.782 -3.797 -2.358 5.831 0.010 20.015 -1.512
20.112 2.743 -3.824 -2.737 5.826 0.010 20.039 -1.524
20.139 2.705 -3.855 -3.084 5.822 0.010 20.064 -1.536
20.166 2.666 -3.889 -3.402 5.818 0.010 20.087 -1.548
20.192 2.627 -3.926 -3.691 5.814 0.010 20.111 -1.560
20.218 2.587 -3.966 -3.953 5.810 0.010 20.134 -1.572
20.243 2.547 -4.008 -4.189 5.806 0.010 20.157 -1.583
20.268 2.506 -4.052 -4.401 5.803 0.010 20.179 -1.595
20.293 2.465 -4.098 -4.591 5.800 0.010 20.201 -1.606
20.317 2.424 -4.145 -4.760 5.796 0.010 20.222 -1.618
20.341 2.382 -4.194 -4.909 5.794 0.010 20.243 -1.629
20.365 2.340 -4.245 -5.039 5.791 0.010 20.264 -1.640
20.388 2.297 -4.296 -5.151 5.788 0.010 20.284 -1.651
20.410 2.253 -4.349 -5.247 5.786 0.010 20.304 -1.661
20.432 2.209 -4.402 -5.328 5.783 0.010 20.323 -1.672
20.454 2.165 -4.456 -5.394 5.781 0.010 20.342 -1.682
20.475 2.120 -4.510 -5.446 5.779 0.010 20.361 -1.693
20.496 2.074 -4.565 -5.486 5.777 0.010 20.379 -1.703
20.516 2.028 -4.620 -5.512 5.776 0.010 20.397 -1.713
20.536 1.981 -4.676 -5.527 5.774 0.010 20.414 -1.722
20.555 1.934 -4.731 -5.531 5.773 0.010 20.431 -1.732
20.574 1.886 -4.786 -5.523 5.771 0.010 20.447 -1.741
20.592 1.837 -4.841 -5.505 5.770 0.010 20.463 -1.750
20.610 1.788 -4.896 -5.476 5.769 0.010 20.479 -1.759
20.628 1.739 -4.950 -5.438 5.768 0.010 20.494 -1.767
20.645 1.689 -5.004 -5.389 5.767 0.010 20.509 -1.776
20.661 1.638 -5.058 -5.331 5.766 0.010 20.523 -1.784
20.677 1.587 -5.110 -5.264 5.765 0.010 20.537 -1.791
20.692 1.536 -5.162 -5.187 5.764 0.010 20.550 -1.799
20.707 1.483 -5.213 -5.101 5.764 0.010 20.563 -1.806
20.721 1.431 -5.263 -5.006 5.763 0.010 20.575 -1.814
20.735 1.378 -5.312 -4.903 5.763 0.010 20.587 -1.820
20.748 1.324 -5.360 -4.790 5.762 0.010 20.599 -1.827
20.761 1.270 -5.407 -4.668 5.762 0.010 20.610 -1.833
20.773 1.215 -5.452 -4.538 5.761 0.010 20.620 -1.839
20.785 1.160 -5.496 -4.399 5.761 0.010 20.630 -1.845
20.796 1.105 -5.539 -4.252 5.761 0.010 20.640 -1.851
20.806 1.049 -5.580 -4.097 5.761 0.010 20.649 -1.856
20.816 0.993 -5.619 -3.934 5.760 0.010 20.658 -1.861
20.826 0.937 -5.657 -3.763 5.760 0.010 20.666 -1.866
20.834 0.880 -5.692 -3.584 5.760 0.010 20.673 -1.870
20.843 0.822 -5.726 -3.398 5.760 0.010 20.681 -1.874
20.850 0.765 -5.758 -3.206 5.760 0.010 20.687 -1.878
20.857 0.707 -5.788 -3.006 5.760 0.010 20.693 -1.881
20.864 0.649 -5.816 -2.800 5.760 0.010 20.699 -1.885
20.870 0.590 -5.842 -2.588 5.760 0.010 20.704 -1.888
20.875 0.532 -5.866 -2.370 5.760 0.010 20.709 -1.890
20.880 0.473 -5.888 -2.147 5.760 0.010 20.713 -1.893
20.884 0.414 -5.907 -1.919 5.760 0.010 20.716 -1.895
20.887 0.354 -5.924 -1.687 5.760 0.010 20.719 -1.896
20.890 0.295 -5.922 0.120 5.760 0.010 20.722 -1.898
20.893 0.239 -5.620 30.213 5.760 0.010 20.724 -1.899
20.895 0.189 -5.032 58.795 5.760 0.010 20.726 -1.900
20.896 0.144 -4.441 59.087 5.760 0.010 20.727 -1.901
20.897 0.106 -3.848 59.316 5.760 0.010 20.728 -1.901
20.898 0.073 -3.253 59.488 5.760 0.010 20.728 -1.902
20.898 0.047 -2.657 59.611 5.760 0.010 20.729 -1.902
20.899 0.026 -2.060 59.694 5.760 0.010 20.729 -1.902
20.899 0.011 -1.463 59.744 5.760 0.010 20.729 -1.902
20.899 0.003 -0.865 59.771 5.760 0.010 20.729 -1.902
20.899 0.000 -0.283 58.205 5.760 0.010 20.729 -1.902
