RightLeftSwitchBack
452
0.000 0.006 0.600 60.000 0.000 0.010 0.000 1.042
0.000 0.012 0.600 0.000 0.000 0.010 0.000 1.042
0.000 0.027 1.500 90.000 0.000 0.010 0.000 1.042
0.001 0.048 2.100 60.000 0.000 0.010 0.001 1.042
0.002 0.075 2.700 60.000 0.000 0.010 0.002 1.042
0.003 0.108 3.300 60.000 0.000 0.010 0.003 1.042
0.004 0.147 3.900 60.000 0.000 0.010 0.004 1.042
0.006 0.192 4.500 60.000 0.000 0.010 0.006 1.042
0.009 0.243 5.100 60.000 0.000 0.010 0.009 1.042
0.012 0.300 5.700 60.000 0.000 0.010 0.012 1.042
0.015 0.363 6.300 60.000 0.000 0.010 0.015 1.042
0.019 0.432 6.900 60.000 0.000 0.010 0.019 1.042
0.025 0.507 7.500 60.000 0.000 0.010 0.025 1.042
0.030 0.588 8.100 60.000 0.000 0.010 0.030 1.042
0.037 0.675 8.700 60.000 0.000 0.010 0.037 1.042
0.045 0.765 9.000 30.000 0.000 0.010 0.045 1.042
0.053 0.855 9.000 -0.000 0.000 0.010 0.053 1.042
0.063 0.945 9.000 0.000 0.000 0.010 0.063 1.042
0.073 1.035 9.000 -0.000 0.000 0.010 0.073 1.042
0.084 1.125 9.000 0.000 0.000 0.010 0.084 1.042
0.097 1.215 9.000 0.000 0.000 0.010 0.097 1.042
0.110 1.305 9.000 -0.000 0.000 0.010 0.110 1.042
0.124 1.395 9.000 0.000 0.000 0.010 0.124 1.042
0.138 1.485 9.000 -0.000 0.000 0.010 0.138 1.042
0.154 1.575 9.000 0.000 0.000 0.010 0.154 1.042
0.171 1.665 9.000 -0.000 0.000 0.010 0.171 1.042
0.188 1.755 9.000 0.000 0.000 0.010 0.188 1.042
0.207 1.845 9.000 -0.000 0.000 0.010 0.207 1.042
0.226 1.935 9.000 0.000 0.000 0.010 0.226 1.042
0.246 2.025 9.000 0.000 0.000 0.010 0.246 1.042
0.268 2.115 9.000 -0.000 0.000 0.010 0.268 1.042
0.290 2.205 9.000 0.000 0.000 0.010 0.290 1.042
0.313 2.295 9.000 0.000 0.000 0.010 0.313 1.042
0.336 2.385 9.000 0.000 0.000 0.010 0.336 1.042
0.361 2.475 9.000 -0.000 0.000 0.010 0.361 1.042
0.387 2.565 9.000 -0.000 0.000 0.010 0.387 1.042
0.413 2.655 9.000 0.000 0.000 0.010 0.413 1.042
0.441 2.745 9.000 -0.000 0.000 0.010 0.441 1.042
0.469 2.835 9.000 0.000 0.000 0.010 0.469 1.042
0.498 2.925 9.000 -0.000 0.000 0.010 0.498 1.042
0.529 3.015 9.000 0.000 0.000 0.010 0.529 1.042
0.560 3.105 9.000 -0.000 0.000 0.010 0.560 1.042
0.592 3.195 9.000 -0.000 0.000 0.010 0.592 1.042
0.624 3.285 9.000 -0.000 0.000 0.010 0.624 1.042
0.658 3.375 9.000 0.000 0.000 0.010 0.658 1.042
0.693 3.465 9.000 -0.000 0.000 0.010 0.693 1.042
0.728 3.555 9.000 0.000 0.000 0.010 0.728 1.042
0.765 3.645 9.000 0.000 0.000 0.010 0.765 1.042
0.802 3.735 9.000 0.000 0.000 0.010 0.802 1.042
0.840 3.825 9.000 0.000 0.000 0.010 0.840 1.042
0.880 3.915 9.000 -0.000 0.000 0.010 0.880 1.042
0.920 4.005 9.000 -0.000 0.000 0.010 0.920 1.042
0.961 4.095 9.000 0.000 0.000 0.010 0.961 1.042
1.002 4.185 9.000 -0.000 0.000 0.010 1.002 1.042
1.045 4.275 9.000 -0.000 0.000 0.010 1.045 1.042
1.089 4.365 9.000 0.000 0.000 0.010 1.089 1.042
1.133 4.455 9.000 -0.000 0.000 0.010 1.133 1.042
1.179 4.545 9.000 0.000 0.000 0.010 1.179 1.042
1.225 4.635 9.000 0.000 0.000 0.010 1.225 1.042
1.272 4.725 9.000 -0.000 0.000 0.010 1.272 1.042
1.321 4.815 9.000 0.000 0.000 0.010 1.321 1.042
1.370 4.905 9.000 0.000 0.000 0.010 1.370 1.042
1.420 4.995 9.000 -0.000 0.000 0.010 1.420 1.042
1.470 5.085 9.000 0.000 0.000 0.010 1.470 1.042
1.522 5.175 9.000 -0.000 0.000 0.010 1.522 1.042
1.575 5.265 9.000 0.000 0.000 0.010 1.575 1.042
1.628 5.355 9.000 -0.000 0.000 0.010 1.628 1.042
1.683 5.445 9.000 0.000 0.000 0.010 1.683 1.042
1.738 5.535 9.000 0.000 0.000 0.010 1.738 1.042
1.794 5.625 9.000 -0.000 0.000 0.010 1.794 1.042
1.852 5.715 9.000 0.000 0.000 0.010 1.852 1.042
1.910 5.805 9.000 0.000 0.000 0.010 1.910 1.042
1.969 5.895 9.000 -0.000 0.000 0.010 1.969 1.042
2.028 5.985 9.000 0.000 0.000 0.010 2.028 1.042
2.089 6.075 9.000 -0.000 0.000 0.010 2.089 1.042
2.151 6.165 9.000 0.000 0.000 0.010 2.151 1.042
2.213 6.255 9.000 -0.000 0.000 0.010 2.213 1.042
2.277 6.345 9.000 0.000 0.000 0.010 2.277 1.042
2.341 6.435 9.000 0.000 0.000 0.010 2.341 1.042
2.406 6.525 9.000 -0.000 0.000 0.010 2.406 1.042
2.473 6.615 9.000 0.000 0.000 0.010 2.473 1.042
2.540 6.705 9.000 0.000 0.000 0.010 2.540 1.042
2.608 6.795 9.000 0.000 0.000 0.010 2.608 1.042
2.676 6.885 9.000 -0.000 0.000 0.010 2.676 1.042
2.746 6.975 9.000 0.000 0.000 0.010 2.746 1.042
2.817 7.065 9.000 0.000 0.000 0.010 2.817 1.042
2.888 7.155 9.000 -0.000 0.000 0.010 2.888 1.042
2.961 7.245 9.000 -0.000 0.000 0.010 2.961 1.042
3.034 7.335 9.000 0.000 0.000 0.010 3.034 1.042
3.108 7.425 9.000 0.000 0.000 0.010 3.108 1.042
3.184 7.515 9.000 -0.000 0.000 0.010 3.184 1.042
3.260 7.605 9.000 0.000 0.000 0.010 3.260 1.042
3.337 7.695 9.000 0.000 0.000 0.010 3.337 1.042
3.414 7.785 9.000 -0.000 0.000 0.010 3.414 1.042
3.493 7.875 9.000 -0.000 0.000 0.010 3.493 1.042
3.573 7.965 9.000 0.000 0.000 0.010 3.573 1.042
3.653 8.055 9.000 -0.000 0.000 0.010 3.653 1.042
3.735 8.145 9.000 0.000 0.000 0.010 3.735 1.042
3.817 8.235 9.000 0.000 0.000 0.010 3.817 1.042
3.900 8.325 9.000 -0.000 0.000 0.010 3.900 1.042
3.985 8.412 8.700 -30.000 0.000 0.010 3.985 1.042
4.069 8.493 8.100 -60.000 0.000 0.010 4.069 1.042
4.155 8.568 7.500 -60.000 0.000 0.010 4.155 1.042
4.242 8.637 6.900 -60.000 0.000 0.010 4.242 1.042
4.329 8.700 6.300 -60.000 0.000 0.010 4.329 1.042
4.416 8.757 5.700 -60.000 0.000 0.010 4.416 1.042
4.504 8.808 5.100 -60.000 0.000 0.010 4.504 1.042
4.593 8.853 4.500 -60.000 0.000 0.010 4.593 1.042
4.682 8.892 3.900 -60.000 0.000 0.010 4.682 1.042
4.771 8.925 3.300 -60.000 0.000 0.010 4.771 1.042
4.860 8.952 2.700 -60.000 0.000 0.010 4.860 1.042
4.950 8.973 2.100 -60.000 0.000 0.010 4.950 1.042
5.040 8.988 1.500 -60.000 0.000 0.010 5.040 1.042
5.130 8.997 0.900 -60.000 0.000 0.010 5.130 1.042
5.220 9.000 0.300 -60.000 0.000 0.010 5.220 1.042
5.310 9.000 0.000 -30.000 0.000 0.010 5.310 1.042
5.400 9.000 0.000 0.000 0.000 0.010 5.400 1.042
5.490 9.000 0.000 0.000 0.000 0.010 5.490 1.042
5.580 9.000 0.000 0.000 0.000 0.010 5.580 1.042
5.670 9.000 0.000 0.000 0.000 0.010 5.670 1.042
5.760 9.000 0.000 0.000 0.000 0.010 5.760 1.042
5.850 9.000 -0.000 -0.000 0.000 0.010 5.850 1.042
5.940 9.000 0.000 0.000 0.000 0.010 5.940 1.042
6.030 9.000 0.000 0.000 0.000 0.010 6.030 1.042
6.120 9.000 0.000 0.000 0.000 0.010 6.120 1.042
6.210 9.000 0.000 0.000 0.000 0.010 6.210 1.042
6.300 9.000 0.000 0.000 0.000 0.010 6.300 1.042
6.390 9.000 -0.000 -0.000 0.000 0.010 6.390 1.042
6.480 9.000 0.000 0.000 0.000 0.010 6.480 1.042
6.570 9.000 0.000 0.000 0.000 0.010 6.570 1.042
6.660 9.000 0.000 0.000 0.000 0.010 6.660 1.042
6.750 9.000 0.000 0.000 0.000 0.010 6.750 1.042
6.840 9.000 0.000 0.000 0.000 0.010 6.840 1.042
6.930 9.000 -0.000 -0.000 0.000 0.010 6.930 1.042
7.020 9.000 0.000 0.000 0.000 0.010 7.020 1.042
7.110 9.000 0.000 0.000 0.000 0.010 7.110 1.042
7.200 9.000 0.000 0.000 0.000 0.010 7.200 1.042
7.290 9.000 0.000 0.000 0.000 0.010 7.290 1.042
7.380 9.000 0.000 0.000 0.000 0.010 7.380 1.042
7.470 9.000 -0.000 -0.000 0.000 0.010 7.470 1.042
7.560 9.000 0.000 0.000 0.000 0.010 7.560 1.042
7.650 9.000 0.000 0.000 0.000 0.010 7.650 1.042
7.740 9.000 0.000 0.000 0.000 0.010 7.740 1.042
7.830 9.000 0.000 0.000 0.000 0.010 7.830 1.042
7.920 9.000 0.000 0.000 0.000 0.010 7.920 1.042
8.010 9.000 0.009 0.900 6.283 0.010 8.010 1.042
8.100 9.009 0.878 86.883 6.283 0.010 8.100 1.042
8.190 9.023 1.436 55.796 6.283 0.010 8.190 1.042
8.281 9.037 1.417 -1.847 6.283 0.010 8.281 1.042
8.371 9.051 1.402 -1.558 6.282 0.010 8.371 1.042
8.462 9.065 1.389 -1.281 6.281 0.010 8.462 1.041
8.553 9.079 1.379 -1.015 6.281 0.010 8.553 1.041
8.644 9.093 1.371 -0.759 6.280 0.010 8.644 1.041
8.735 9.106 1.366 -0.511 6.279 0.010 8.735 1.041
8.826 9.120 1.363 -0.268 6.278 0.010 8.826 1.040
8.917 9.134 1.363 -0.033 6.276 0.010 8.917 1.040
9.009 9.147 1.365 0.199 6.275 0.010 9.009 1.039
9.100 9.161 1.369 0.427 6.273 0.010 9.100 1.038
9.192 9.175 1.376 0.653 6.272 0.010 9.192 1.037
9.284 9.189 1.385 0.877 6.270 0.010 9.284 1.036
9.376 9.203 1.396 1.101 6.268 0.010 9.376 1.035
9.468 9.217 1.409 1.325 6.266 0.010 9.468 1.033
9.560 9.231 1.424 1.549 6.264 0.010 9.560 1.031
9.653 9.245 1.442 1.777 6.261 0.010 9.653 1.029
9.745 9.260 1.462 2.006 6.259 0.010 9.745 1.027
9.838 9.275 1.485 2.239 6.256 0.010 9.838 1.025
9.931 9.290 1.509 2.476 6.253 0.010 9.931 1.022
10.024 9.305 1.537 2.720 6.250 0.010 10.024 1.019
10.117 9.321 1.566 2.968 6.247 0.010 10.117 1.016
10.211 9.337 1.598 3.223 6.244 0.010 10.210 1.013
10.304 9.353 1.633 3.485 6.241 0.010 10.304 1.009
10.398 9.370 1.671 3.757 6.237 0.010 10.397 1.005
10.492 9.387 1.711 4.036 6.233 0.010 10.491 1.000
10.586 9.405 1.755 4.327 6.230 0.010 10.585 0.995
10.680 9.423 1.801 4.627 6.225 0.010 10.679 0.990
10.775 9.441 1.850 4.941 6.221 0.010 10.773 0.984
10.869 9.460 1.903 5.265 6.217 0.010 10.868 0.978
10.964 9.480 1.959 5.603 6.212 0.010 10.962 0.972
11.059 9.500 2.018 5.956 6.207 0.010 11.057 0.965
11.154 9.521 2.082 6.324 6.202 0.010 11.152 0.957
11.250 9.542 2.149 6.707 6.197 0.010 11.247 0.950
11.345 9.564 2.220 7.107 6.192 0.010 11.342 0.941
11.441 9.587 2.295 7.524 6.186 0.010 11.438 0.932
11.537 9.611 2.375 7.961 6.180 0.010 11.534 0.922
11.634 9.636 2.459 8.415 6.174 0.010 11.629 0.912
11.730 9.661 2.548 8.888 6.168 0.010 11.725 0.901
11.827 9.688 2.642 9.382 6.161 0.010 11.822 0.890
11.924 9.715 2.740 9.895 6.154 0.010 11.918 0.878
12.022 9.744 2.845 10.429 6.147 0.010 12.015 0.865
12.119 9.773 2.955 10.980 6.140 0.010 12.111 0.851
12.217 9.804 3.070 11.552 6.132 0.010 12.208 0.837
12.316 9.836 3.192 12.143 6.124 0.010 12.305 0.822
12.414 9.869 3.319 12.747 6.116 0.010 12.403 0.806
12.513 9.903 3.453 13.368 6.107 0.010 12.500 0.789
12.613 9.939 3.593 14.001 6.098 0.010 12.598 0.771
12.713 9.977 3.739 14.639 6.089 0.010 12.696 0.752
12.813 10.016 3.892 15.282 6.079 0.010 12.794 0.732
12.913 10.056 4.051 15.923 6.069 0.010 12.893 0.711
13.014 10.098 4.217 16.550 6.058 0.010 12.991 0.689
13.116 10.142 4.388 17.160 6.047 0.010 13.090 0.666
13.218 10.188 4.566 17.741 6.036 0.010 13.189 0.642
13.320 10.235 4.748 18.275 6.024 0.010 13.288 0.616
13.423 10.285 4.936 18.752 6.012 0.010 13.387 0.589
13.526 10.336 5.127 19.151 5.999 0.010 13.487 0.561
13.630 10.389 5.322 19.453 5.985 0.010 13.586 0.531
13.735 10.444 5.518 19.625 5.972 0.010 13.686 0.500
13.840 10.502 5.715 19.650 5.957 0.010 13.786 0.467
13.945 10.561 5.910 19.490 5.942 0.010 13.885 0.432
14.051 10.622 6.101 19.106 5.927 0.010 13.985 0.396
14.158 10.684 6.285 18.462 5.910 0.010 14.085 0.358
14.266 10.749 6.460 17.517 5.894 0.010 14.185 0.318
14.374 10.815 6.623 16.217 5.876 0.010 14.284 0.276
14.483 10.883 6.768 14.525 5.858 0.010 14.384 0.232
14.592 10.952 6.892 12.381 5.839 0.010 14.483 0.186
14.702 11.022 6.989 9.750 5.820 0.010 14.582 0.138
14.813 11.092 7.055 6.579 5.800 0.010 14.681 0.087
14.925 11.163 7.083 2.843 5.779 0.010 14.779 0.034
15.037 11.234 7.069 -1.490 5.758 0.010 14.877 -0.021
15.150 11.304 7.004 -6.426 5.736 0.010 14.974 -0.079
15.264 11.373 6.885 -11.953 5.713 0.010 15.071 -0.139
15.378 11.440 6.704 -18.039 5.689 0.010 15.166 -0.202
15.494 11.504 6.458 -24.618 5.665 0.010 15.261 -0.268
15.609 11.566 6.142 -31.601 5.641 0.010 15.354 -0.336
15.725 11.623 5.754 -38.854 5.616 0.010 15.447 -0.406
15.842 11.676 5.291 -46.226 5.590 0.010 15.537 -0.480
15.959 11.724 4.756 -53.522 5.564 0.010 15.627 -0.556
16.077 11.765 4.151 -60.533 5.537 0.010 15.714 -0.635
16.195 11.800 3.480 -67.036 5.510 0.010 15.800 -0.716
16.313 11.828 2.752 -72.798 5.483 0.010 15.883 -0.800
16.432 11.847 1.976 -77.606 5.456 0.010 15.965 -0.886
16.550 11.859 1.164 -81.268 5.428 0.010 16.044 -0.974
16.669 11.862 0.327 -83.631 5.401 0.010 16.120 -1.065
16.788 11.857 -0.519 -84.594 5.373 0.010 16.194 -1.157
16.906 11.844 -1.360 -84.114 5.346 0.010 16.266 -1.252
17.024 11.822 -2.182 -82.211 5.319 0.010 16.334 -1.348
17.142 11.792 -2.971 -78.963 5.292 0.010 16.400 -1.446
17.260 11.755 -3.716 -74.507 5.266 0.010 16.463 -1.545
17.377 11.711 -4.407 -69.019 5.240 0.010 16.524 -1.645
17.493 11.660 -5.034 -62.708 5.214 0.010 16.581 -1.747
17.609 11.605 -5.592 -55.803 5.189 0.010 16.636 -1.849
17.725 11.544 -6.077 -48.530 5.165 0.010 16.687 -1.953
17.840 11.479 -6.488 -41.109 5.141 0.010 16.736 -2.056
17.954 11.411 -6.826 -33.739 5.118 0.010 16.782 -2.161
18.067 11.340 -7.091 -26.593 5.095 0.010 16.826 -2.265
18.180 11.267 -7.290 -19.808 5.074 0.010 16.867 -2.370
18.292 11.193 -7.424 -13.495 5.053 0.010 16.905 -2.476
18.403 11.118 -7.502 -7.724 5.032 0.010 16.941 -2.581
18.513 11.042 -7.527 -2.545 5.013 0.010 16.975 -2.686
18.623 10.967 -7.507 2.027 4.994 0.010 17.007 -2.791
18.732 10.893 -7.447 5.993 4.976 0.010 17.036 -2.896
18.840 10.819 -7.353 9.371 4.958 0.010 17.063 -3.001
18.948 10.747 -7.231 12.195 4.941 0.010 17.088 -3.105
19.054 10.676 -7.086 14.504 4.925 0.010 17.112 -3.209
19.160 10.607 -6.923 16.346 4.910 0.010 17.133 -3.313
19.266 10.539 -6.745 17.768 4.895 0.010 17.153 -3.417
19.371 10.474 -6.557 18.819 4.881 0.010 17.171 -3.520
19.475 10.410 -6.361 19.548 4.867 0.010 17.188 -3.622
19.578 10.349 -6.162 19.997 4.854 0.010 17.204 -3.725
19.681 10.289 -5.959 20.211 4.842 0.010 17.217 -3.827
19.783 10.231 -5.757 20.226 4.830 0.010 17.230 -3.928
19.885 10.176 -5.556 20.078 4.819 0.010 17.241 -4.029
19.986 10.122 -5.358 19.795 4.808 0.010 17.252 -4.130
20.087 10.071 -5.164 19.405 4.798 0.010 17.261 -4.230
20.187 10.021 -4.975 18.932 4.788 0.010 17.269 -4.330
20.287 9.973 -4.791 18.394 4.779 0.010 17.276 -4.430
20.386 9.927 -4.613 17.809 4.770 0.010 17.282 -4.529
20.485 9.882 -4.441 17.191 4.761 0.010 17.287 -4.627
20.584 9.840 -4.276 16.552 4.753 0.010 17.292 -4.726
20.682 9.798 -4.117 15.901 4.746 0.010 17.295 -4.824
20.779 9.759 -3.964 15.248 4.738 0.010 17.298 -4.921
20.876 9.721 -3.818 14.597 4.731 0.010 17.300 -5.018
20.973 9.684 -3.679 13.956 4.725 0.010 17.302 -5.115
21.070 9.648 -3.545 13.328 4.719 0.010 17.303 -5.212
21.166 9.614 -3.418 12.716 4.713 0.010 17.303 -5.308
21.262 9.581 -3.297 12.122 4.707 0.010 17.303 -5.404
21.357 9.549 -3.181 11.550 4.702 0.010 17.302 -5.499
21.452 9.519 -3.071 10.999 4.697 0.010 17.301 -5.594
21.547 9.489 -2.967 10.471 4.692 0.010 17.299 -5.689
21.642 9.460 -2.867 9.967 4.688 0.010 17.297 -5.784
21.736 9.433 -2.772 9.486 4.684 0.010 17.295 -5.878
21.830 9.406 -2.682 9.029 4.680 0.010 17.292 -5.972
21.924 9.380 -2.596 8.594 4.676 0.010 17.288 -6.066
22.017 9.355 -2.514 8.184 4.673 0.010 17.285 -6.159
22.111 9.330 -2.436 7.796 4.669 0.010 17.281 -6.253
22.204 9.307 -2.362 7.430 4.667 0.010 17.277 -6.346
22.297 9.284 -2.291 7.086 4.664 0.010 17.272 -6.438
22.389 9.262 -2.223 6.764 4.661 0.010 17.268 -6.531
22.482 9.240 -2.159 6.462 4.659 0.010 17.263 -6.623
22.574 9.219 -2.097 6.181 4.657 0.010 17.258 -6.715
22.666 9.199 -2.038 5.918 4.655 0.010 17.253 -6.807
22.758 9.179 -1.981 5.676 4.653 0.010 17.247 -6.899
22.849 9.160 -1.926 5.452 4.652 0.010 17.242 -6.990
22.941 9.141 -1.874 5.246 4.650 0.010 17.236 -7.081
23.032 9.123 -1.823 5.058 4.649 0.010 17.231 -7.172
23.123 9.105 -1.775 4.887 4.648 0.010 17.225 -7.263
23.214 9.088 -1.727 4.734 4.647 0.010 17.219 -7.354
23.305 9.071 -1.681 4.597 4.647 0.010 17.213 -7.444
23.395 9.054 -1.636 4.477 4.646 0.010 17.207 -7.535
23.485 9.039 -1.593 4.373 4.646 0.010 17.201 -7.625
23.576 9.023 -1.550 4.285 4.646 0.010 17.195 -7.715
23.666 9.008 -1.508 4.212 4.645 0.010 17.189 -7.805
23.756 8.993 -1.466 4.156 4.646 0.010 17.183 -7.895
23.846 8.979 -1.425 4.115 4.646 0.010 17.177 -7.984
23.935 8.965 -1.384 4.090 4.646 0.010 17.171 -8.074
24.025 8.952 -1.343 4.080 4.647 0.010 17.165 -8.163
24.114 8.939 -1.303 4.086 4.647 0.010 17.159 -8.252
24.203 8.926 -1.261 4.108 4.648 0.010 17.154 -8.341
24.292 8.914 -1.220 4.145 4.649 0.010 17.148 -8.430
24.381 8.902 -1.178 4.197 4.650 0.010 17.142 -8.519
24.470 8.891 -1.135 4.266 4.651 0.010 17.137 -8.608
24.559 8.880 -1.092 4.349 4.652 0.010 17.131 -8.696
24.648 8.869 -1.047 4.449 4.653 0.010 17.126 -8.785
24.736 8.859 -1.002 4.564 4.654 0.010 17.121 -8.873
24.825 8.850 -0.955 4.695 4.656 0.010 17.116 -8.962
24.913 8.841 -0.906 4.841 4.657 0.010 17.111 -9.050
25.002 8.832 -0.856 5.004 4.659 0.010 17.106 -9.138
25.090 8.824 -0.805 5.181 4.661 0.010 17.101 -9.226
25.178 8.817 -0.751 5.374 4.662 0.010 17.097 -9.314
25.266 8.810 -0.695 5.582 4.664 0.010 17.093 -9.402
25.354 8.803 -0.637 5.805 4.666 0.010 17.088 -9.490
25.442 8.798 -0.576 6.042 4.668 0.010 17.084 -9.578
25.530 8.792 -0.514 6.294 4.670 0.010 17.081 -9.666
25.618 8.788 -0.448 6.558 4.672 0.010 17.077 -9.754
25.706 8.784 -0.380 6.836 4.674 0.010 17.074 -9.842
25.794 8.781 -0.308 7.126 4.676 0.010 17.070 -9.929
25.881 8.779 -0.234 7.426 4.678 0.010 17.067 -10.017
25.969 8.777 -0.157 7.737 4.681 0.010 17.064 -10.105
26.057 8.776 -0.076 8.057 4.683 0.010 17.062 -10.192
26.145 8.776 0.008 8.383 4.685 0.010 17.059 -10.280
26.233 8.777 0.095 8.716 4.687 0.010 17.057 -10.368
26.320 8.779 0.185 9.053 4.689 0.010 17.055 -10.456
26.408 8.782 0.279 9.392 4.691 0.010 17.053 -10.543
26.496 8.786 0.377 9.731 4.693 0.010 17.051 -10.631
26.584 8.791 0.477 10.068 4.695 0.010 17.049 -10.719
26.672 8.796 0.581 10.399 4.697 0.010 17.048 -10.807
26.760 8.803 0.688 10.724 4.699 0.010 17.047 -10.895
26.848 8.808 0.510 -17.879 4.701 0.010 17.046 -10.983
26.936 8.809 0.038 -47.123 4.703 0.010 17.045 -11.071
27.024 8.804 -0.438 -47.620 4.704 0.010 17.044 -11.159
27.112 8.795 -0.915 -47.749 4.706 0.010 17.043 -11.247
27.200 8.781 -1.395 -47.983 4.707 0.010 17.043 -11.335
27.288 8.763 -1.878 -48.327 4.708 0.010 17.042 -11.423
27.375 8.739 -2.366 -48.783 4.710 0.010 17.042 -11.510
27.462 8.710 -2.860 -49.353 4.710 0.010 17.042 -11.597
27.549 8.677 -3.360 -50.039 4.711 0.010 17.042 -11.684
27.635 8.638 -3.868 -50.839 4.712 0.010 17.042 -11.770
27.721 8.594 -4.386 -51.749 4.712 0.010 17.042 -11.856
27.807 8.545 -4.914 -52.766 4.713 0.010 17.042 -11.942
27.891 8.449 -9.614 -470.001 4.713 0.010 17.042 -12.026
27.970 7.853 -59.592 -4997.793 4.718 0.010 17.042 -12.105
28.043 7.350 -50.252 933.911 4.728 0.010 17.043 -12.178
28.114 7.116 -23.477 2677.578 4.738 0.010 17.044 -12.249
28.185 7.100 -1.560 2191.710 4.749 0.010 17.046 -12.320
28.258 7.256 15.625 1718.424 4.756 0.010 17.049 -12.393
28.333 7.544 28.806 1318.176 4.760 0.010 17.053 -12.468
28.413 7.933 38.837 1003.032 4.760 0.010 17.057 -12.548
28.497 8.398 46.519 768.254 4.754 0.010 17.060 -12.631
28.586 8.923 52.493 597.349 4.742 0.010 17.064 -12.721
28.681 9.494 57.154 466.116 4.724 0.010 17.066 -12.816
28.782 10.100 60.608 345.431 4.699 0.010 17.065 -12.917
28.889 10.727 62.641 203.305 4.667 0.010 17.062 -13.024
29.003 11.354 62.720 7.901 4.629 0.010 17.055 -13.137
29.122 11.955 60.058 -266.257 4.584 0.010 17.043 -13.256
29.247 12.492 53.783 -627.467 4.532 0.010 17.023 -13.379
29.376 12.925 43.250 -1053.322 4.476 0.010 16.997 -13.506
29.508 13.209 28.427 -1482.331 4.416 0.010 16.962 -13.633
29.641 13.311 10.201 -1822.582 4.355 0.010 16.919 -13.759
29.774 13.215 -9.634 -1983.442 4.293 0.010 16.869 -13.882
29.903 12.927 -28.813 -1917.934 4.233 0.010 16.813 -13.998
30.028 12.474 -45.293 -1647.993 4.177 0.010 16.752 -14.107
30.147 11.896 -57.825 -1253.231 4.125 0.010 16.689 -14.208
30.259 11.234 -66.148 -832.277 4.079 0.010 16.625 -14.300
30.364 10.526 -70.794 -464.615 4.039 0.010 16.561 -14.383
30.462 9.799 -72.725 -193.092 4.005 0.010 16.498 -14.459
30.553 9.069 -72.999 -27.401 3.977 0.010 16.438 -14.527
30.636 8.343 -72.573 42.607 3.956 0.010 16.382 -14.588
30.712 7.621 -72.234 33.875 3.940 0.010 16.329 -14.643
30.781 6.895 -72.618 -38.391 3.930 0.010 16.281 -14.692
30.843 6.152 -74.267 -164.887 3.927 0.010 16.237 -14.736
30.899 5.576 -57.552 1671.479 3.928 0.010 16.198 -14.775
30.951 5.272 -30.470 2708.222 3.932 0.010 16.161 -14.813
31.002 5.066 -20.560 991.036 3.936 0.010 16.125 -14.849
31.052 4.943 -12.274 828.588 3.941 0.010 16.090 -14.884
31.100 4.889 -5.486 678.745 3.946 0.010 16.056 -14.919
31.149 4.888 -0.041 544.530 3.949 0.010 16.023 -14.955
31.199 4.930 4.232 427.345 3.952 0.010 15.989 -14.990
31.249 5.006 7.504 327.117 3.952 0.010 15.954 -15.027
31.300 5.105 9.930 242.685 3.951 0.010 15.919 -15.064
31.352 5.221 11.652 172.160 3.948 0.010 15.883 -15.101
31.405 5.349 12.784 113.249 3.943 0.010 15.846 -15.140
31.460 5.483 13.420 63.535 3.936 0.010 15.807 -15.179
31.516 5.620 13.627 20.699 3.926 0.010 15.768 -15.219
31.574 5.754 13.454 -17.320 3.915 0.010 15.727 -15.259
31.633 5.884 12.932 -52.208 3.901 0.010 15.685 -15.300
31.693 6.004 12.080 -85.193 3.885 0.010 15.641 -15.341
31.754 6.113 10.910 -116.992 3.868 0.010 15.595 -15.382
31.816 6.208 9.432 -147.798 3.848 0.010 15.549 -15.423
31.879 6.284 7.659 -177.286 3.827 0.010 15.500 -15.463
31.942 6.340 5.612 -204.677 3.805 0.010 15.451 -15.503
32.006 6.374 3.324 -228.851 3.781 0.010 15.400 -15.542
32.070 6.382 0.839 -248.507 3.757 0.010 15.348 -15.579
32.134 6.364 -1.785 -262.363 3.732 0.010 15.296 -15.615
32.197 6.319 -4.479 -269.370 3.706 0.010 15.243 -15.650
32.259 6.248 -7.168 -268.895 3.680 0.010 15.190 -15.682
32.321 6.150 -9.776 -260.845 3.654 0.010 15.137 -15.713
32.381 6.028 -12.233 -245.706 3.629 0.010 15.084 -15.742
32.440 5.883 -14.478 -224.490 3.604 0.010 15.031 -15.769
32.497 5.718 -16.464 -198.595 3.580 0.010 14.980 -15.794
32.552 5.537 -18.160 -169.631 3.556 0.010 14.930 -15.817
32.606 5.341 -19.553 -139.232 3.534 0.010 14.880 -15.838
32.657 5.135 -20.642 -108.887 3.513 0.010 14.833 -15.857
32.706 4.920 -21.440 -79.833 3.493 0.010 14.787 -15.874
32.753 4.701 -21.970 -52.992 3.474 0.010 14.743 -15.890
32.798 4.478 -22.259 -28.960 3.457 0.010 14.700 -15.904
32.841 4.255 -22.340 -8.039 3.440 0.010 14.660 -15.917
32.881 4.032 -22.243 9.710 3.426 0.010 14.621 -15.929
32.919 3.812 -21.999 24.409 3.412 0.010 14.584 -15.939
32.955 3.596 -21.636 36.299 3.399 0.010 14.549 -15.949
32.989 3.384 -21.179 45.690 3.388 0.010 14.517 -15.957
33.021 3.178 -20.650 52.917 3.378 0.010 14.486 -15.965
33.050 2.977 -20.066 58.314 3.369 0.010 14.457 -15.972
33.078 2.782 -19.445 62.189 3.361 0.010 14.430 -15.978
33.104 2.594 -18.796 64.815 3.353 0.010 14.404 -15.983
33.128 2.413 -18.132 66.424 3.347 0.010 14.381 -15.988
33.151 2.239 -17.460 67.205 3.342 0.010 14.359 -15.993
33.171 2.071 -16.787 67.310 3.337 0.010 14.339 -15.997
33.191 1.909 -16.119 66.851 3.333 0.010 14.320 -16.000
33.208 1.755 -15.459 65.912 3.329 0.010 14.303 -16.004
33.224 1.607 -14.814 64.548 3.327 0.010 14.287 -16.007
33.239 1.465 -14.186 62.795 3.324 0.010 14.272 -16.009
33.252 1.329 -13.579 60.673 3.322 0.010 14.259 -16.012
33.264 1.199 -12.997 58.192 3.321 0.010 14.248 -16.014
33.275 1.075 -12.444 55.353 3.319 0.010 14.237 -16.016
33.284 0.955 -11.922 52.156 3.318 0.010 14.228 -16.018
33.293 0.841 -11.436 48.601 3.318 0.010 14.219 -16.019
33.300 0.731 -10.989 44.689 3.317 0.010 14.212 -16.020
33.306 0.628 -10.272 71.705 3.317 0.010 14.206 -16.021
33.312 0.535 -9.301 97.141 3.317 0.010 14.201 -16.022
33.316 0.452 -8.394 90.679 3.316 0.010 14.196 -16.023
33.320 0.376 -7.549 84.504 3.316 0.010 14.192 -16.024
33.323 0.308 -6.758 79.133 3.316 0.010 14.189 -16.024
33.326 0.248 -6.012 74.549 3.316 0.010 14.187 -16.025
33.328 0.195 -5.305 70.721 3.316 0.010 14.185 -16.025
33.329 0.149 -4.629 67.605 3.316 0.010 14.184 -16.025
33.330 0.109 -3.978 65.143 3.316 0.010 14.183 -16.026
33.331 0.076 -3.345 63.272 3.316 0.010 14.182 -16.026
33.331 0.049 -2.726 61.918 3.316 0.010 14.181 -16.026
33.332 0.027 -2.116 61.001 3.316 0.010 14.181 -16.026
33.332 0.012 -1.511 60.437 3.316 0.010 14.181 -16.026
33.332 0.003 -0.910 60.142 3.316 0.010 14.181 -16.026
33.332 0.000 -0.310 60.026 3.316 0.010 14.181 -16.026
33.332 0.000 -0.005 30.480 3.316 0.010 14.181 -16.026
0.000 0.006 0.600 60.000 0.000 0.010 0.000 -1.042
0.000 0.012 0.600 0.000 0.000 0.010 0.000 -1.042
0.000 0.027 1.500 90.000 0.000 0.010 0.000 -1.042
0.001 0.048 2.100 60.000 0.000 0.010 0.001 -1.042
0.002 0.075 2.700 60.000 0.000 0.010 0.002 -1.042
0.003 0.108 3.300 60.000 0.000 0.010 0.003 -1.042
0.004 0.147 3.900 60.000 0.000 0.010 0.004 -1.042
0.006 0.192 4.500 60.000 0.000 0.010 0.006 -1.042
0.009 0.243 5.100 60.000 0.000 0.010 0.009 -1.042
0.012 0.300 5.700 60.000 0.000 0.010 0.012 -1.042
0.015 0.363 6.300 60.000 0.000 0.010 0.015 -1.042
0.019 0.432 6.900 60.000 0.000 0.010 0.019 -1.042
0.025 0.507 7.500 60.000 0.000 0.010 0.025 -1.042
0.030 0.588 8.100 60.000 0.000 0.010 0.030 -1.042
0.037 0.675 8.700 60.000 0.000 0.010 0.037 -1.042
0.045 0.765 9.000 30.000 0.000 0.010 0.045 -1.042
0.053 0.855 9.000 -0.000 0.000 0.010 0.053 -1.042
0.063 0.945 9.000 0.000 0.000 0.010 0.063 -1.042
0.073 1.035 9.000 -0.000 0.000 0.010 0.073 -1.042
0.084 1.125 9.000 0.000 0.000 0.010 0.084 -1.042
0.097 1.215 9.000 0.000 0.000 0.010 0.097 -1.042
0.110 1.305 9.000 -0.000 0.000 0.010 0.110 -1.042
0.124 1.395 9.000 0.000 0.000 0.010 0.124 -1.042
0.138 1.485 9.000 -0.000 0.000 0.010 0.138 -1.042
0.154 1.575 9.000 0.000 0.000 0.010 0.154 -1.042
0.171 1.665 9.000 -0.000 0.000 0.010 0.171 -1.042
0.188 1.755 9.000 0.000 0.000 0.010 0.188 -1.042
0.207 1.845 9.000 -0.000 0.000 0.010 0.207 -1.042
0.226 1.935 9.000 0.000 0.000 0.010 0.226 -1.042
0.246 2.025 9.000 0.000 0.000 0.010 0.246 -1.042
0.268 2.115 9.000 -0.000 0.000 0.010 0.268 -1.042
0.290 2.205 9.000 0.000 0.000 0.010 0.290 -1.042
0.313 2.295 9.000 0.000 0.000 0.010 0.313 -1.042
0.336 2.385 9.000 0.000 0.000 0.010 0.336 -1.042
0.361 2.475 9.000 -0.000 0.000 0.010 0.361 -1.042
0.387 2.565 9.000 -0.000 0.000 0.010 0.387 -1.042
0.413 2.655 9.000 0.000 0.000 0.010 0.413 -1.042
0.441 2.745 9.000 -0.000 0.000 0.010 0.441 -1.042
0.469 2.835 9.000 0.000 0.000 0.010 0.469 -1.042
0.498 2.925 9.000 -0.000 0.000 0.010 0.498 -1.042
0.529 3.015 9.000 0.000 0.000 0.010 0.529 -1.042
0.560 3.105 9.000 -0.000 0.000 0.010 0.560 -1.042
0.592 3.195 9.000 -0.000 0.000 0.010 0.592 -1.042
0.624 3.285 9.000 -0.000 0.000 0.010 0.624 -1.042
0.658 3.375 9.000 0.000 0.000 0.010 0.658 -1.042
0.693 3.465 9.000 -0.000 0.000 0.010 0.693 -1.042
0.728 3.555 9.000 0.000 0.000 0.010 0.728 -1.042
0.765 3.645 9.000 0.000 0.000 0.010 0.765 -1.042
0.802 3.735 9.000 0.000 0.000 0.010 0.802 -1.042
0.840 3.825 9.000 0.000 0.000 0.010 0.840 -1.042
0.880 3.915 9.000 -0.000 0.000 0.010 0.880 -1.042
0.920 4.005 9.000 -0.000 0.000 0.010 0.920 -1.042
0.961 4.095 9.000 0.000 0.000 0.010 0.961 -1.042
1.002 4.185 9.000 -0.000 0.000 0.010 1.002 -1.042
1.045 4.275 9.000 -0.000 0.000 0.010 1.045 -1.042
1.089 4.365 9.000 0.000 0.000 0.010 1.089 -1.042
1.133 4.455 9.000 -0.000 0.000 0.010 1.133 -1.042
1.179 4.545 9.000 0.000 0.000 0.010 1.179 -1.042
1.225 4.635 9.000 0.000 0.000 0.010 1.225 -1.042
1.272 4.725 9.000 -0.000 0.000 0.010 1.272 -1.042
1.321 4.815 9.000 0.000 0.000 0.010 1.321 -1.042
1.370 4.905 9.000 0.000 0.000 0.010 1.370 -1.042
1.420 4.995 9.000 -0.000 0.000 0.010 1.420 -1.042
1.470 5.085 9.000 0.000 0.000 0.010 1.470 -1.042
1.522 5.175 9.000 -0.000 0.000 0.010 1.522 -1.042
1.575 5.265 9.000 0.000 0.000 0.010 1.575 -1.042
1.628 5.355 9.000 -0.000 0.000 0.010 1.628 -1.042
1.683 5.445 9.000 0.000 0.000 0.010 1.683 -1.042
1.738 5.535 9.000 0.000 0.000 0.010 1.738 -1.042
1.794 5.625 9.000 -0.000 0.000 0.010 1.794 -1.042
1.852 5.715 9.000 0.000 0.000 0.010 1.852 -1.042
1.910 5.805 9.000 0.000 0.000 0.010 1.910 -1.042
1.969 5.895 9.000 -0.000 0.000 0.010 1.969 -1.042
2.028 5.985 9.000 0.000 0.000 0.010 2.028 -1.042
2.089 6.075 9.000 -0.000 0.000 0.010 2.089 -1.042
2.151 6.165 9.000 0.000 0.000 0.010 2.151 -1.042
2.213 6.255 9.000 -0.000 0.000 0.010 2.213 -1.042
2.277 6.345 9.000 0.000 0.000 0.010 2.277 -1.042
2.341 6.435 9.000 0.000 0.000 0.010 2.341 -1.042
2.406 6.525 9.000 -0.000 0.000 0.010 2.406 -1.042
2.473 6.615 9.000 0.000 0.000 0.010 2.473 -1.042
2.540 6.705 9.000 0.000 0.000 0.010 2.540 -1.042
2.608 6.795 9.000 0.000 0.000 0.010 2.608 -1.042
2.676 6.885 9.000 -0.000 0.000 0.010 2.676 -1.042
2.746 6.975 9.000 0.000 0.000 0.010 2.746 -1.042
2.817 7.065 9.000 0.000 0.000 0.010 2.817 -1.042
2.888 7.155 9.000 -0.000 0.000 0.010 2.888 -1.042
2.961 7.245 9.000 -0.000 0.000 0.010 2.961 -1.042
3.034 7.335 9.000 0.000 0.000 0.010 3.034 -1.042
3.108 7.425 9.000 0.000 0.000 0.010 3.108 -1.042
3.184 7.515 9.000 -0.000 0.000 0.010 3.184 -1.042
3.260 7.605 9.000 0.000 0.000 0.010 3.260 -1.042
3.337 7.695 9.000 0.000 0.000 0.010 3.337 -1.042
3.414 7.785 9.000 -0.000 0.000 0.010 3.414 -1.042
3.493 7.875 9.000 -0.000 0.000 0.010 3.493 -1.042
3.573 7.965 9.000 0.000 0.000 0.010 3.573 -1.042
3.653 8.055 9.000 -0.000 0.000 0.010 3.653 -1.042
3.735 8.145 9.000 0.000 0.000 0.010 3.735 -1.042
3.817 8.235 9.000 0.000 0.000 0.010 3.817 -1.042
3.900 8.325 9.000 -0.000 0.000 0.010 3.900 -1.042
3.985 8.412 8.700 -30.000 0.000 0.010 3.985 -1.042
4.069 8.493 8.100 -60.000 0.000 0.010 4.069 -1.042
4.155 8.568 7.500 -60.000 0.000 0.010 4.155 -1.042
4.242 8.637 6.900 -60.000 0.000 0.010 4.242 -1.042
4.329 8.700 6.300 -60.000 0.000 0.010 4.329 -1.042
4.416 8.757 5.700 -60.000 0.000 0.010 4.416 -1.042
4.504 8.808 5.100 -60.000 0.000 0.010 4.504 -1.042
4.593 8.853 4.500 -60.000 0.000 0.010 4.593 -1.042
4.682 8.892 3.900 -60.000 0.000 0.010 4.682 -1.042
4.771 8.925 3.300 -60.000 0.000 0.010 4.771 -1.042
4.860 8.952 2.700 -60.000 0.000 0.010 4.860 -1.042
4.950 8.973 2.100 -60.000 0.000 0.010 4.950 -1.042
5.040 8.988 1.500 -60.000 0.000 0.010 5.040 -1.042
5.130 8.997 0.900 -60.000 0.000 0.010 5.130 -1.042
5.220 9.000 0.300 -60.000 0.000 0.010 5.220 -1.042
5.310 9.000 0.000 -30.000 0.000 0.010 5.310 -1.042
5.400 9.000 0.000 0.000 0.000 0.010 5.400 -1.042
5.490 9.000 0.000 0.000 0.000 0.010 5.490 -1.042
5.580 9.000 0.000 0.000 0.000 0.010 5.580 -1.042
5.670 9.000 0.000 0.000 0.000 0.010 5.670 -1.042
5.760 9.000 0.000 0.000 0.000 0.010 5.760 -1.042
5.850 9.000 -0.000 -0.000 0.000 0.010 5.850 -1.042
5.940 9.000 0.000 0.000 0.000 0.010 5.940 -1.042
6.030 9.000 0.000 0.000 0.000 0.010 6.030 -1.042
6.120 9.000 0.000 0.000 0.000 0.010 6.120 -1.042
6.210 9.000 0.000 0.000 0.000 0.010 6.210 -1.042
6.300 9.000 0.000 0.000 0.000 0.010 6.300 -1.042
6.390 9.000 -0.000 -0.000 0.000 0.010 6.390 -1.042
6.480 9.000 0.000 0.000 0.000 0.010 6.480 -1.042
6.570 9.000 0.000 0.000 0.000 0.010 6.570 -1.042
6.660 9.000 0.000 0.000 0.000 0.010 6.660 -1.042
6.750 9.000 0.000 0.000 0.000 0.010 6.750 -1.042
6.840 9.000 0.000 0.000 0.000 0.010 6.840 -1.042
6.930 9.000 -0.000 -0.000 0.000 0.010 6.930 -1.042
7.020 9.000 0.000 0.000 0.000 0.010 7.020 -1.042
7.110 9.000 0.000 0.000 0.000 0.010 7.110 -1.042
7.200 9.000 0.000 0.000 0.000 0.010 7.200 -1.042
7.290 9.000 0.000 0.000 0.000 0.010 7.290 -1.042
7.380 9.000 0.000 0.000 0.000 0.010 7.380 -1.042
7.470 9.000 -0.000 -0.000 0.000 0.010 7.470 -1.042
7.560 9.000 0.000 0.000 0.000 0.010 7.560 -1.042
7.650 9.000 0.000 0.000 0.000 0.010 7.650 -1.042
7.740 9.000 0.000 0.000 0.000 0.010 7.740 -1.042
7.830 9.000 0.000 0.000 0.000 0.010 7.830 -1.042
7.920 9.000 0.000 0.000 0.000 0.010 7.920 -1.042
8.010 9.000 -0.009 -0.900 6.283 0.010 8.010 -1.042
8.100 8.991 -0.878 -86.883 6.283 0.010 8.100 -1.042
8.190 8.977 -1.436 -55.797 6.283 0.010 8.190 -1.042
8.279 8.963 -1.417 1.846 6.283 0.010 8.279 -1.042
8.369 8.949 -1.402 1.557 6.282 0.010 8.369 -1.042
8.458 8.935 -1.389 1.281 6.281 0.010 8.458 -1.042
8.547 8.921 -1.379 1.015 6.281 0.010 8.547 -1.042
8.636 8.907 -1.371 0.759 6.280 0.010 8.636 -1.042
8.725 8.894 -1.366 0.510 6.279 0.010 8.725 -1.043
8.814 8.880 -1.363 0.269 6.278 0.010 8.814 -1.043
8.903 8.866 -1.363 0.032 6.276 0.010 8.903 -1.044
8.991 8.853 -1.365 -0.199 6.275 0.010 8.991 -1.044
9.080 8.839 -1.369 -0.428 6.273 0.010 9.080 -1.045
9.168 8.825 -1.376 -0.653 6.272 0.010 9.168 -1.046
9.256 8.811 -1.385 -0.878 6.270 0.010 9.256 -1.047
9.344 8.797 -1.396 -1.101 6.268 0.010 9.344 -1.049
9.432 8.783 -1.409 -1.325 6.266 0.010 9.432 -1.050
9.520 8.769 -1.424 -1.551 6.264 0.010 9.520 -1.052
9.607 8.755 -1.442 -1.777 6.261 0.010 9.607 -1.053
9.695 8.740 -1.462 -2.006 6.259 0.010 9.694 -1.055
9.782 8.725 -1.485 -2.240 6.256 0.010 9.782 -1.058
9.869 8.710 -1.509 -2.477 6.253 0.010 9.869 -1.060
9.956 8.695 -1.537 -2.719 6.250 0.010 9.956 -1.063
10.043 8.679 -1.566 -2.968 6.247 0.010 10.042 -1.066
10.129 8.663 -1.599 -3.223 6.244 0.010 10.129 -1.069
10.216 8.647 -1.633 -3.486 6.241 0.010 10.215 -1.073
10.302 8.630 -1.671 -3.757 6.237 0.010 10.302 -1.076
10.388 8.613 -1.711 -4.038 6.233 0.010 10.388 -1.081
10.474 8.595 -1.755 -4.327 6.230 0.010 10.473 -1.085
10.560 8.577 -1.801 -4.629 6.225 0.010 10.559 -1.090
10.645 8.559 -1.850 -4.940 6.221 0.010 10.644 -1.095
10.731 8.540 -1.903 -5.266 6.217 0.010 10.730 -1.100
10.816 8.520 -1.959 -5.604 6.212 0.010 10.815 -1.106
10.901 8.500 -2.019 -5.957 6.207 0.010 10.899 -1.112
10.986 8.479 -2.082 -6.324 6.202 0.010 10.984 -1.119
11.070 8.458 -2.149 -6.708 6.197 0.010 11.068 -1.126
11.155 8.435 -2.220 -7.108 6.192 0.010 11.152 -1.134
11.239 8.413 -2.295 -7.526 6.186 0.010 11.236 -1.141
11.323 8.389 -2.375 -7.962 6.180 0.010 11.320 -1.150
11.406 8.364 -2.459 -8.416 6.174 0.010 11.403 -1.159
11.490 8.339 -2.548 -8.890 6.168 0.010 11.486 -1.168
11.573 8.312 -2.642 -9.384 6.161 0.010 11.568 -1.178
11.656 8.285 -2.741 -9.897 6.154 0.010 11.650 -1.188
11.738 8.256 -2.845 -10.430 6.147 0.010 11.732 -1.199
11.821 8.227 -2.955 -10.984 6.140 0.010 11.814 -1.211
11.903 8.196 -3.070 -11.555 6.132 0.010 11.895 -1.223
11.984 8.164 -3.192 -12.144 6.124 0.010 11.975 -1.235
12.066 8.131 -3.319 -12.752 6.116 0.010 12.056 -1.248
12.147 8.097 -3.453 -13.372 6.107 0.010 12.135 -1.262
12.227 8.061 -3.593 -14.003 6.098 0.010 12.215 -1.277
12.307 8.023 -3.740 -14.644 6.089 0.010 12.293 -1.292
12.387 7.984 -3.892 -15.287 6.079 0.010 12.372 -1.308
12.467 7.944 -4.052 -15.925 6.069 0.010 12.449 -1.324
12.546 7.902 -4.217 -16.556 6.058 0.010 12.527 -1.341
12.624 7.858 -4.389 -17.166 6.047 0.010 12.603 -1.359
12.702 7.812 -4.566 -17.744 6.036 0.010 12.679 -1.378
12.780 7.765 -4.749 -18.282 6.024 0.010 12.754 -1.398
12.857 7.715 -4.937 -18.759 6.012 0.010 12.829 -1.418
12.934 7.664 -5.128 -19.158 5.999 0.010 12.902 -1.439
13.010 7.611 -5.323 -19.457 5.985 0.010 12.975 -1.461
13.085 7.555 -5.519 -19.636 5.972 0.010 13.047 -1.483
13.160 7.498 -5.716 -19.658 5.957 0.010 13.118 -1.507
13.235 7.439 -5.911 -19.497 5.942 0.010 13.189 -1.531
13.309 7.378 -6.102 -19.115 5.927 0.010 13.258 -1.556
13.382 7.315 -6.287 -18.473 5.910 0.010 13.326 -1.582
13.454 7.251 -6.462 -17.525 5.894 0.010 13.394 -1.609
13.526 7.184 -6.624 -16.229 5.876 0.010 13.460 -1.637
13.597 7.117 -6.770 -14.532 5.858 0.010 13.525 -1.666
13.668 7.048 -6.894 -12.393 5.839 0.010 13.589 -1.696
13.738 6.978 -6.991 -9.757 5.820 0.010 13.652 -1.726
13.807 6.907 -7.057 -6.590 5.800 0.010 13.713 -1.758
13.875 6.837 -7.085 -2.850 5.779 0.010 13.773 -1.790
13.943 6.766 -7.071 1.484 5.758 0.010 13.832 -1.823
14.010 6.696 -7.006 6.420 5.736 0.010 13.890 -1.858
14.076 6.627 -6.887 11.950 5.713 0.010 13.946 -1.893
14.141 6.560 -6.707 18.038 5.689 0.010 14.001 -1.929
14.206 6.495 -6.460 24.621 5.665 0.010 14.054 -1.966
14.271 6.434 -6.144 31.605 5.641 0.010 14.106 -2.004
14.335 6.376 -5.756 38.864 5.616 0.010 14.157 -2.043
14.398 6.323 -5.293 46.237 5.590 0.010 14.206 -2.082
14.460 6.276 -4.758 53.538 5.564 0.010 14.254 -2.123
14.523 6.234 -4.152 60.554 5.537 0.010 14.300 -2.165
14.585 6.199 -3.482 67.059 5.510 0.010 14.345 -2.207
14.647 6.172 -2.754 72.825 5.483 0.010 14.389 -2.251
14.708 6.152 -1.977 77.636 5.456 0.010 14.431 -2.296
14.769 6.140 -1.164 81.299 5.428 0.010 14.472 -2.342
14.831 6.137 -0.328 83.664 5.401 0.010 14.511 -2.388
14.892 6.142 0.519 84.627 5.373 0.010 14.550 -2.436
14.954 6.156 1.360 84.147 5.346 0.010 14.587 -2.485
15.016 6.178 2.183 82.243 5.319 0.010 14.623 -2.536
15.078 6.207 2.973 78.993 5.292 0.010 14.657 -2.587
15.140 6.245 3.718 74.534 5.266 0.010 14.691 -2.640
15.203 6.289 4.408 69.043 5.240 0.010 14.723 -2.694
15.266 6.339 5.036 62.729 5.214 0.010 14.755 -2.749
15.330 6.395 5.594 55.819 5.189 0.010 14.785 -2.805
15.395 6.456 6.079 48.542 5.165 0.010 14.813 -2.863
15.460 6.521 6.490 41.118 5.141 0.010 14.841 -2.922
15.526 6.589 6.828 33.745 5.118 0.010 14.868 -2.982
15.593 6.660 7.094 26.594 5.095 0.010 14.894 -3.044
15.660 6.733 7.292 19.808 5.074 0.010 14.918 -3.107
15.728 6.807 7.427 13.491 5.053 0.010 14.941 -3.171
15.797 6.882 7.504 7.720 5.032 0.010 14.964 -3.236
15.866 6.957 7.529 2.537 5.013 0.010 14.985 -3.302
15.937 7.033 7.509 -2.035 4.994 0.010 15.005 -3.369
16.008 7.107 7.449 -6.001 4.976 0.010 15.024 -3.438
16.080 7.181 7.355 -9.381 4.958 0.010 15.042 -3.507
16.152 7.253 7.233 -12.205 4.941 0.010 15.059 -3.578
16.225 7.324 7.088 -14.515 4.925 0.010 15.075 -3.649
16.299 7.393 6.924 -16.356 4.910 0.010 15.090 -3.722
16.374 7.460 6.747 -17.778 4.895 0.010 15.104 -3.795
16.449 7.526 6.558 -18.830 4.881 0.010 15.118 -3.869
16.525 7.590 6.363 -19.557 4.867 0.010 15.130 -3.944
16.602 7.651 6.163 -20.007 4.854 0.010 15.141 -4.020
16.679 7.711 5.960 -20.220 4.842 0.010 15.152 -4.096
16.756 7.769 5.758 -20.235 4.830 0.010 15.161 -4.173
16.835 7.824 5.557 -20.085 4.819 0.010 15.170 -4.251
16.913 7.878 5.359 -19.802 4.808 0.010 15.178 -4.329
16.993 7.929 5.165 -19.413 4.798 0.010 15.185 -4.408
17.072 7.979 4.976 -18.938 4.788 0.010 15.191 -4.488
17.153 8.027 4.792 -18.400 4.779 0.010 15.197 -4.568
17.233 8.073 4.614 -17.815 4.770 0.010 15.202 -4.648
17.315 8.118 4.442 -17.196 4.761 0.010 15.206 -4.729
17.396 8.160 4.276 -16.556 4.753 0.010 15.210 -4.811
17.478 8.201 4.117 -15.906 4.746 0.010 15.213 -4.893
17.561 8.241 3.965 -15.251 4.738 0.010 15.216 -4.975
17.643 8.279 3.819 -14.601 4.731 0.010 15.217 -5.058
17.727 8.316 3.679 -13.959 4.725 0.010 15.219 -5.141
17.810 8.352 3.546 -13.331 4.719 0.010 15.220 -5.225
17.894 8.386 3.418 -12.718 4.713 0.010 15.220 -5.309
17.978 8.419 3.297 -12.126 4.707 0.010 15.220 -5.393
18.063 8.451 3.182 -11.552 4.702 0.010 15.219 -5.477
18.148 8.481 3.072 -11.002 4.697 0.010 15.218 -5.562
18.233 8.511 2.967 -10.473 4.692 0.010 15.216 -5.647
18.318 8.540 2.867 -9.969 4.688 0.010 15.214 -5.733
18.404 8.567 2.772 -9.488 4.684 0.010 15.212 -5.818
18.490 8.594 2.682 -9.030 4.680 0.010 15.209 -5.904
18.576 8.620 2.596 -8.596 4.676 0.010 15.206 -5.990
18.662 8.645 2.514 -8.185 4.673 0.010 15.203 -6.077
18.749 8.670 2.436 -7.797 4.669 0.010 15.200 -6.163
18.836 8.693 2.362 -7.431 4.667 0.010 15.196 -6.250
18.923 8.716 2.291 -7.087 4.664 0.010 15.192 -6.337
19.010 8.738 2.223 -6.765 4.661 0.010 15.187 -6.424
19.098 8.760 2.159 -6.463 4.659 0.010 15.183 -6.512
19.186 8.781 2.097 -6.181 4.657 0.010 15.178 -6.600
19.274 8.801 2.038 -5.919 4.655 0.010 15.173 -6.687
19.362 8.821 1.981 -5.677 4.653 0.010 15.168 -6.775
19.451 8.840 1.927 -5.452 4.652 0.010 15.162 -6.864
19.539 8.859 1.874 -5.247 4.650 0.010 15.157 -6.952
19.628 8.877 1.823 -5.058 4.649 0.010 15.152 -7.041
19.717 8.895 1.775 -4.888 4.648 0.010 15.146 -7.130
19.806 8.912 1.727 -4.734 4.647 0.010 15.140 -7.218
19.895 8.929 1.681 -4.597 4.647 0.010 15.134 -7.308
19.985 8.946 1.637 -4.477 4.646 0.010 15.128 -7.397
20.074 8.961 1.593 -4.373 4.646 0.010 15.122 -7.486
20.164 8.977 1.550 -4.285 4.646 0.010 15.116 -7.576
20.254 8.992 1.508 -4.213 4.645 0.010 15.110 -7.666
20.344 9.007 1.466 -4.156 4.646 0.010 15.104 -7.755
20.434 9.021 1.425 -4.116 4.646 0.010 15.098 -7.845
20.525 9.035 1.384 -4.090 4.646 0.010 15.092 -7.936
20.615 9.048 1.343 -4.081 4.647 0.010 15.086 -8.026
20.706 9.061 1.303 -4.087 4.647 0.010 15.080 -8.116
20.796 9.074 1.261 -4.108 4.648 0.010 15.075 -8.207
20.887 9.086 1.220 -4.145 4.649 0.010 15.069 -8.297
20.978 9.098 1.178 -4.198 4.650 0.010 15.063 -8.388
21.069 9.109 1.135 -4.266 4.651 0.010 15.057 -8.479
21.161 9.120 1.092 -4.350 4.652 0.010 15.052 -8.570
21.252 9.131 1.047 -4.449 4.653 0.010 15.046 -8.661
21.343 9.141 1.002 -4.564 4.654 0.010 15.041 -8.753
21.435 9.150 0.955 -4.695 4.656 0.010 15.036 -8.844
21.526 9.159 0.906 -4.841 4.657 0.010 15.031 -8.935
21.618 9.168 0.856 -5.003 4.659 0.010 15.026 -9.027
21.710 9.176 0.805 -5.181 4.661 0.010 15.021 -9.119
21.802 9.183 0.751 -5.374 4.662 0.010 15.016 -9.210
21.894 9.190 0.695 -5.582 4.664 0.010 15.012 -9.302
21.986 9.197 0.637 -5.805 4.666 0.010 15.007 -9.394
22.078 9.202 0.576 -6.042 4.668 0.010 15.003 -9.486
22.170 9.208 0.514 -6.293 4.670 0.010 14.999 -9.578
22.262 9.212 0.448 -6.558 4.672 0.010 14.995 -9.670
22.354 9.216 0.380 -6.836 4.674 0.010 14.992 -9.762
22.446 9.219 0.308 -7.125 4.676 0.010 14.988 -9.854
22.538 9.221 0.234 -7.426 4.678 0.010 14.985 -9.946
22.631 9.223 0.157 -7.737 4.681 0.010 14.982 -10.038
22.723 9.224 0.076 -8.056 4.683 0.010 14.979 -10.131
22.815 9.224 -0.008 -8.383 4.685 0.010 14.977 -10.223
22.907 9.223 -0.095 -8.716 4.687 0.010 14.974 -10.315
22.999 9.221 -0.185 -9.053 4.689 0.010 14.972 -10.407
23.092 9.218 -0.279 -9.391 4.691 0.010 14.970 -10.499
23.184 9.214 -0.377 -9.731 4.693 0.010 14.968 -10.592
23.276 9.209 -0.477 -10.067 4.695 0.010 14.966 -10.684
23.368 9.204 -0.581 -10.399 4.697 0.010 14.965 -10.776
23.460 9.197 -0.688 -10.723 4.699 0.010 14.964 -10.868
23.552 9.186 -1.100 -41.163 4.701 0.010 14.962 -10.959
23.643 9.168 -1.819 -71.918 4.703 0.010 14.961 -11.051
23.735 9.142 -2.543 -72.379 4.704 0.010 14.961 -11.143
23.826 9.109 -3.266 -72.251 4.706 0.010 14.960 -11.234
23.917 9.070 -3.986 -72.017 4.707 0.010 14.959 -11.324
24.007 9.023 -4.702 -71.674 4.708 0.010 14.959 -11.415
24.097 8.968 -5.415 -71.217 4.710 0.010 14.959 -11.504
24.186 8.907 -6.121 -70.647 4.710 0.010 14.959 -11.593
24.274 8.839 -6.821 -69.961 4.711 0.010 14.958 -11.682
24.362 8.764 -7.512 -69.162 4.712 0.010 14.958 -11.769
24.448 8.682 -8.195 -68.251 4.712 0.010 14.958 -11.856
24.534 8.593 -8.867 -67.234 4.713 0.010 14.958 -11.942
24.620 8.540 -5.367 350.000 4.713 0.010 14.958 -12.027
24.710 8.974 43.409 4877.584 4.718 0.010 14.959 -12.117
24.803 9.302 32.868 -1054.107 4.728 0.010 14.960 -12.210
24.896 9.357 5.484 -2738.315 4.738 0.010 14.961 -12.304
24.988 9.193 -16.439 -2192.373 4.749 0.010 14.964 -12.396
25.077 8.857 -33.622 -1718.245 4.756 0.010 14.968 -12.484
25.160 8.389 -46.804 -1318.178 4.760 0.010 14.972 -12.568
25.239 7.820 -56.836 -1003.212 4.760 0.010 14.976 -12.646
25.310 7.175 -64.522 -768.583 4.754 0.010 14.979 -12.718
25.375 6.470 -70.499 -597.793 4.742 0.010 14.981 -12.782
25.432 5.718 -75.166 -466.644 4.724 0.010 14.982 -12.840
25.482 4.932 -78.626 -346.010 4.699 0.010 14.982 -12.889
25.523 4.125 -80.665 -203.890 4.667 0.010 14.981 -12.930
25.556 3.318 -80.749 -8.425 4.629 0.010 14.979 -12.963
25.581 2.537 -78.090 265.897 4.584 0.010 14.976 -12.988
25.600 1.819 -71.816 627.395 4.532 0.010 14.974 -13.006
25.612 1.206 -61.280 1053.654 4.476 0.010 14.971 -13.018
25.619 0.742 -46.449 1483.114 4.416 0.010 14.969 -13.025
25.624 0.459 -28.211 1823.745 4.355 0.010 14.968 -13.030
25.627 0.376 -8.363 1984.796 4.293 0.010 14.966 -13.033
25.632 0.484 10.829 1919.204 4.233 0.010 14.964 -13.038
25.640 0.757 27.318 1648.913 4.177 0.010 14.961 -13.044
25.651 1.156 39.855 1253.712 4.125 0.010 14.954 -13.054
25.668 1.638 48.179 832.359 4.079 0.010 14.945 -13.067
25.689 2.166 52.823 464.405 4.039 0.010 14.932 -13.085
25.717 2.713 54.750 192.714 4.005 0.010 14.915 -13.105
25.749 3.264 55.020 26.956 3.977 0.010 14.893 -13.130
25.787 3.809 54.589 -43.055 3.956 0.010 14.867 -13.158
25.831 4.352 54.246 -34.297 3.940 0.010 14.837 -13.189
25.880 4.898 54.626 37.998 3.930 0.010 14.803 -13.224
25.934 5.461 56.271 164.509 3.927 0.010 14.764 -13.263
25.993 5.856 39.553 -1671.829 3.928 0.010 14.723 -13.304
26.053 5.981 12.470 -2708.316 3.932 0.010 14.680 -13.347
26.113 6.007 2.559 -991.030 3.936 0.010 14.638 -13.389
26.172 5.949 -5.726 -828.560 3.941 0.010 14.597 -13.432
26.231 5.824 -12.513 -678.718 3.946 0.010 14.556 -13.474
26.287 5.645 -17.959 -544.514 3.949 0.010 14.517 -13.515
26.341 5.422 -22.232 -427.343 3.952 0.010 14.480 -13.554
26.393 5.167 -25.503 -327.129 3.952 0.010 14.444 -13.591
26.442 4.888 -27.930 -242.708 3.951 0.010 14.410 -13.627
26.488 4.592 -29.652 -172.191 3.948 0.010 14.379 -13.660
26.531 4.284 -30.785 -113.283 3.943 0.010 14.349 -13.691
26.570 3.969 -31.421 -63.571 3.936 0.010 14.321 -13.719
26.607 3.653 -31.628 -20.733 3.926 0.010 14.296 -13.745
26.640 3.339 -31.455 17.291 3.915 0.010 14.272 -13.769
26.670 3.029 -30.933 52.186 3.901 0.010 14.250 -13.790
26.698 2.728 -30.082 85.178 3.885 0.010 14.230 -13.808
26.722 2.439 -28.912 116.986 3.868 0.010 14.212 -13.825
26.744 2.165 -27.434 147.801 3.848 0.010 14.196 -13.839
26.763 1.908 -25.661 177.299 3.827 0.010 14.181 -13.851
26.780 1.672 -23.614 204.699 3.805 0.010 14.168 -13.862
26.794 1.459 -21.325 228.882 3.781 0.010 14.156 -13.870
26.807 1.271 -18.840 248.544 3.757 0.010 14.146 -13.878
26.818 1.108 -16.215 262.404 3.732 0.010 14.137 -13.884
26.828 0.973 -13.521 269.413 3.706 0.010 14.129 -13.889
26.836 0.865 -10.832 268.937 3.680 0.010 14.121 -13.894
26.844 0.783 -8.223 260.883 3.654 0.010 14.115 -13.898
26.851 0.725 -5.766 245.740 3.629 0.010 14.108 -13.901
26.858 0.690 -3.521 224.517 3.604 0.010 14.102 -13.905
26.865 0.674 -1.534 198.614 3.580 0.010 14.096 -13.907
26.872 0.676 0.162 169.643 3.556 0.010 14.090 -13.910
26.879 0.692 1.554 139.236 3.534 0.010 14.084 -13.913
26.886 0.718 2.643 108.886 3.513 0.010 14.077 -13.916
26.893 0.753 3.441 79.827 3.493 0.010 14.070 -13.918
26.901 0.792 3.971 52.982 3.474 0.010 14.062 -13.921
26.910 0.835 4.261 28.948 3.457 0.010 14.054 -13.924
26.919 0.878 4.341 8.026 3.440 0.010 14.046 -13.926
26.928 0.921 4.244 -9.724 3.426 0.010 14.037 -13.929
26.937 0.961 4.000 -24.423 3.412 0.010 14.028 -13.932
26.947 0.997 3.636 -36.312 3.399 0.010 14.018 -13.934
26.958 1.029 3.179 -45.702 3.388 0.010 14.008 -13.937
26.968 1.055 2.650 -52.928 3.378 0.010 13.998 -13.939
26.979 1.076 2.067 -58.323 3.369 0.010 13.988 -13.942
26.990 1.090 1.445 -62.197 3.361 0.010 13.977 -13.944
27.001 1.098 0.797 -64.822 3.353 0.010 13.966 -13.946
27.012 1.100 0.132 -66.429 3.347 0.010 13.956 -13.949
27.023 1.094 -0.540 -67.210 3.342 0.010 13.945 -13.951
27.034 1.082 -1.213 -67.314 3.337 0.010 13.934 -13.953
27.044 1.063 -1.881 -66.854 3.333 0.010 13.924 -13.955
27.055 1.038 -2.541 -65.914 3.329 0.010 13.914 -13.957
27.065 1.006 -3.186 -64.550 3.327 0.010 13.904 -13.959
27.074 0.968 -3.814 -62.796 3.324 0.010 13.894 -13.961
27.084 0.924 -4.421 -60.675 3.322 0.010 13.885 -13.962
27.092 0.874 -5.003 -58.193 3.321 0.010 13.877 -13.964
27.100 0.818 -5.556 -55.354 3.319 0.010 13.868 -13.965
27.108 0.757 -6.078 -52.157 3.318 0.010 13.861 -13.967
27.115 0.692 -6.564 -48.601 3.318 0.010 13.854 -13.968
27.121 0.622 -7.011 -44.689 3.317 0.010 13.848 -13.969
27.127 0.550 -7.137 -12.663 3.317 0.010 13.843 -13.970
27.132 0.481 -6.918 21.901 3.317 0.010 13.838 -13.971
27.136 0.415 -6.625 29.321 3.316 0.010 13.834 -13.972
27.139 0.352 -6.270 35.496 3.316 0.010 13.830 -13.972
27.142 0.294 -5.861 40.867 3.316 0.010 13.827 -13.973
27.145 0.239 -5.407 45.451 3.316 0.010 13.825 -13.973
27.146 0.190 -4.914 49.279 3.316 0.010 13.823 -13.973
27.148 0.146 -4.390 52.395 3.316 0.010 13.822 -13.974
27.149 0.108 -3.842 54.857 3.316 0.010 13.821 -13.974
27.150 0.075 -3.274 56.728 3.316 0.010 13.820 -13.974
27.150 0.048 -2.694 58.082 3.316 0.010 13.820 -13.974
27.150 0.027 -2.104 58.999 3.316 0.010 13.819 -13.974
27.151 0.012 -1.508 59.563 3.316 0.010 13.819 -13.974
27.151 0.003 -0.909 59.858 3.316 0.010 13.819 -13.974
27.151 0.000 -0.310 59.974 3.316 0.010 13.819 -13.974
27.151 0.000 -0.005 30.478 3.316 0.010 13.819 -13.974
