RightRightSwitchSide
320
0.000 0.006 0.571 57.143 0.000 0.010 0.000 1.042
0.000 0.011 0.571 -0.000 0.000 0.010 0.000 1.042
0.000 0.026 1.429 85.714 0.000 0.010 0.000 1.042
0.001 0.046 2.000 57.143 0.000 0.010 0.001 1.042
0.002 0.071 2.571 57.143 0.000 0.010 0.002 1.042
0.003 0.103 3.143 57.143 0.000 0.010 0.003 1.042
0.004 0.140 3.714 57.143 0.000 0.010 0.004 1.042
0.006 0.183 4.286 57.143 0.000 0.010 0.006 1.042
0.008 0.231 4.857 57.143 0.000 0.010 0.008 1.042
0.011 0.286 5.429 57.143 0.000 0.010 0.011 1.042
0.014 0.346 6.000 57.143 0.000 0.010 0.014 1.042
0.019 0.411 6.571 57.143 0.000 0.010 0.019 1.042
0.023 0.483 7.143 57.143 0.000 0.010 0.023 1.042
0.029 0.560 7.714 57.143 0.000 0.010 0.029 1.042
0.035 0.640 8.000 28.571 0.000 0.010 0.035 1.042
0.043 0.720 8.000 -0.000 0.000 0.010 0.043 1.042
0.051 0.800 8.000 -0.000 0.000 0.010 0.051 1.042
0.059 0.880 8.000 0.000 0.000 0.010 0.059 1.042
0.069 0.960 8.000 -0.000 0.000 0.010 0.069 1.042
0.079 1.040 8.000 -0.000 0.000 0.010 0.079 1.042
0.091 1.120 8.000 0.000 0.000 0.010 0.091 1.042
0.103 1.200 8.000 -0.000 0.000 0.010 0.103 1.042
0.115 1.280 8.000 0.000 0.000 0.010 0.115 1.042
0.129 1.360 8.000 -0.000 0.000 0.010 0.129 1.042
0.143 1.440 8.000 0.000 0.000 0.010 0.143 1.042
0.159 1.520 8.000 -0.000 0.000 0.010 0.159 1.042
0.175 1.600 8.000 0.000 0.000 0.010 0.175 1.042
0.191 1.680 8.000 0.000 0.000 0.010 0.191 1.042
0.209 1.760 8.000 -0.000 0.000 0.010 0.209 1.042
0.227 1.840 8.000 0.000 0.000 0.010 0.227 1.042
0.247 1.920 8.000 0.000 0.000 0.010 0.247 1.042
0.267 2.000 8.000 -0.000 0.000 0.010 0.267 1.042
0.287 2.080 8.000 0.000 0.000 0.010 0.287 1.042
0.309 2.160 8.000 0.000 0.000 0.010 0.309 1.042
0.331 2.240 8.000 0.000 0.000 0.010 0.331 1.042
0.355 2.320 8.000 -0.000 0.000 0.010 0.355 1.042
0.379 2.400 8.000 0.000 0.000 0.010 0.379 1.042
0.403 2.480 8.000 0.000 0.000 0.010 0.403 1.042
0.429 2.560 8.000 -0.000 0.000 0.010 0.429 1.042
0.455 2.640 8.000 0.000 0.000 0.010 0.455 1.042
0.483 2.720 8.000 -0.000 0.000 0.010 0.483 1.042
0.511 2.800 8.000 0.000 0.000 0.010 0.511 1.042
0.539 2.880 8.000 0.000 0.000 0.010 0.539 1.042
0.569 2.960 8.000 -0.000 0.000 0.010 0.569 1.042
0.599 3.040 8.000 0.000 0.000 0.010 0.599 1.042
0.631 3.120 8.000 0.000 0.000 0.010 0.631 1.042
0.663 3.200 8.000 0.000 0.000 0.010 0.663 1.042
0.695 3.280 8.000 -0.000 0.000 0.010 0.695 1.042
0.729 3.360 8.000 0.000 0.000 0.010 0.729 1.042
0.763 3.440 8.000 -0.000 0.000 0.010 0.763 1.042
0.799 3.520 8.000 0.000 0.000 0.010 0.799 1.042
0.835 3.600 8.000 0.000 0.000 0.010 0.835 1.042
0.871 3.680 8.000 -0.000 0.000 0.010 0.871 1.042
0.909 3.760 8.000 0.000 0.000 0.010 0.909 1.042
0.947 3.840 8.000 0.000 0.000 0.010 0.947 1.042
0.987 3.920 8.000 0.000 0.000 0.010 0.987 1.042
1.027 4.000 8.000 -0.000 0.000 0.010 1.027 1.042
1.067 4.080 8.000 0.000 0.000 0.010 1.067 1.042
1.109 4.160 8.000 0.000 0.000 0.010 1.109 1.042
1.151 4.240 8.000 -0.000 0.000 0.010 1.151 1.042
1.195 4.320 8.000 0.000 0.000 0.010 1.195 1.042
1.239 4.400 8.000 0.000 0.000 0.010 1.239 1.042
1.283 4.480 8.000 -0.000 0.000 0.010 1.283 1.042
1.329 4.560 8.000 0.000 0.000 0.010 1.329 1.042
1.375 4.640 8.000 -0.000 0.000 0.010 1.375 1.042
1.423 4.720 8.000 0.000 0.000 0.010 1.423 1.042
1.471 4.800 8.000 0.000 0.000 0.010 1.471 1.042
1.519 4.880 8.000 -0.000 0.000 0.010 1.519 1.042
1.569 4.960 8.000 0.000 0.000 0.010 1.569 1.042
1.619 5.040 8.000 -0.000 0.000 0.010 1.619 1.042
1.671 5.120 8.000 0.000 0.000 0.010 1.671 1.042
1.723 5.200 8.000 0.000 0.000 0.010 1.723 1.042
1.775 5.280 8.000 -0.000 0.000 0.010 1.775 1.042
1.829 5.360 8.000 0.000 0.000 0.010 1.829 1.042
1.883 5.440 8.000 -0.000 0.000 0.010 1.883 1.042
1.939 5.520 8.000 0.000 0.000 0.010 1.939 1.042
1.995 5.600 8.000 0.000 0.000 0.010 1.995 1.042
2.051 5.680 8.000 -0.000 0.000 0.010 2.051 1.042
2.109 5.760 8.000 0.000 0.000 0.010 2.109 1.042
2.167 5.840 8.000 0.000 0.000 0.010 2.167 1.042
2.227 5.920 8.000 0.000 0.000 0.010 2.227 1.042
2.287 6.000 8.000 -0.000 0.000 0.010 2.287 1.042
2.347 6.080 8.000 0.000 0.000 0.010 2.347 1.042
2.409 6.160 8.000 -0.000 0.000 0.010 2.409 1.042
2.471 6.240 8.000 0.000 0.000 0.010 2.471 1.042
2.535 6.320 8.000 0.000 0.000 0.010 2.535 1.042
2.599 6.400 8.000 -0.000 0.000 0.010 2.599 1.042
2.663 6.480 8.000 0.000 0.000 0.010 2.663 1.042
2.729 6.560 8.000 0.000 0.000 0.010 2.729 1.042
2.795 6.640 8.000 0.000 0.000 0.010 2.795 1.042
2.863 6.720 8.000 -0.000 0.000 0.010 2.863 1.042
2.931 6.800 8.000 0.000 0.000 0.010 2.931 1.042
2.999 6.880 8.000 -0.000 0.000 0.010 2.999 1.042
3.069 6.960 8.000 0.000 0.000 0.010 3.069 1.042
3.139 7.040 8.000 -0.000 0.000 0.010 3.139 1.042
3.211 7.120 8.000 0.000 0.000 0.010 3.211 1.042
3.283 7.200 8.000 -0.000 0.000 0.010 3.283 1.042
3.355 7.280 8.000 0.000 0.000 0.010 3.355 1.042
3.429 7.360 8.000 -0.000 0.000 0.010 3.429 1.042
3.503 7.440 8.000 0.000 0.000 0.010 3.503 1.042
3.579 7.517 7.714 -28.571 0.000 0.010 3.579 1.042
3.654 7.589 7.143 -57.143 0.000 0.010 3.654 1.042
3.731 7.654 6.571 -57.143 0.000 0.010 3.731 1.042
3.808 7.714 6.000 -57.143 0.000 0.010 3.808 1.042
3.886 7.769 5.429 -57.143 0.000 0.010 3.886 1.042
3.964 7.817 4.857 -57.143 0.000 0.010 3.964 1.042
4.043 7.860 4.286 -57.143 0.000 0.010 4.043 1.042
4.122 7.897 3.714 -57.143 0.000 0.010 4.122 1.042
4.201 7.929 3.143 -57.143 0.000 0.010 4.201 1.042
4.280 7.954 2.571 -57.143 0.000 0.010 4.280 1.042
4.360 7.974 2.000 -57.143 0.000 0.010 4.360 1.042
4.440 7.989 1.429 -57.143 0.000 0.010 4.440 1.042
4.520 7.997 0.857 -57.143 0.000 0.010 4.520 1.042
4.600 8.000 0.286 -57.143 0.000 0.010 4.600 1.042
4.680 8.000 0.000 -28.571 0.000 0.010 4.680 1.042
4.760 8.000 -0.000 -0.000 0.000 0.010 4.760 1.042
4.840 8.000 0.000 0.000 0.000 0.010 4.840 1.042
4.920 8.000 -0.000 -0.000 0.000 0.010 4.920 1.042
5.000 8.000 0.000 0.000 0.000 0.010 5.000 1.042
5.080 8.000 0.000 -0.000 0.000 0.010 5.080 1.042
5.160 8.000 0.000 0.000 0.000 0.010 5.160 1.042
5.240 8.000 0.000 0.000 0.000 0.010 5.240 1.042
5.320 8.000 0.000 0.000 0.000 0.010 5.320 1.042
5.400 8.000 0.000 0.000 0.000 0.010 5.400 1.042
5.480 8.000 0.000 0.000 0.000 0.010 5.480 1.042
5.560 8.000 0.000 0.000 0.000 0.010 5.560 1.042
5.640 8.000 0.000 0.000 0.000 0.010 5.640 1.042
5.720 8.000 0.000 0.000 0.000 0.010 5.720 1.042
5.800 8.000 0.000 0.000 0.000 0.010 5.800 1.042
5.880 8.000 0.000 0.000 0.000 0.010 5.880 1.042
5.960 8.000 -0.000 -0.000 0.000 0.010 5.960 1.042
6.040 8.000 0.000 0.000 0.000 0.010 6.040 1.042
6.120 8.000 0.000 -0.000 0.000 0.010 6.120 1.042
6.200 8.000 0.000 0.000 0.000 0.010 6.200 1.042
6.280 8.000 0.000 0.000 0.000 0.010 6.280 1.042
6.360 8.000 0.000 0.000 0.000 0.010 6.360 1.042
6.440 8.000 0.000 0.000 0.000 0.010 6.440 1.042
6.520 8.000 0.000 0.000 0.000 0.010 6.520 1.042
6.600 8.000 0.000 0.000 0.000 0.010 6.600 1.042
6.680 8.000 0.000 0.000 0.000 0.010 6.680 1.042
6.760 8.000 0.000 0.000 0.000 0.010 6.760 1.042
6.840 8.000 0.000 0.000 0.000 0.010 6.840 1.042
6.920 8.000 -0.000 -0.000 0.000 0.010 6.920 1.042
7.000 8.000 0.000 0.000 0.000 0.010 7.000 1.042
7.080 8.000 0.000 -0.000 0.000 0.010 7.080 1.042
7.160 8.000 0.000 0.000 0.000 0.010 7.160 1.042
7.240 8.000 0.000 0.000 0.000 0.010 7.240 1.042
7.320 8.000 0.000 0.000 0.000 0.010 7.320 1.042
7.400 8.000 0.000 0.000 0.000 0.010 7.400 1.042
7.480 8.000 0.000 0.000 0.000 0.010 7.480 1.042
7.560 8.000 0.000 0.000 0.000 0.010 7.560 1.042
7.640 8.000 0.000 0.000 0.000 0.010 7.640 1.042
7.720 8.000 0.000 0.000 0.000 0.010 7.720 1.042
7.800 8.000 0.000 0.000 0.000 0.010 7.800 1.042
7.880 8.000 0.000 0.000 0.000 0.010 7.880 1.042
7.960 8.000 -0.000 -0.000 0.000 0.010 7.960 1.042
8.039 7.862 -13.781 -1378.110 0.001 0.010 8.039 1.042
8.108 6.949 -91.338 -7755.692 0.011 0.010 8.108 1.042
8.169 6.042 -90.671 66.653 0.030 0.010 8.169 1.043
8.222 5.303 -73.865 1680.625 0.056 0.010 8.222 1.046
8.269 4.740 -56.313 1755.197 0.087 0.010 8.269 1.049
8.312 4.350 -39.069 1724.471 0.122 0.010 8.312 1.053
8.354 4.119 -23.098 1597.022 0.160 0.010 8.353 1.059
8.394 4.027 -9.179 1391.966 0.198 0.010 8.392 1.066
8.434 4.049 2.209 1138.735 0.236 0.010 8.432 1.075
8.476 4.158 10.914 870.539 0.273 0.010 8.472 1.086
8.519 4.329 17.078 616.435 0.308 0.010 8.514 1.098
8.565 4.539 21.040 396.123 0.341 0.010 8.557 1.112
8.612 4.772 23.228 218.845 0.372 0.010 8.601 1.129
8.663 5.012 24.081 85.331 0.401 0.010 8.648 1.148
8.715 5.252 23.991 -9.062 0.427 0.010 8.696 1.169
8.770 5.485 23.277 -71.413 0.451 0.010 8.746 1.192
8.827 5.707 22.185 -109.184 0.473 0.010 8.797 1.218
8.886 5.916 20.894 -129.069 0.493 0.010 8.849 1.245
8.947 6.111 19.529 -136.528 0.511 0.010 8.903 1.275
9.010 6.293 18.172 -135.735 0.528 0.010 8.957 1.306
9.075 6.462 16.874 -129.732 0.543 0.010 9.013 1.339
9.141 6.618 15.668 -120.653 0.556 0.010 9.069 1.374
9.209 6.764 14.568 -109.938 0.568 0.010 9.126 1.410
9.278 6.900 13.583 -98.526 0.578 0.010 9.184 1.447
9.348 7.027 12.713 -86.998 0.588 0.010 9.243 1.486
9.419 7.146 11.956 -75.690 0.596 0.010 9.302 1.526
9.492 7.260 11.308 -64.769 0.603 0.010 9.362 1.567
9.566 7.367 10.766 -54.290 0.609 0.010 9.423 1.609
9.640 7.470 10.323 -44.233 0.614 0.010 9.484 1.651
9.716 7.570 9.978 -34.524 0.618 0.010 9.546 1.695
9.793 7.667 9.727 -25.056 0.621 0.010 9.608 1.740
9.870 7.763 9.571 -15.690 0.624 0.010 9.671 1.785
9.949 7.858 9.508 -6.263 0.625 0.010 9.735 1.831
10.028 7.954 9.542 3.413 0.625 0.010 9.800 1.878
10.109 8.050 9.678 13.558 0.625 0.010 9.865 1.925
10.190 8.150 9.922 24.431 0.624 0.010 9.931 1.972
10.273 8.253 10.285 36.342 0.621 0.010 9.998 2.020
10.357 8.360 10.782 49.665 0.618 0.010 10.066 2.069
10.441 8.475 11.431 64.866 0.613 0.010 10.135 2.118
10.527 8.597 12.256 82.531 0.607 0.010 10.206 2.167
10.615 8.730 13.290 103.406 0.600 0.010 10.278 2.217
10.703 8.876 14.575 128.460 0.592 0.010 10.351 2.267
10.794 9.038 16.164 158.958 0.582 0.010 10.426 2.317
10.886 9.219 18.130 196.575 0.570 0.010 10.504 2.367
10.980 9.424 20.565 243.541 0.557 0.010 10.583 2.417
11.077 9.660 23.594 302.855 0.541 0.010 10.666 2.468
11.176 9.934 27.379 378.555 0.522 0.010 10.751 2.518
11.279 10.256 32.140 476.074 0.500 0.010 10.841 2.568
11.385 10.637 38.167 602.661 0.475 0.010 10.935 2.618
11.496 11.095 45.784 761.758 0.445 0.010 11.034 2.667
11.612 11.646 55.114 932.980 0.410 0.010 11.140 2.716
11.736 12.313 66.709 1159.513 0.369 0.010 11.254 2.763
11.867 13.128 81.486 1477.675 0.319 0.010 11.377 2.807
12.008 14.127 99.908 1842.208 0.260 0.010 11.513 2.847
12.162 15.346 121.829 2192.127 0.189 0.010 11.662 2.882
12.330 16.800 145.455 2362.541 0.103 0.010 11.829 2.906
12.514 18.455 165.516 2006.085 0.001 0.010 12.013 2.916
12.716 20.168 171.283 576.756 6.166 0.010 12.214 2.904
12.932 21.644 147.572 -2371.124 6.032 0.010 12.427 2.865
13.157 22.484 84.041 -6353.082 5.890 0.010 12.640 2.794
13.381 22.389 -9.485 -9352.596 5.749 0.010 12.841 2.693
13.595 21.376 -101.317 -9183.192 5.616 0.010 13.017 2.572
13.792 19.765 -161.144 -5982.774 5.498 0.010 13.165 2.441
13.972 17.950 -181.431 -2028.634 5.397 0.010 13.285 2.308
14.134 16.219 -173.147 828.391 5.312 0.010 13.382 2.178
14.281 14.703 -151.581 2156.580 5.240 0.010 13.460 2.054
14.415 13.429 -127.399 2418.254 5.180 0.010 13.524 1.936
14.539 12.376 -105.304 2209.468 5.130 0.010 13.577 1.824
14.654 11.508 -86.792 1851.175 5.087 0.010 13.622 1.718
14.762 10.789 -71.884 1490.825 5.050 0.010 13.659 1.617
14.864 10.189 -60.077 1180.688 5.018 0.010 13.692 1.520
14.961 9.681 -50.771 930.620 4.990 0.010 13.719 1.427
15.053 9.247 -43.423 734.781 4.966 0.010 13.744 1.338
15.142 8.871 -37.591 583.192 4.944 0.010 13.765 1.252
15.227 8.541 -32.929 466.155 4.925 0.010 13.784 1.168
15.310 8.250 -29.174 375.566 4.908 0.010 13.801 1.088
15.390 7.989 -26.123 305.075 4.893 0.010 13.816 1.009
15.467 7.752 -23.625 249.854 4.879 0.010 13.829 0.933
15.543 7.537 -21.562 206.261 4.866 0.010 13.841 0.858
15.616 7.338 -19.846 171.584 4.855 0.010 13.852 0.786
15.688 7.154 -18.408 143.780 4.845 0.010 13.862 0.715
15.757 6.982 -17.195 121.314 4.835 0.010 13.870 0.646
15.826 6.821 -16.165 103.027 4.826 0.010 13.878 0.578
15.892 6.668 -15.285 88.038 4.818 0.010 13.886 0.512
15.958 6.522 -14.528 75.663 4.811 0.010 13.892 0.447
16.021 6.384 -13.874 65.385 4.804 0.010 13.898 0.383
16.084 6.251 -13.306 56.794 4.798 0.010 13.904 0.321
16.145 6.122 -12.810 49.570 4.792 0.010 13.909 0.260
16.205 5.999 -12.376 43.466 4.786 0.010 13.914 0.200
16.264 5.879 -11.993 38.278 4.781 0.010 13.918 0.142
16.322 5.762 -11.654 33.848 4.776 0.010 13.922 0.084
16.378 5.649 -11.354 30.050 4.772 0.010 13.925 0.028
16.433 5.538 -11.086 26.775 4.768 0.010 13.928 -0.028
16.488 5.429 -10.847 23.944 4.764 0.010 13.931 -0.082
16.541 5.323 -10.632 21.483 4.760 0.010 13.934 -0.135
16.593 5.219 -10.439 19.341 4.757 0.010 13.936 -0.187
16.644 5.116 -10.264 17.464 4.754 0.010 13.938 -0.238
16.694 5.015 -10.106 15.817 4.751 0.010 13.940 -0.288
16.744 4.915 -9.962 14.369 4.748 0.010 13.942 -0.337
16.792 4.817 -9.831 13.090 4.746 0.010 13.944 -0.386
16.839 4.720 -9.712 11.955 4.743 0.010 13.945 -0.433
16.885 4.624 -9.602 10.950 4.741 0.010 13.947 -0.479
16.930 4.529 -9.502 10.055 4.739 0.010 13.948 -0.524
16.975 4.435 -9.409 9.254 4.737 0.010 13.949 -0.569
17.018 4.342 -9.324 8.541 4.735 0.010 13.950 -0.612
17.061 4.249 -9.245 7.899 4.733 0.010 13.951 -0.654
17.102 4.157 -9.171 7.324 4.732 0.010 13.952 -0.696
17.143 4.066 -9.103 6.806 4.730 0.010 13.953 -0.737
17.183 3.976 -9.040 6.339 4.729 0.010 13.953 -0.776
17.222 3.886 -8.981 5.918 4.727 0.010 13.954 -0.815
17.260 3.797 -8.925 5.536 4.726 0.010 13.954 -0.853
17.297 3.708 -8.873 5.188 4.725 0.010 13.955 -0.890
17.333 3.620 -8.825 4.876 4.724 0.010 13.955 -0.927
17.368 3.532 -8.779 4.588 4.723 0.010 13.956 -0.962
17.403 3.445 -8.736 4.327 4.722 0.010 13.956 -0.996
17.436 3.358 -8.695 4.089 4.721 0.010 13.956 -1.030
17.469 3.271 -8.656 3.871 4.720 0.010 13.957 -1.063
17.501 3.185 -8.619 3.670 4.719 0.010 13.957 -1.094
17.532 3.099 -8.584 3.486 4.719 0.010 13.957 -1.125
17.562 3.014 -8.551 3.317 4.718 0.010 13.957 -1.156
17.591 2.929 -8.520 3.159 4.718 0.010 13.957 -1.185
17.620 2.844 -8.490 3.015 4.717 0.010 13.958 -1.213
17.647 2.759 -8.461 2.879 4.717 0.010 13.958 -1.241
17.674 2.675 -8.433 2.753 4.716 0.010 13.958 -1.268
17.700 2.591 -8.407 2.636 4.716 0.010 13.958 -1.294
17.725 2.507 -8.382 2.525 4.715 0.010 13.958 -1.319
17.749 2.423 -8.357 2.421 4.715 0.010 13.958 -1.343
17.773 2.340 -8.334 2.322 4.715 0.010 13.958 -1.366
17.795 2.257 -8.312 2.229 4.714 0.010 13.958 -1.389
17.817 2.174 -8.290 2.139 4.714 0.010 13.958 -1.411
17.838 2.091 -8.270 2.053 4.714 0.010 13.958 -1.431
17.858 2.009 -8.250 1.971 4.714 0.010 13.958 -1.452
17.877 1.926 -8.231 1.890 4.714 0.010 13.958 -1.471
17.896 1.844 -8.213 1.812 4.713 0.010 13.958 -1.489
17.913 1.762 -8.196 1.736 4.713 0.010 13.958 -1.507
17.930 1.681 -8.179 1.661 4.713 0.010 13.958 -1.524
17.946 1.599 -8.163 1.587 4.713 0.010 13.958 -1.540
17.961 1.517 -8.148 1.514 4.713 0.010 13.958 -1.555
17.975 1.436 -8.134 1.441 4.713 0.010 13.958 -1.569
17.989 1.355 -8.120 1.368 4.713 0.010 13.958 -1.583
18.002 1.274 -8.107 1.296 4.713 0.010 13.958 -1.595
18.014 1.193 -8.095 1.223 4.713 0.010 13.958 -1.607
18.025 1.112 -8.083 1.150 4.713 0.010 13.958 -1.619
18.035 1.031 -8.073 1.076 4.713 0.010 13.958 -1.629
18.045 0.951 -8.063 1.002 4.713 0.010 13.958 -1.638
18.053 0.870 -8.053 0.928 4.713 0.010 13.958 -1.647
18.061 0.790 -8.045 0.853 4.713 0.010 13.958 -1.655
18.068 0.709 -8.037 0.777 4.713 0.010 13.958 -1.662
18.075 0.629 -8.030 0.700 4.713 0.010 13.958 -1.668
18.080 0.549 -7.982 4.855 4.713 0.010 13.958 -1.674
18.085 0.473 -7.648 33.367 4.713 0.010 13.958 -1.679
18.089 0.402 -7.072 57.625 4.713 0.010 13.958 -1.683
18.092 0.337 -6.496 57.522 4.713 0.010 13.958 -1.686
18.095 0.278 -5.922 57.435 4.713 0.010 13.958 -1.689
18.097 0.224 -5.348 57.362 4.713 0.010 13.958 -1.691
18.099 0.177 -4.775 57.302 4.713 0.010 13.958 -1.693
18.100 0.135 -4.203 57.255 4.713 0.010 13.958 -1.694
18.101 0.098 -3.631 57.217 4.713 0.010 13.958 -1.695
18.102 0.068 -3.059 57.190 4.713 0.010 13.958 -1.696
18.102 0.043 -2.487 57.170 4.713 0.010 13.958 -1.696
18.103 0.024 -1.916 57.157 4.713 0.010 13.958 -1.696
18.103 0.010 -1.344 57.149 4.713 0.010 13.958 -1.696
18.103 0.002 -0.773 57.145 4.713 0.010 13.958 -1.697
18.103 0.000 -0.243 52.915 4.713 0.010 13.958 -1.697
0.000 0.006 0.571 57.143 0.000 0.010 0.000 -1.042
0.000 0.011 0.571 -0.000 0.000 0.010 0.000 -1.042
0.000 0.026 1.429 85.714 0.000 0.010 0.000 -1.042
0.001 0.046 2.000 57.143 0.000 0.010 0.001 -1.042
0.002 0.071 2.571 57.143 0.000 0.010 0.002 -1.042
0.003 0.103 3.143 57.143 0.000 0.010 0.003 -1.042
0.004 0.140 3.714 57.143 0.000 0.010 0.004 -1.042
0.006 0.183 4.286 57.143 0.000 0.010 0.006 -1.042
0.008 0.231 4.857 57.143 0.000 0.010 0.008 -1.042
0.011 0.286 5.429 57.143 0.000 0.010 0.011 -1.042
0.014 0.346 6.000 57.143 0.000 0.010 0.014 -1.042
0.019 0.411 6.571 57.143 0.000 0.010 0.019 -1.042
0.023 0.483 7.143 57.143 0.000 0.010 0.023 -1.042
0.029 0.560 7.714 57.143 0.000 0.010 0.029 -1.042
0.035 0.640 8.000 28.571 0.000 0.010 0.035 -1.042
0.043 0.720 8.000 -0.000 0.000 0.010 0.043 -1.042
0.051 0.800 8.000 -0.000 0.000 0.010 0.051 -1.042
0.059 0.880 8.000 0.000 0.000 0.010 0.059 -1.042
0.069 0.960 8.000 -0.000 0.000 0.010 0.069 -1.042
0.079 1.040 8.000 -0.000 0.000 0.010 0.079 -1.042
0.091 1.120 8.000 0.000 0.000 0.010 0.091 -1.042
0.103 1.200 8.000 -0.000 0.000 0.010 0.103 -1.042
0.115 1.280 8.000 0.000 0.000 0.010 0.115 -1.042
0.129 1.360 8.000 -0.000 0.000 0.010 0.129 -1.042
0.143 1.440 8.000 0.000 0.000 0.010 0.143 -1.042
0.159 1.520 8.000 -0.000 0.000 0.010 0.159 -1.042
0.175 1.600 8.000 0.000 0.000 0.010 0.175 -1.042
0.191 1.680 8.000 0.000 0.000 0.010 0.191 -1.042
0.209 1.760 8.000 -0.000 0.000 0.010 0.209 -1.042
0.227 1.840 8.000 0.000 0.000 0.010 0.227 -1.042
0.247 1.920 8.000 0.000 0.000 0.010 0.247 -1.042
0.267 2.000 8.000 -0.000 0.000 0.010 0.267 -1.042
0.287 2.080 8.000 0.000 0.000 0.010 0.287 -1.042
0.309 2.160 8.000 0.000 0.000 0.010 0.309 -1.042
0.331 2.240 8.000 0.000 0.000 0.010 0.331 -1.042
0.355 2.320 8.000 -0.000 0.000 0.010 0.355 -1.042
0.379 2.400 8.000 0.000 0.000 0.010 0.379 -1.042
0.403 2.480 8.000 0.000 0.000 0.010 0.403 -1.042
0.429 2.560 8.000 -0.000 0.000 0.010 0.429 -1.042
0.455 2.640 8.000 0.000 0.000 0.010 0.455 -1.042
0.483 2.720 8.000 -0.000 0.000 0.010 0.483 -1.042
0.511 2.800 8.000 0.000 0.000 0.010 0.511 -1.042
0.539 2.880 8.000 0.000 0.000 0.010 0.539 -1.042
0.569 2.960 8.000 -0.000 0.000 0.010 0.569 -1.042
0.599 3.040 8.000 0.000 0.000 0.010 0.599 -1.042
0.631 3.120 8.000 0.000 0.000 0.010 0.631 -1.042
0.663 3.200 8.000 0.000 0.000 0.010 0.663 -1.042
0.695 3.280 8.000 -0.000 0.000 0.010 0.695 -1.042
0.729 3.360 8.000 0.000 0.000 0.010 0.729 -1.042
0.763 3.440 8.000 -0.000 0.000 0.010 0.763 -1.042
0.799 3.520 8.000 0.000 0.000 0.010 0.799 -1.042
0.835 3.600 8.000 0.000 0.000 0.010 0.835 -1.042
0.871 3.680 8.000 -0.000 0.000 0.010 0.871 -1.042
0.909 3.760 8.000 0.000 0.000 0.010 0.909 -1.042
0.947 3.840 8.000 0.000 0.000 0.010 0.947 -1.042
0.987 3.920 8.000 0.000 0.000 0.010 0.987 -1.042
1.027 4.000 8.000 -0.000 0.000 0.010 1.027 -1.042
1.067 4.080 8.000 0.000 0.000 0.010 1.067 -1.042
1.109 4.160 8.000 0.000 0.000 0.010 1.109 -1.042
1.151 4.240 8.000 -0.000 0.000 0.010 1.151 -1.042
1.195 4.320 8.000 0.000 0.000 0.010 1.195 -1.042
1.239 4.400 8.000 0.000 0.000 0.010 1.239 -1.042
1.283 4.480 8.000 -0.000 0.000 0.010 1.283 -1.042
1.329 4.560 8.000 0.000 0.000 0.010 1.329 -1.042
1.375 4.640 8.000 -0.000 0.000 0.010 1.375 -1.042
1.423 4.720 8.000 0.000 0.000 0.010 1.423 -1.042
1.471 4.800 8.000 0.000 0.000 0.010 1.471 -1.042
1.519 4.880 8.000 -0.000 0.000 0.010 1.519 -1.042
1.569 4.960 8.000 0.000 0.000 0.010 1.569 -1.042
1.619 5.040 8.000 -0.000 0.000 0.010 1.619 -1.042
1.671 5.120 8.000 0.000 0.000 0.010 1.671 -1.042
1.723 5.200 8.000 0.000 0.000 0.010 1.723 -1.042
1.775 5.280 8.000 -0.000 0.000 0.010 1.775 -1.042
1.829 5.360 8.000 0.000 0.000 0.010 1.829 -1.042
1.883 5.440 8.000 -0.000 0.000 0.010 1.883 -1.042
1.939 5.520 8.000 0.000 0.000 0.010 1.939 -1.042
1.995 5.600 8.000 0.000 0.000 0.010 1.995 -1.042
2.051 5.680 8.000 -0.000 0.000 0.010 2.051 -1.042
2.109 5.760 8.000 0.000 0.000 0.010 2.109 -1.042
2.167 5.840 8.000 0.000 0.000 0.010 2.167 -1.042
2.227 5.920 8.000 0.000 0.000 0.010 2.227 -1.042
2.287 6.000 8.000 -0.000 0.000 0.010 2.287 -1.042
2.347 6.080 8.000 0.000 0.000 0.010 2.347 -1.042
2.409 6.160 8.000 -0.000 0.000 0.010 2.409 -1.042
2.471 6.240 8.000 0.000 0.000 0.010 2.471 -1.042
2.535 6.320 8.000 0.000 0.000 0.010 2.535 -1.042
2.599 6.400 8.000 -0.000 0.000 0.010 2.599 -1.042
2.663 6.480 8.000 0.000 0.000 0.010 2.663 -1.042
2.729 6.560 8.000 0.000 0.000 0.010 2.729 -1.042
2.795 6.640 8.000 0.000 0.000 0.010 2.795 -1.042
2.863 6.720 8.000 -0.000 0.000 0.010 2.863 -1.042
2.931 6.800 8.000 0.000 0.000 0.010 2.931 -1.042
2.999 6.880 8.000 -0.000 0.000 0.010 2.999 -1.042
3.069 6.960 8.000 0.000 0.000 0.010 3.069 -1.042
3.139 7.040 8.000 -0.000 0.000 0.010 3.139 -1.042
3.211 7.120 8.000 0.000 0.000 0.010 3.211 -1.042
3.283 7.200 8.000 -0.000 0.000 0.010 3.283 -1.042
3.355 7.280 8.000 0.000 0.000 0.010 3.355 -1.042
3.429 7.360 8.000 -0.000 0.000 0.010 3.429 -1.042
3.503 7.440 8.000 0.000 0.000 0.010 3.503 -1.042
3.579 7.517 7.714 -28.571 0.000 0.010 3.579 -1.042
3.654 7.589 7.143 -57.143 0.000 0.010 3.654 -1.042
3.731 7.654 6.571 -57.143 0.000 0.010 3.731 -1.042
3.808 7.714 6.000 -57.143 0.000 0.010 3.808 -1.042
3.886 7.769 5.429 -57.143 0.000 0.010 3.886 -1.042
3.964 7.817 4.857 -57.143 0.000 0.010 3.964 -1.042
4.043 7.860 4.286 -57.143 0.000 0.010 4.043 -1.042
4.122 7.897 3.714 -57.143 0.000 0.010 4.122 -1.042
4.201 7.929 3.143 -57.143 0.000 0.010 4.201 -1.042
4.280 7.954 2.571 -57.143 0.000 0.010 4.280 -1.042
4.360 7.974 2.000 -57.143 0.000 0.010 4.360 -1.042
4.440 7.989 1.429 -57.143 0.000 0.010 4.440 -1.042
4.520 7.997 0.857 -57.143 0.000 0.010 4.520 -1.042
4.600 8.000 0.286 -57.143 0.000 0.010 4.600 -1.042
4.680 8.000 0.000 -28.571 0.000 0.010 4.680 -1.042
4.760 8.000 -0.000 -0.000 0.000 0.010 4.760 -1.042
4.840 8.000 0.000 0.000 0.000 0.010 4.840 -1.042
4.920 8.000 -0.000 -0.000 0.000 0.010 4.920 -1.042
5.000 8.000 0.000 0.000 0.000 0.010 5.000 -1.042
5.080 8.000 0.000 -0.000 0.000 0.010 5.080 -1.042
5.160 8.000 0.000 0.000 0.000 0.010 5.160 -1.042
5.240 8.000 0.000 0.000 0.000 0.010 5.240 -1.042
5.320 8.000 0.000 0.000 0.000 0.010 5.320 -1.042
5.400 8.000 0.000 0.000 0.000 0.010 5.400 -1.042
5.480 8.000 0.000 0.000 0.000 0.010 5.480 -1.042
5.560 8.000 0.000 0.000 0.000 0.010 5.560 -1.042
5.640 8.000 0.000 0.000 0.000 0.010 5.640 -1.042
5.720 8.000 0.000 0.000 0.000 0.010 5.720 -1.042
5.800 8.000 0.000 0.000 0.000 0.010 5.800 -1.042
5.880 8.000 0.000 0.000 0.000 0.010 5.880 -1.042
5.960 8.000 -0.000 -0.000 0.000 0.010 5.960 -1.042
6.040 8.000 0.000 0.000 0.000 0.010 6.040 -1.042
6.120 8.000 0.000 -0.000 0.000 0.010 6.120 -1.042
6.200 8.000 0.000 0.000 0.000 0.010 6.200 -1.042
6.280 8.000 0.000 0.000 0.000 0.010 6.280 -1.042
6.360 8.000 0.000 0.000 0.000 0.010 6.360 -1.042
6.440 8.000 0.000 0.000 0.000 0.010 6.440 -1.042
6.520 8.000 0.000 0.000 0.000 0.010 6.520 -1.042
6.600 8.000 0.000 0.000 0.000 0.010 6.600 -1.042
6.680 8.000 0.000 0.000 0.000 0.010 6.680 -1.042
6.760 8.000 0.000 0.000 0.000 0.010 6.760 -1.042
6.840 8.000 0.000 0.000 0.000 0.010 6.840 -1.042
6.920 8.000 -0.000 -0.000 0.000 0.010 6.920 -1.042
7.000 8.000 0.000 0.000 0.000 0.010 7.000 -1.042
7.080 8.000 0.000 -0.000 0.000 0.010 7.080 -1.042
7.160 8.000 0.000 0.000 0.000 0.010 7.160 -1.042
7.240 8.000 0.000 0.000 0.000 0.010 7.240 -1.042
7.320 8.000 0.000 0.000 0.000 0.010 7.320 -1.042
7.400 8.000 0.000 0.000 0.000 0.010 7.400 -1.042
7.480 8.000 0.000 0.000 0.000 0.010 7.480 -1.042
7.560 8.000 0.000 0.000 0.000 0.010 7.560 -1.042
7.640 8.000 0.000 0.000 0.000 0.010 7.640 -1.042
7.720 8.000 0.000 0.000 0.000 0.010 7.720 -1.042
7.800 8.000 0.000 0.000 0.000 0.010 7.800 -1.042
7.880 8.000 0.000 0.000 0.000 0.010 7.880 -1.042
7.960 8.000 -0.000 -0.000 0.000 0.010 7.960 -1.042
8.041 8.138 13.781 1378.100 0.001 0.010 8.041 -1.042
8.132 9.051 91.331 7755.021 0.011 0.010 8.132 -1.041
8.231 9.958 90.655 -67.648 0.030 0.010 8.231 -1.039
8.338 10.696 73.844 -1681.061 0.056 0.010 8.338 -1.035
8.451 11.259 56.293 -1755.146 0.087 0.010 8.451 -1.027
8.568 11.650 39.052 -1724.069 0.122 0.010 8.566 -1.014
8.686 11.880 23.088 -1596.431 0.160 0.010 8.684 -0.998
8.806 11.972 9.174 -1391.340 0.198 0.010 8.802 -0.976
8.926 11.950 -2.208 -1138.184 0.236 0.010 8.919 -0.951
9.044 11.841 -10.909 -870.125 0.273 0.010 9.033 -0.921
9.161 11.670 -17.071 -616.170 0.308 0.010 9.145 -0.887
9.275 11.460 -21.030 -395.989 0.341 0.010 9.254 -0.851
9.388 11.228 -23.219 -218.814 0.372 0.010 9.359 -0.812
9.497 10.987 -24.072 -85.366 0.401 0.010 9.461 -0.770
9.605 10.747 -23.982 8.987 0.427 0.010 9.559 -0.727
9.710 10.515 -23.269 71.319 0.451 0.010 9.654 -0.682
9.813 10.293 -22.178 109.087 0.473 0.010 9.746 -0.636
9.914 10.084 -20.889 128.976 0.493 0.010 9.836 -0.590
10.013 9.889 -19.524 136.443 0.511 0.010 9.922 -0.542
10.110 9.707 -18.167 135.659 0.528 0.010 10.006 -0.494
10.205 9.538 -16.871 129.667 0.543 0.010 10.089 -0.445
10.299 9.382 -15.665 120.598 0.556 0.010 10.169 -0.396
10.391 9.236 -14.566 109.891 0.568 0.010 10.247 -0.347
10.482 9.100 -13.581 98.487 0.578 0.010 10.323 -0.297
10.572 8.973 -12.711 86.965 0.588 0.010 10.398 -0.248
10.661 8.854 -11.955 75.662 0.596 0.010 10.472 -0.199
10.748 8.740 -11.307 64.746 0.603 0.010 10.544 -0.149
10.834 8.633 -10.765 54.271 0.609 0.010 10.615 -0.100
10.920 8.530 -10.322 44.216 0.614 0.010 10.684 -0.051
11.004 8.430 -9.977 34.510 0.618 0.010 10.753 -0.002
11.087 8.333 -9.727 25.042 0.621 0.010 10.821 0.046
11.170 8.237 -9.570 15.678 0.624 0.010 10.888 0.094
11.251 8.142 -9.508 6.252 0.625 0.010 10.954 0.142
11.331 8.046 -9.542 -3.424 0.625 0.010 11.019 0.189
11.411 7.950 -9.678 -13.569 0.625 0.010 11.084 0.235
11.489 7.850 -9.922 -24.443 0.624 0.010 11.147 0.281
11.567 7.747 -10.286 -36.355 0.621 0.010 11.210 0.326
11.643 7.640 -10.782 -49.680 0.618 0.010 11.273 0.371
11.719 7.525 -11.431 -64.884 0.613 0.010 11.334 0.414
11.793 7.403 -12.257 -82.553 0.607 0.010 11.395 0.456
11.865 7.270 -13.291 -103.434 0.600 0.010 11.455 0.498
11.937 7.124 -14.576 -128.496 0.592 0.010 11.513 0.538
12.006 6.962 -16.166 -159.005 0.582 0.010 11.571 0.576
12.074 6.781 -18.132 -196.636 0.570 0.010 11.628 0.613
12.140 6.575 -20.569 -243.624 0.557 0.010 11.684 0.648
12.203 6.339 -23.598 -302.968 0.541 0.010 11.738 0.682
12.264 6.066 -27.385 -378.712 0.522 0.010 11.790 0.712
12.321 5.744 -32.148 -476.296 0.500 0.010 11.840 0.740
12.375 5.362 -38.178 -602.981 0.475 0.010 11.888 0.766
12.424 4.903 -45.885 -770.680 0.445 0.010 11.932 0.787
12.467 4.345 -55.878 -999.261 0.410 0.010 11.971 0.805
12.504 3.658 -68.626 -1274.798 0.369 0.010 12.005 0.819
12.532 2.813 -84.560 -1593.447 0.319 0.010 12.031 0.829
12.550 1.771 -104.147 -1958.663 0.260 0.010 12.048 0.834
12.555 0.499 -127.238 -2309.091 0.189 0.010 12.053 0.835
12.565 1.022 52.272 17950.939 0.103 0.010 12.043 0.834
12.593 2.755 173.308 12103.663 0.001 0.010 12.016 0.833
12.638 4.557 180.262 695.387 6.166 0.010 11.970 0.835
12.699 6.134 157.689 -2257.344 6.032 0.010 11.910 0.847
12.770 7.086 95.212 -6247.723 5.890 0.010 11.843 0.869
12.841 7.113 2.668 -9254.351 5.749 0.010 11.779 0.901
12.904 6.231 -88.174 -9084.184 5.616 0.010 11.728 0.936
12.951 4.762 -146.932 -5875.847 5.498 0.010 11.692 0.968
12.982 3.101 -166.153 -1922.074 5.397 0.010 11.671 0.991
12.998 1.527 -157.334 881.868 5.312 0.010 11.662 1.003
12.999 0.170 -135.704 2162.993 5.240 0.010 11.661 1.004
13.009 0.945 77.486 21319.042 5.180 0.010 11.665 0.996
13.027 1.839 89.366 1188.032 5.130 0.010 11.673 0.979
13.053 2.547 70.835 -1853.129 5.087 0.010 11.683 0.956
13.084 3.106 55.913 -1492.167 5.050 0.010 11.694 0.926
13.119 3.547 44.098 -1181.584 5.018 0.010 11.705 0.893
13.158 3.895 34.785 -931.224 4.990 0.010 11.716 0.856
13.200 4.169 27.433 -735.190 4.966 0.010 11.727 0.815
13.244 4.385 21.599 -583.475 4.944 0.010 11.738 0.773
13.289 4.555 16.935 -466.352 4.925 0.010 11.748 0.728
13.336 4.686 13.178 -375.706 4.908 0.010 11.757 0.682
13.384 4.788 10.126 -305.177 4.893 0.010 11.766 0.635
13.433 4.864 7.627 -249.926 4.879 0.010 11.774 0.587
13.482 4.920 5.564 -206.318 4.866 0.010 11.782 0.539
13.531 4.958 3.848 -171.625 4.855 0.010 11.790 0.490
13.581 4.982 2.410 -143.810 4.845 0.010 11.796 0.441
13.631 4.994 1.196 -121.338 4.835 0.010 11.803 0.391
13.681 4.996 0.166 -103.047 4.826 0.010 11.809 0.341
13.731 4.989 -0.715 -88.051 4.818 0.010 11.814 0.292
13.781 4.974 -1.472 -75.676 4.811 0.010 11.819 0.242
13.830 4.953 -2.126 -65.394 4.804 0.010 11.824 0.193
13.880 4.926 -2.694 -56.800 4.798 0.010 11.828 0.144
13.928 4.894 -3.189 -49.577 4.792 0.010 11.832 0.095
13.977 4.858 -3.624 -43.470 4.786 0.010 11.836 0.047
14.025 4.818 -4.007 -38.282 4.781 0.010 11.839 -0.001
14.073 4.774 -4.345 -33.852 4.776 0.010 11.842 -0.049
14.120 4.728 -4.646 -30.051 4.772 0.010 11.845 -0.096
14.167 4.678 -4.914 -26.778 4.768 0.010 11.848 -0.143
14.213 4.627 -5.153 -23.945 4.764 0.010 11.851 -0.189
14.259 4.573 -5.368 -21.487 4.760 0.010 11.853 -0.235
14.304 4.518 -5.561 -19.340 4.757 0.010 11.855 -0.280
14.349 4.460 -5.736 -17.465 4.754 0.010 11.857 -0.324
14.393 4.401 -5.894 -15.820 4.751 0.010 11.859 -0.368
14.436 4.341 -6.038 -14.369 4.748 0.010 11.860 -0.412
14.479 4.279 -6.169 -13.089 4.746 0.010 11.862 -0.455
14.521 4.216 -6.288 -11.957 4.743 0.010 11.863 -0.497
14.563 4.152 -6.398 -10.950 4.741 0.010 11.864 -0.538
14.604 4.087 -6.498 -10.054 4.739 0.010 11.865 -0.579
14.644 4.022 -6.591 -9.256 4.737 0.010 11.866 -0.619
14.683 3.955 -6.676 -8.540 4.735 0.010 11.867 -0.659
14.722 3.887 -6.755 -7.900 4.733 0.010 11.868 -0.698
14.760 3.819 -6.829 -7.324 4.732 0.010 11.869 -0.736
14.798 3.750 -6.897 -6.807 4.730 0.010 11.870 -0.773
14.835 3.680 -6.960 -6.339 4.729 0.010 11.870 -0.810
14.871 3.610 -7.019 -5.917 4.727 0.010 11.871 -0.846
14.906 3.539 -7.075 -5.535 4.726 0.010 11.871 -0.882
14.941 3.468 -7.127 -5.190 4.725 0.010 11.872 -0.916
14.975 3.396 -7.175 -4.874 4.724 0.010 11.872 -0.950
15.008 3.324 -7.221 -4.589 4.723 0.010 11.872 -0.984
15.041 3.252 -7.264 -4.327 4.722 0.010 11.873 -1.016
15.072 3.178 -7.305 -4.089 4.721 0.010 11.873 -1.048
15.103 3.105 -7.344 -3.870 4.720 0.010 11.873 -1.079
15.134 3.031 -7.381 -3.671 4.719 0.010 11.874 -1.109
15.163 2.957 -7.416 -3.486 4.719 0.010 11.874 -1.139
15.192 2.883 -7.449 -3.316 4.718 0.010 11.874 -1.168
15.220 2.808 -7.480 -3.160 4.718 0.010 11.874 -1.196
15.248 2.733 -7.510 -3.014 4.717 0.010 11.874 -1.223
15.274 2.657 -7.539 -2.880 4.717 0.010 11.874 -1.250
15.300 2.582 -7.567 -2.753 4.716 0.010 11.874 -1.275
15.325 2.506 -7.593 -2.635 4.716 0.010 11.875 -1.300
15.349 2.429 -7.618 -2.526 4.715 0.010 11.875 -1.325
15.373 2.353 -7.643 -2.421 4.715 0.010 11.875 -1.348
15.396 2.276 -7.666 -2.322 4.715 0.010 11.875 -1.371
15.418 2.200 -7.688 -2.229 4.714 0.010 11.875 -1.393
15.439 2.122 -7.710 -2.139 4.714 0.010 11.875 -1.414
15.459 2.045 -7.730 -2.054 4.714 0.010 11.875 -1.435
15.479 1.968 -7.750 -1.970 4.714 0.010 11.875 -1.454
15.498 1.890 -7.769 -1.890 4.714 0.010 11.875 -1.473
15.516 1.812 -7.787 -1.812 4.713 0.010 11.875 -1.491
15.533 1.734 -7.804 -1.736 4.713 0.010 11.875 -1.509
15.550 1.656 -7.821 -1.661 4.713 0.010 11.875 -1.525
15.566 1.577 -7.837 -1.587 4.713 0.010 11.875 -1.541
15.581 1.499 -7.852 -1.514 4.713 0.010 11.875 -1.556
15.595 1.420 -7.866 -1.441 4.713 0.010 11.875 -1.570
15.608 1.341 -7.880 -1.368 4.713 0.010 11.875 -1.584
15.621 1.263 -7.893 -1.295 4.713 0.010 11.875 -1.596
15.633 1.183 -7.905 -1.223 4.713 0.010 11.875 -1.608
15.644 1.104 -7.917 -1.150 4.713 0.010 11.875 -1.619
15.654 1.025 -7.927 -1.076 4.713 0.010 11.875 -1.629
15.663 0.946 -7.937 -1.002 4.713 0.010 11.875 -1.639
15.672 0.866 -7.947 -0.928 4.713 0.010 11.875 -1.648
15.680 0.787 -7.955 -0.853 4.713 0.010 11.875 -1.655
15.687 0.707 -7.963 -0.777 4.713 0.010 11.875 -1.662
15.693 0.627 -7.970 -0.700 4.713 0.010 11.875 -1.669
15.699 0.548 -7.934 3.601 4.713 0.010 11.875 -1.674
15.703 0.472 -7.612 32.232 4.713 0.010 11.875 -1.679
15.708 0.401 -7.045 56.660 4.713 0.010 11.875 -1.683
15.711 0.337 -6.477 56.763 4.713 0.010 11.875 -1.686
15.714 0.278 -5.909 56.851 4.713 0.010 11.875 -1.689
15.716 0.224 -5.340 56.924 4.713 0.010 11.875 -1.691
15.718 0.176 -4.770 56.983 4.713 0.010 11.875 -1.693
15.719 0.134 -4.199 57.031 4.713 0.010 11.875 -1.694
15.720 0.098 -3.629 57.068 4.713 0.010 11.875 -1.695
15.721 0.068 -3.058 57.096 4.713 0.010 11.875 -1.696
15.721 0.043 -2.487 57.116 4.713 0.010 11.875 -1.697
15.721 0.024 -1.915 57.129 4.713 0.010 11.875 -1.697
15.721 0.010 -1.344 57.137 4.713 0.010 11.875 -1.697
15.721 0.002 -0.773 57.141 4.713 0.010 11.875 -1.697
15.721 0.000 -0.243 52.914 4.713 0.010 11.875 -1.697
