RightScaleBackwards
84
0.000 0.006 0.593 59.259 2.618 0.010 -0.521 -0.902
0.000 0.012 0.593 0.000 2.618 0.010 -0.521 -0.902
0.000 0.027 1.481 88.889 2.618 0.010 -0.521 -0.902
0.001 0.047 2.074 59.259 2.618 0.010 -0.522 -0.902
0.002 0.074 2.667 59.259 2.618 0.010 -0.522 -0.901
0.003 0.107 3.259 59.259 2.618 0.010 -0.523 -0.901
0.004 0.145 3.852 59.259 2.618 0.010 -0.524 -0.900
0.006 0.190 4.444 59.259 2.618 0.010 -0.526 -0.899
0.008 0.240 5.037 59.259 2.618 0.010 -0.528 -0.898
0.011 0.296 5.630 59.259 2.618 0.010 -0.531 -0.896
0.015 0.359 6.222 59.259 2.618 0.010 -0.534 -0.895
0.019 0.427 6.815 59.259 2.618 0.010 -0.538 -0.892
0.024 0.501 7.407 59.259 2.618 0.010 -0.542 -0.890
0.030 0.581 8.000 59.259 2.618 0.010 -0.547 -0.887
0.037 0.667 8.593 59.259 2.618 0.010 -0.553 -0.884
0.044 0.756 8.889 29.630 2.618 0.010 -0.559 -0.880
0.053 0.844 8.889 0.000 2.618 0.010 -0.567 -0.876
0.062 0.933 8.889 -0.000 2.618 0.010 -0.575 -0.871
0.072 1.022 8.889 0.000 2.618 0.010 -0.583 -0.866
0.083 1.111 8.889 -0.000 2.618 0.010 -0.593 -0.860
0.095 1.200 8.889 -0.000 2.618 0.010 -0.603 -0.854
0.108 1.289 8.889 0.000 2.618 0.010 -0.615 -0.848
0.122 1.378 8.889 -0.000 2.618 0.010 -0.627 -0.841
0.137 1.467 8.889 -0.000 2.618 0.010 -0.639 -0.834
0.152 1.556 8.889 0.000 2.618 0.010 -0.653 -0.826
0.169 1.644 8.889 0.000 2.618 0.010 -0.667 -0.818
0.186 1.733 8.889 -0.000 2.618 0.010 -0.682 -0.809
0.204 1.819 8.593 -29.630 2.618 0.010 -0.698 -0.800
0.223 1.899 8.000 -59.259 2.618 0.010 -0.714 -0.790
0.243 1.973 7.407 -59.259 2.618 0.010 -0.731 -0.781
0.263 2.041 6.815 -59.259 2.618 0.010 -0.749 -0.770
0.284 2.104 6.222 -59.259 2.618 0.010 -0.767 -0.760
0.306 2.160 5.630 -59.259 2.618 0.010 -0.786 -0.749
0.328 2.210 5.037 -59.259 2.618 0.010 -0.805 -0.738
0.351 2.255 4.444 -59.259 2.618 0.010 -0.825 -0.727
0.374 2.293 3.852 -59.259 2.618 0.010 -0.844 -0.715
0.397 2.326 3.259 -59.259 2.618 0.010 -0.865 -0.704
0.420 2.353 2.667 -59.259 2.618 0.010 -0.885 -0.692
0.444 2.373 2.074 -59.259 2.618 0.010 -0.905 -0.680
0.468 2.388 1.481 -59.259 2.618 0.010 -0.926 -0.668
0.492 2.397 0.889 -59.259 2.618 0.010 -0.947 -0.656
0.516 2.399 0.198 -69.136 2.618 0.010 -0.968 -0.644
0.540 2.394 -0.494 -69.136 2.618 0.010 -0.988 -0.632
0.564 2.383 -1.086 -59.259 2.618 0.010 -1.009 -0.620
0.587 2.366 -1.679 -59.259 2.618 0.010 -1.030 -0.608
0.611 2.344 -2.272 -59.259 2.618 0.010 -1.050 -0.597
0.634 2.315 -2.864 -59.259 2.618 0.010 -1.070 -0.585
0.657 2.280 -3.457 -59.259 2.618 0.010 -1.090 -0.574
0.679 2.240 -4.049 -59.259 2.618 0.010 -1.109 -0.562
0.701 2.194 -4.642 -59.259 2.618 0.010 -1.128 -0.552
0.723 2.141 -5.235 -59.259 2.618 0.010 -1.147 -0.541
0.743 2.083 -5.827 -59.259 2.618 0.010 -1.165 -0.530
0.764 2.019 -6.420 -59.259 2.618 0.010 -1.182 -0.520
0.783 1.949 -7.012 -59.259 2.618 0.010 -1.199 -0.511
0.802 1.873 -7.605 -59.259 2.618 0.010 -1.215 -0.501
0.820 1.791 -8.198 -59.259 2.618 0.010 -1.231 -0.492
0.837 1.704 -8.691 -49.383 2.618 0.010 -1.245 -0.484
0.853 1.615 -8.889 -19.753 2.618 0.010 -1.259 -0.476
0.868 1.526 -8.889 0.000 2.618 0.010 -1.273 -0.468
0.883 1.437 -8.889 -0.000 2.618 0.010 -1.285 -0.461
0.896 1.348 -8.889 -0.000 2.618 0.010 -1.297 -0.454
0.909 1.259 -8.889 0.000 2.618 0.010 -1.308 -0.448
0.920 1.170 -8.889 -0.000 2.618 0.010 -1.318 -0.442
0.931 1.081 -8.889 0.000 2.618 0.010 -1.327 -0.437
0.941 0.993 -8.889 -0.000 2.618 0.010 -1.336 -0.432
0.950 0.904 -8.889 0.000 2.618 0.010 -1.344 -0.427
0.958 0.815 -8.889 -0.000 2.618 0.010 -1.351 -0.423
0.965 0.726 -8.889 -0.000 2.618 0.010 -1.357 -0.419
0.972 0.638 -8.790 9.877 2.618 0.010 -1.362 -0.416
0.977 0.554 -8.395 39.506 2.618 0.010 -1.367 -0.413
0.982 0.476 -7.802 59.259 2.618 0.010 -1.371 -0.411
0.986 0.404 -7.210 59.259 2.618 0.010 -1.375 -0.409
0.990 0.338 -6.617 59.259 2.618 0.010 -1.378 -0.407
0.992 0.278 -6.025 59.259 2.618 0.010 -1.380 -0.406
0.995 0.223 -5.432 59.259 2.618 0.010 -1.382 -0.405
0.996 0.175 -4.840 59.259 2.618 0.010 -1.384 -0.404
0.998 0.132 -4.247 59.259 2.618 0.010 -1.385 -0.403
0.999 0.096 -3.654 59.259 2.618 0.010 -1.386 -0.403
0.999 0.065 -3.062 59.259 2.618 0.010 -1.386 -0.402
1.000 0.040 -2.469 59.259 2.618 0.010 -1.387 -0.402
1.000 0.022 -1.877 59.259 2.618 0.010 -1.387 -0.402
1.000 0.009 -1.284 59.259 2.618 0.010 -1.387 -0.402
1.000 0.002 -0.691 59.259 2.618 0.010 -1.387 -0.402
1.000 0.000 -0.198 49.383 2.618 0.010 -1.387 -0.402
0.000 0.006 0.593 59.259 2.618 0.010 0.521 0.902
0.000 0.012 0.593 0.000 2.618 0.010 0.521 0.902
0.000 0.027 1.481 88.889 2.618 0.010 0.520 0.902
0.001 0.047 2.074 59.259 2.618 0.010 0.520 0.903
0.002 0.074 2.667 59.259 2.618 0.010 0.519 0.903
0.003 0.107 3.259 59.259 2.618 0.010 0.518 0.903
0.004 0.145 3.852 59.259 2.618 0.010 0.517 0.904
0.006 0.190 4.444 59.259 2.618 0.010 0.516 0.905
0.008 0.240 5.037 59.259 2.618 0.010 0.514 0.906
0.011 0.296 5.630 59.259 2.618 0.010 0.511 0.908
0.015 0.359 6.222 59.259 2.618 0.010 0.508 0.910
0.019 0.427 6.815 59.259 2.618 0.010 0.504 0.912
0.024 0.501 7.407 59.259 2.618 0.010 0.500 0.914
0.030 0.581 8.000 59.259 2.618 0.010 0.495 0.917
0.037 0.667 8.593 59.259 2.618 0.010 0.489 0.920
0.044 0.756 8.889 29.630 2.618 0.010 0.482 0.924
0.053 0.844 8.889 0.000 2.618 0.010 0.475 0.928
0.062 0.933 8.889 -0.000 2.618 0.010 0.467 0.933
0.072 1.022 8.889 0.000 2.618 0.010 0.458 0.938
0.083 1.111 8.889 -0.000 2.618 0.010 0.449 0.944
0.095 1.200 8.889 -0.000 2.618 0.010 0.438 0.950
0.108 1.289 8.889 0.000 2.618 0.010 0.427 0.956
0.122 1.378 8.889 -0.000 2.618 0.010 0.415 0.963
0.137 1.467 8.889 -0.000 2.618 0.010 0.402 0.970
0.152 1.556 8.889 0.000 2.618 0.010 0.389 0.978
0.169 1.644 8.889 0.000 2.618 0.010 0.375 0.986
0.186 1.733 8.889 -0.000 2.618 0.010 0.360 0.995
0.204 1.819 8.593 -29.630 2.618 0.010 0.344 1.004
0.223 1.899 8.000 -59.259 2.618 0.010 0.327 1.014
0.243 1.973 7.407 -59.259 2.618 0.010 0.310 1.024
0.263 2.041 6.815 -59.259 2.618 0.010 0.293 1.034
0.284 2.104 6.222 -59.259 2.618 0.010 0.274 1.044
0.306 2.160 5.630 -59.259 2.618 0.010 0.256 1.055
0.328 2.210 5.037 -59.259 2.618 0.010 0.237 1.066
0.351 2.255 4.444 -59.259 2.618 0.010 0.217 1.077
0.374 2.293 3.852 -59.259 2.618 0.010 0.197 1.089
0.397 2.326 3.259 -59.259 2.618 0.010 0.177 1.101
0.420 2.353 2.667 -59.259 2.618 0.010 0.157 1.112
0.444 2.373 2.074 -59.259 2.618 0.010 0.136 1.124
0.468 2.388 1.481 -59.259 2.618 0.010 0.116 1.136
0.492 2.397 0.889 -59.259 2.618 0.010 0.095 1.148
0.516 2.399 0.198 -69.136 2.618 0.010 0.074 1.160
0.540 2.394 -0.494 -69.136 2.618 0.010 0.053 1.172
0.564 2.383 -1.086 -59.259 2.618 0.010 0.033 1.184
0.587 2.366 -1.679 -59.259 2.618 0.010 0.012 1.196
0.611 2.344 -2.272 -59.259 2.618 0.010 -0.008 1.208
0.634 2.315 -2.864 -59.259 2.618 0.010 -0.028 1.219
0.657 2.280 -3.457 -59.259 2.618 0.010 -0.048 1.231
0.679 2.240 -4.049 -59.259 2.618 0.010 -0.067 1.242
0.701 2.194 -4.642 -59.259 2.618 0.010 -0.086 1.253
0.723 2.141 -5.235 -59.259 2.618 0.010 -0.105 1.263
0.743 2.083 -5.827 -59.259 2.618 0.010 -0.123 1.274
0.764 2.019 -6.420 -59.259 2.618 0.010 -0.140 1.284
0.783 1.949 -7.012 -59.259 2.618 0.010 -0.157 1.294
0.802 1.873 -7.605 -59.259 2.618 0.010 -0.174 1.303
0.820 1.791 -8.198 -59.259 2.618 0.010 -0.189 1.312
0.837 1.704 -8.691 -49.383 2.618 0.010 -0.204 1.320
0.853 1.615 -8.889 -19.753 2.618 0.010 -0.218 1.329
0.868 1.526 -8.889 0.000 2.618 0.010 -0.231 1.336
0.883 1.437 -8.889 -0.000 2.618 0.010 -0.243 1.343
0.896 1.348 -8.889 0.000 2.618 0.010 -0.255 1.350
0.909 1.259 -8.889 -0.000 2.618 0.010 -0.266 1.356
0.920 1.170 -8.889 -0.000 2.618 0.010 -0.276 1.362
0.931 1.081 -8.889 0.000 2.618 0.010 -0.286 1.368
0.941 0.993 -8.889 -0.000 2.618 0.010 -0.294 1.373
0.950 0.904 -8.889 0.000 2.618 0.010 -0.302 1.377
0.958 0.815 -8.889 -0.000 2.618 0.010 -0.309 1.381
0.965 0.726 -8.889 -0.000 2.618 0.010 -0.315 1.385
0.972 0.638 -8.790 9.877 2.618 0.010 -0.321 1.388
0.977 0.554 -8.395 39.506 2.618 0.010 -0.326 1.391
0.982 0.476 -7.802 59.259 2.618 0.010 -0.330 1.393
0.986 0.404 -7.210 59.259 2.618 0.010 -0.333 1.395
0.990 0.338 -6.617 59.259 2.618 0.010 -0.336 1.397
0.992 0.278 -6.025 59.259 2.618 0.010 -0.339 1.398
0.995 0.223 -5.432 59.259 2.618 0.010 -0.341 1.399
0.996 0.175 -4.840 59.259 2.618 0.010 -0.342 1.400
0.998 0.132 -4.247 59.259 2.618 0.010 -0.343 1.401
0.999 0.096 -3.654 59.259 2.618 0.010 -0.344 1.401
0.999 0.065 -3.062 59.259 2.618 0.010 -0.345 1.402
1.000 0.040 -2.469 59.259 2.618 0.010 -0.345 1.402
1.000 0.022 -1.877 59.259 2.618 0.010 -0.345 1.402
1.000 0.009 -1.284 59.259 2.618 0.010 -0.345 1.402
1.000 0.002 -0.691 59.259 2.618 0.010 -0.345 1.402
1.000 0.000 -0.198 49.383 2.618 0.010 -0.345 1.402
