RightScaleCube
228
0.000 0.018 1.770 177.034 3.491 0.010 0.356 -0.979
0.000 0.035 1.770 -0.033 3.491 0.010 0.356 -0.979
0.001 0.071 3.539 176.902 3.491 0.010 0.355 -0.979
0.002 0.106 3.536 -0.263 3.491 0.010 0.354 -0.980
0.004 0.141 3.532 -0.394 3.491 0.010 0.353 -0.980
0.005 0.177 3.527 -0.523 3.491 0.010 0.351 -0.981
0.008 0.212 3.521 -0.652 3.491 0.010 0.349 -0.981
0.010 0.247 3.513 -0.779 3.491 0.010 0.347 -0.982
0.013 0.282 3.504 -0.904 3.491 0.010 0.344 -0.983
0.016 0.317 3.494 -1.027 3.491 0.010 0.341 -0.984
0.019 0.352 3.482 -1.148 3.491 0.010 0.338 -0.986
0.023 0.387 3.469 -1.266 3.491 0.010 0.334 -0.987
0.028 0.421 3.456 -1.380 3.491 0.010 0.330 -0.988
0.032 0.456 3.441 -1.492 3.491 0.010 0.326 -0.990
0.037 0.490 3.425 -1.600 3.491 0.010 0.321 -0.992
0.042 0.524 3.408 -1.704 3.491 0.010 0.317 -0.993
0.048 0.558 3.390 -1.804 3.491 0.010 0.311 -0.995
0.054 0.591 3.371 -1.900 3.491 0.010 0.306 -0.997
0.060 0.625 3.351 -1.991 3.491 0.010 0.300 -0.999
0.067 0.658 3.330 -2.077 3.491 0.010 0.294 -1.002
0.074 0.691 3.308 -2.158 3.492 0.010 0.287 -1.004
0.081 0.724 3.286 -2.234 3.492 0.010 0.280 -1.006
0.088 0.757 3.263 -2.304 3.492 0.010 0.273 -1.009
0.096 0.789 3.239 -2.368 3.492 0.010 0.266 -1.012
0.104 0.821 3.215 -2.427 3.492 0.010 0.258 -1.015
0.113 0.853 3.190 -2.479 3.493 0.010 0.250 -1.018
0.122 0.885 3.165 -2.525 3.493 0.010 0.242 -1.021
0.131 0.916 3.139 -2.564 3.493 0.010 0.233 -1.024
0.140 0.947 3.113 -2.597 3.494 0.010 0.224 -1.027
0.150 0.978 3.087 -2.623 3.494 0.010 0.215 -1.030
0.160 1.009 3.061 -2.641 3.495 0.010 0.206 -1.034
0.171 1.039 3.034 -2.653 3.495 0.010 0.196 -1.037
0.181 1.069 3.008 -2.656 3.496 0.010 0.186 -1.041
0.192 1.099 2.981 -2.653 3.497 0.010 0.176 -1.045
0.204 1.129 2.955 -2.641 3.497 0.010 0.165 -1.049
0.215 1.158 2.929 -2.622 3.498 0.010 0.154 -1.053
0.227 1.187 2.903 -2.595 3.499 0.010 0.143 -1.057
0.239 1.216 2.877 -2.559 3.500 0.010 0.132 -1.061
0.252 1.244 2.852 -2.515 3.501 0.010 0.120 -1.066
0.264 1.273 2.827 -2.463 3.502 0.010 0.108 -1.070
0.277 1.301 2.803 -2.402 3.503 0.010 0.096 -1.075
0.291 1.328 2.780 -2.332 3.504 0.010 0.084 -1.080
0.304 1.356 2.757 -2.254 3.506 0.010 0.071 -1.084
0.318 1.383 2.736 -2.166 3.507 0.010 0.058 -1.089
0.332 1.411 2.715 -2.069 3.508 0.010 0.045 -1.094
0.347 1.437 2.695 -1.964 3.510 0.010 0.031 -1.100
0.361 1.464 2.677 -1.849 3.511 0.010 0.018 -1.105
0.376 1.491 2.660 -1.724 3.513 0.010 0.004 -1.110
0.391 1.517 2.644 -1.590 3.515 0.010 -0.010 -1.116
0.407 1.544 2.629 -1.447 3.517 0.010 -0.025 -1.121
0.422 1.570 2.616 -1.294 3.519 0.010 -0.039 -1.127
0.438 1.596 2.605 -1.131 3.521 0.010 -0.054 -1.133
0.455 1.622 2.595 -0.959 3.523 0.010 -0.069 -1.139
0.471 1.648 2.588 -0.776 3.525 0.010 -0.085 -1.145
0.488 1.673 2.582 -0.585 3.527 0.010 -0.100 -1.151
0.505 1.699 2.578 -0.383 3.530 0.010 -0.116 -1.158
0.522 1.725 2.576 -0.172 3.532 0.010 -0.132 -1.164
0.540 1.751 2.577 0.048 3.535 0.010 -0.148 -1.171
0.557 1.777 2.580 0.278 3.537 0.010 -0.164 -1.178
0.575 1.802 2.585 0.517 3.540 0.010 -0.181 -1.185
0.594 1.828 2.592 0.765 3.543 0.010 -0.198 -1.192
0.612 1.854 2.603 1.021 3.546 0.010 -0.215 -1.199
0.631 1.880 2.615 1.286 3.549 0.010 -0.232 -1.207
0.650 1.907 2.631 1.559 3.552 0.010 -0.250 -1.214
0.669 1.933 2.649 1.839 3.555 0.010 -0.267 -1.222
0.689 1.960 2.671 2.127 3.558 0.010 -0.285 -1.230
0.709 1.987 2.695 2.421 3.562 0.010 -0.303 -1.238
0.729 2.014 2.722 2.721 3.565 0.010 -0.322 -1.246
0.749 2.042 2.752 3.026 3.569 0.010 -0.340 -1.255
0.770 2.070 2.786 3.336 3.572 0.010 -0.359 -1.263
0.791 2.098 2.822 3.649 3.576 0.010 -0.378 -1.272
0.812 2.126 2.862 3.966 3.580 0.010 -0.398 -1.281
0.834 2.155 2.905 4.284 3.583 0.010 -0.417 -1.290
0.856 2.185 2.951 4.604 3.587 0.010 -0.437 -1.300
0.878 2.215 3.000 4.924 3.591 0.010 -0.457 -1.309
0.900 2.245 3.052 5.243 3.595 0.010 -0.477 -1.319
0.923 2.277 3.108 5.560 3.599 0.010 -0.497 -1.329
0.946 2.308 3.167 5.874 3.603 0.010 -0.518 -1.339
0.970 2.340 3.229 6.184 3.607 0.010 -0.539 -1.350
0.993 2.373 3.293 6.488 3.611 0.010 -0.560 -1.360
1.017 2.407 3.361 6.786 3.615 0.010 -0.582 -1.371
1.042 2.441 3.432 7.077 3.619 0.010 -0.603 -1.382
1.067 2.476 3.506 7.358 3.623 0.010 -0.625 -1.394
1.092 2.512 3.582 7.630 3.628 0.010 -0.648 -1.406
1.117 2.549 3.661 7.891 3.632 0.010 -0.670 -1.418
1.143 2.586 3.742 8.140 3.636 0.010 -0.693 -1.430
1.169 2.625 3.826 8.376 3.640 0.010 -0.716 -1.442
1.196 2.664 3.912 8.598 3.644 0.010 -0.739 -1.455
1.223 2.704 4.000 8.806 3.648 0.010 -0.763 -1.468
1.250 2.745 4.090 8.998 3.652 0.010 -0.787 -1.481
1.278 2.786 4.182 9.174 3.655 0.010 -0.811 -1.495
1.307 2.829 4.275 9.333 3.659 0.010 -0.836 -1.509
1.335 2.873 4.370 9.475 3.663 0.010 -0.861 -1.523
1.365 2.917 4.466 9.598 3.667 0.010 -0.886 -1.538
1.394 2.963 4.563 9.704 3.670 0.010 -0.912 -1.553
1.424 3.010 4.661 9.790 3.673 0.010 -0.938 -1.568
1.455 3.057 4.759 9.858 3.677 0.010 -0.964 -1.584
1.486 3.106 4.858 9.906 3.680 0.010 -0.991 -1.599
1.517 3.155 4.958 9.934 3.683 0.010 -1.018 -1.616
1.550 3.206 5.057 9.943 3.686 0.010 -1.045 -1.632
1.582 3.258 5.156 9.931 3.688 0.010 -1.073 -1.649
1.615 3.310 5.255 9.899 3.691 0.010 -1.101 -1.666
1.649 3.364 5.354 9.846 3.693 0.010 -1.130 -1.684
1.683 3.418 5.452 9.772 3.696 0.010 -1.159 -1.702
1.718 3.474 5.548 9.676 3.698 0.010 -1.189 -1.720
1.753 3.530 5.644 9.558 3.699 0.010 -1.219 -1.739
1.789 3.588 5.738 9.416 3.701 0.010 -1.249 -1.758
1.825 3.646 5.831 9.250 3.702 0.010 -1.280 -1.777
1.862 3.705 5.921 9.059 3.703 0.010 -1.311 -1.797
1.900 3.765 6.010 8.840 3.704 0.010 -1.343 -1.817
1.938 3.826 6.096 8.593 3.705 0.010 -1.375 -1.837
1.977 3.888 6.179 8.315 3.705 0.010 -1.408 -1.858
2.017 3.942 5.374 -80.484 3.706 0.010 -1.442 -1.879
2.056 3.970 2.842 -253.164 3.705 0.010 -1.475 -1.901
2.096 3.972 0.235 -260.760 3.705 0.010 -1.509 -1.922
2.136 3.964 -0.811 -104.595 3.704 0.010 -1.542 -1.943
2.175 3.954 -0.978 -16.654 3.704 0.010 -1.576 -1.964
2.215 3.944 -1.064 -8.568 3.702 0.010 -1.609 -1.985
2.254 3.932 -1.152 -8.818 3.701 0.010 -1.642 -2.006
2.293 3.920 -1.242 -9.039 3.700 0.010 -1.676 -2.027
2.332 3.907 -1.334 -9.233 3.698 0.010 -1.709 -2.047
2.371 3.892 -1.428 -9.402 3.696 0.010 -1.742 -2.068
2.410 3.877 -1.524 -9.545 3.694 0.010 -1.775 -2.088
2.449 3.861 -1.621 -9.666 3.691 0.010 -1.808 -2.108
2.487 3.844 -1.718 -9.764 3.689 0.010 -1.841 -2.128
2.525 3.825 -1.817 -9.840 3.686 0.010 -1.873 -2.148
2.563 3.806 -1.916 -9.895 3.683 0.010 -1.906 -2.168
2.601 3.786 -2.015 -9.929 3.680 0.010 -1.938 -2.187
2.639 3.765 -2.114 -9.942 3.677 0.010 -1.971 -2.207
2.676 3.743 -2.214 -9.936 3.674 0.010 -2.003 -2.226
2.713 3.720 -2.313 -9.909 3.670 0.010 -2.035 -2.245
2.750 3.696 -2.411 -9.863 3.667 0.010 -2.067 -2.263
2.787 3.671 -2.509 -9.797 3.663 0.010 -2.099 -2.282
2.824 3.645 -2.606 -9.712 3.660 0.010 -2.130 -2.300
2.860 3.617 -2.703 -9.609 3.656 0.010 -2.162 -2.318
2.896 3.590 -2.797 -9.487 3.652 0.010 -2.193 -2.335
2.931 3.561 -2.891 -9.347 3.648 0.010 -2.224 -2.352
2.967 3.531 -2.983 -9.189 3.644 0.010 -2.255 -2.369
3.002 3.500 -3.073 -9.015 3.640 0.010 -2.286 -2.386
3.036 3.468 -3.161 -8.824 3.636 0.010 -2.316 -2.403
3.071 3.436 -3.247 -8.618 3.632 0.010 -2.347 -2.419
3.105 3.403 -3.331 -8.397 3.628 0.010 -2.377 -2.435
3.138 3.369 -3.413 -8.162 3.624 0.010 -2.406 -2.451
3.172 3.334 -3.492 -7.915 3.620 0.010 -2.436 -2.466
3.205 3.298 -3.569 -7.655 3.616 0.010 -2.465 -2.481
3.237 3.261 -3.642 -7.384 3.612 0.010 -2.494 -2.496
3.269 3.224 -3.713 -7.103 3.607 0.010 -2.523 -2.511
3.301 3.187 -3.782 -6.814 3.603 0.010 -2.552 -2.525
3.333 3.148 -3.847 -6.516 3.599 0.010 -2.580 -2.539
3.364 3.109 -3.909 -6.212 3.595 0.010 -2.608 -2.553
3.395 3.069 -3.968 -5.903 3.592 0.010 -2.635 -2.566
3.425 3.029 -4.024 -5.590 3.588 0.010 -2.663 -2.579
3.455 2.988 -4.077 -5.273 3.584 0.010 -2.690 -2.592
3.484 2.947 -4.126 -4.954 3.580 0.010 -2.716 -2.604
3.513 2.905 -4.172 -4.634 3.576 0.010 -2.743 -2.617
3.542 2.863 -4.216 -4.314 3.573 0.010 -2.769 -2.629
3.570 2.821 -4.256 -3.996 3.569 0.010 -2.794 -2.640
3.598 2.778 -4.292 -3.679 3.565 0.010 -2.820 -2.652
3.625 2.734 -4.326 -3.365 3.562 0.010 -2.845 -2.663
3.652 2.691 -4.357 -3.055 3.559 0.010 -2.869 -2.674
3.679 2.647 -4.384 -2.749 3.555 0.010 -2.893 -2.685
3.705 2.603 -4.409 -2.449 3.552 0.010 -2.917 -2.695
3.730 2.559 -4.430 -2.154 3.549 0.010 -2.941 -2.705
3.755 2.514 -4.449 -1.866 3.546 0.010 -2.964 -2.715
3.780 2.469 -4.465 -1.585 3.543 0.010 -2.986 -2.725
3.804 2.425 -4.478 -1.311 3.540 0.010 -3.009 -2.734
3.828 2.380 -4.488 -1.046 3.537 0.010 -3.031 -2.744
3.852 2.335 -4.496 -0.789 3.535 0.010 -3.052 -2.753
3.874 2.290 -4.501 -0.540 3.532 0.010 -3.073 -2.761
3.897 2.245 -4.504 -0.300 3.530 0.010 -3.094 -2.770
3.919 2.200 -4.505 -0.070 3.527 0.010 -3.115 -2.778
3.940 2.155 -4.504 0.152 3.525 0.010 -3.135 -2.786
3.961 2.110 -4.500 0.364 3.523 0.010 -3.154 -2.794
3.982 2.065 -4.494 0.566 3.521 0.010 -3.173 -2.802
4.002 2.020 -4.487 0.759 3.519 0.010 -3.192 -2.809
4.022 1.975 -4.477 0.942 3.517 0.010 -3.210 -2.817
4.041 1.930 -4.466 1.115 3.515 0.010 -3.228 -2.824
4.060 1.886 -4.453 1.279 3.513 0.010 -3.246 -2.830
4.079 1.842 -4.439 1.433 3.512 0.010 -3.263 -2.837
4.097 1.797 -4.423 1.577 3.510 0.010 -3.280 -2.844
4.114 1.753 -4.406 1.712 3.508 0.010 -3.296 -2.850
4.131 1.709 -4.388 1.837 3.507 0.010 -3.312 -2.856
4.148 1.666 -4.368 1.953 3.506 0.010 -3.328 -2.862
4.164 1.622 -4.348 2.060 3.504 0.010 -3.343 -2.868
4.180 1.579 -4.326 2.157 3.503 0.010 -3.358 -2.873
4.195 1.536 -4.304 2.246 3.502 0.010 -3.372 -2.879
4.210 1.493 -4.280 2.325 3.501 0.010 -3.386 -2.884
4.225 1.451 -4.256 2.395 3.500 0.010 -3.400 -2.889
4.239 1.408 -4.232 2.457 3.499 0.010 -3.413 -2.894
4.252 1.366 -4.207 2.510 3.498 0.010 -3.426 -2.899
4.266 1.324 -4.181 2.555 3.498 0.010 -3.438 -2.903
4.279 1.283 -4.155 2.591 3.497 0.010 -3.450 -2.908
4.291 1.242 -4.129 2.620 3.496 0.010 -3.462 -2.912
4.303 1.200 -4.103 2.640 3.496 0.010 -3.473 -2.916
4.315 1.160 -4.076 2.652 3.495 0.010 -3.484 -2.920
4.326 1.119 -4.050 2.656 3.494 0.010 -3.494 -2.924
4.337 1.079 -4.023 2.653 3.494 0.010 -3.504 -2.928
4.347 1.039 -3.997 2.643 3.494 0.010 -3.514 -2.932
4.357 0.999 -3.970 2.625 3.493 0.010 -3.524 -2.935
4.367 0.960 -3.944 2.600 3.493 0.010 -3.533 -2.938
4.376 0.921 -3.919 2.568 3.492 0.010 -3.541 -2.941
4.385 0.882 -3.893 2.529 3.492 0.010 -3.550 -2.945
4.393 0.843 -3.869 2.484 3.492 0.010 -3.557 -2.947
4.401 0.805 -3.844 2.432 3.492 0.010 -3.565 -2.950
4.409 0.766 -3.821 2.374 3.492 0.010 -3.572 -2.953
4.416 0.728 -3.797 2.310 3.491 0.010 -3.579 -2.955
4.423 0.691 -3.775 2.241 3.491 0.010 -3.586 -2.958
4.429 0.653 -3.753 2.165 3.491 0.010 -3.592 -2.960
4.436 0.616 -3.733 2.085 3.491 0.010 -3.597 -2.962
4.441 0.579 -3.713 1.999 3.491 0.010 -3.603 -2.964
4.447 0.542 -3.693 1.908 3.491 0.010 -3.608 -2.966
4.452 0.505 -3.675 1.813 3.491 0.010 -3.613 -2.968
4.457 0.468 -3.658 1.714 3.491 0.010 -3.617 -2.969
4.461 0.432 -3.642 1.610 3.491 0.010 -3.621 -2.971
4.465 0.396 -3.627 1.502 3.491 0.010 -3.625 -2.972
4.468 0.360 -3.613 1.391 3.491 0.010 -3.628 -2.973
4.472 0.324 -3.600 1.277 3.491 0.010 -3.631 -2.974
4.475 0.288 -3.589 1.159 3.491 0.010 -3.634 -2.975
4.477 0.252 -3.578 1.039 3.491 0.010 -3.636 -2.976
4.479 0.216 -3.569 0.916 3.491 0.010 -3.638 -2.977
4.481 0.181 -3.561 0.791 3.491 0.010 -3.640 -2.978
4.482 0.145 -3.555 0.664 3.491 0.010 -3.642 -2.978
4.484 0.110 -3.549 0.536 3.491 0.010 -3.643 -2.978
4.484 0.074 -3.545 0.406 3.491 0.010 -3.643 -2.979
4.485 0.039 -3.543 0.275 3.491 0.010 -3.644 -2.979
4.485 0.011 -2.739 80.351 3.491 0.010 -3.644 -2.979
4.485 0.001 -1.051 168.761 3.491 0.010 -3.644 -2.979
4.485 0.000 -0.083 96.830 3.491 0.010 -3.644 -2.979
0.000 0.018 1.770 177.034 3.491 0.010 -0.356 0.979
0.000 0.035 1.771 0.033 3.491 0.010 -0.357 0.979
0.001 0.071 3.542 177.165 3.491 0.010 -0.357 0.978
0.002 0.106 3.545 0.263 3.491 0.010 -0.358 0.978
0.004 0.142 3.549 0.394 3.491 0.010 -0.360 0.978
0.005 0.177 3.554 0.523 3.491 0.010 -0.361 0.977
0.008 0.213 3.561 0.652 3.491 0.010 -0.363 0.976
0.010 0.249 3.568 0.779 3.491 0.010 -0.366 0.975
0.013 0.284 3.577 0.904 3.491 0.010 -0.368 0.974
0.016 0.320 3.588 1.027 3.491 0.010 -0.371 0.973
0.020 0.356 3.599 1.148 3.491 0.010 -0.375 0.972
0.024 0.392 3.612 1.266 3.491 0.010 -0.378 0.971
0.028 0.429 3.626 1.380 3.491 0.010 -0.382 0.969
0.032 0.465 3.641 1.492 3.491 0.010 -0.387 0.968
0.038 0.502 3.657 1.600 3.491 0.010 -0.392 0.966
0.043 0.538 3.674 1.704 3.491 0.010 -0.397 0.964
0.049 0.575 3.692 1.804 3.491 0.010 -0.402 0.962
0.055 0.612 3.711 1.900 3.491 0.010 -0.408 0.960
0.061 0.650 3.731 1.991 3.491 0.010 -0.414 0.958
0.068 0.687 3.751 2.077 3.491 0.010 -0.420 0.956
0.075 0.725 3.773 2.158 3.492 0.010 -0.427 0.953
0.083 0.763 3.795 2.234 3.492 0.010 -0.434 0.950
0.091 0.801 3.818 2.304 3.492 0.010 -0.442 0.948
0.099 0.839 3.842 2.368 3.492 0.010 -0.450 0.945
0.108 0.878 3.866 2.427 3.492 0.010 -0.458 0.942
0.117 0.917 3.891 2.479 3.493 0.010 -0.467 0.939
0.127 0.956 3.916 2.525 3.493 0.010 -0.476 0.935
0.137 0.996 3.942 2.564 3.493 0.010 -0.485 0.932
0.147 1.035 3.968 2.597 3.494 0.010 -0.495 0.928
0.158 1.075 3.994 2.623 3.494 0.010 -0.505 0.925
0.169 1.115 4.021 2.641 3.495 0.010 -0.515 0.921
0.181 1.156 4.047 2.653 3.495 0.010 -0.526 0.917
0.193 1.197 4.074 2.656 3.496 0.010 -0.537 0.913
0.205 1.238 4.100 2.653 3.497 0.010 -0.549 0.908
0.218 1.279 4.127 2.641 3.497 0.010 -0.561 0.904
0.231 1.320 4.153 2.622 3.498 0.010 -0.573 0.899
0.245 1.362 4.179 2.594 3.499 0.010 -0.586 0.894
0.259 1.404 4.204 2.559 3.500 0.010 -0.599 0.890
0.273 1.447 4.230 2.515 3.501 0.010 -0.613 0.884
0.288 1.489 4.254 2.463 3.502 0.010 -0.627 0.879
0.303 1.532 4.278 2.402 3.503 0.010 -0.641 0.874
0.319 1.575 4.301 2.332 3.504 0.010 -0.656 0.868
0.335 1.618 4.324 2.253 3.506 0.010 -0.671 0.863
0.352 1.662 4.346 2.166 3.507 0.010 -0.686 0.857
0.369 1.705 4.366 2.069 3.508 0.010 -0.702 0.850
0.386 1.749 4.386 1.964 3.510 0.010 -0.719 0.844
0.404 1.793 4.404 1.849 3.511 0.010 -0.735 0.838
0.423 1.837 4.422 1.724 3.513 0.010 -0.752 0.831
0.442 1.882 4.438 1.590 3.515 0.010 -0.770 0.824
0.461 1.926 4.452 1.447 3.517 0.010 -0.788 0.817
0.481 1.971 4.465 1.294 3.519 0.010 -0.806 0.810
0.501 2.016 4.476 1.131 3.521 0.010 -0.825 0.803
0.521 2.061 4.486 0.959 3.523 0.010 -0.844 0.795
0.542 2.106 4.494 0.776 3.525 0.010 -0.864 0.787
0.564 2.150 4.500 0.585 3.527 0.010 -0.884 0.779
0.586 2.196 4.503 0.383 3.530 0.010 -0.904 0.771
0.608 2.241 4.505 0.172 3.532 0.010 -0.925 0.762
0.631 2.286 4.505 -0.048 3.535 0.010 -0.946 0.753
0.654 2.331 4.502 -0.278 3.537 0.010 -0.967 0.744
0.678 2.376 4.497 -0.517 3.540 0.010 -0.989 0.735
0.702 2.421 4.489 -0.765 3.543 0.010 -1.011 0.726
0.727 2.465 4.479 -1.021 3.546 0.010 -1.034 0.716
0.752 2.510 4.466 -1.286 3.549 0.010 -1.057 0.706
0.778 2.554 4.450 -1.559 3.552 0.010 -1.081 0.696
0.804 2.599 4.432 -1.839 3.555 0.010 -1.104 0.686
0.830 2.643 4.411 -2.127 3.558 0.010 -1.129 0.675
0.857 2.687 4.386 -2.421 3.562 0.010 -1.153 0.664
0.884 2.730 4.359 -2.721 3.565 0.010 -1.178 0.653
0.912 2.774 4.329 -3.026 3.569 0.010 -1.203 0.642
0.940 2.817 4.296 -3.336 3.572 0.010 -1.229 0.630
0.969 2.859 4.259 -3.649 3.576 0.010 -1.255 0.618
0.998 2.901 4.220 -3.966 3.580 0.010 -1.281 0.606
1.027 2.943 4.177 -4.284 3.583 0.010 -1.308 0.593
1.057 2.984 4.131 -4.604 3.587 0.010 -1.335 0.580
1.087 3.025 4.081 -4.924 3.591 0.010 -1.362 0.567
1.118 3.066 4.029 -5.243 3.595 0.010 -1.390 0.554
1.149 3.105 3.973 -5.560 3.599 0.010 -1.418 0.540
1.180 3.144 3.915 -5.874 3.603 0.010 -1.446 0.526
1.212 3.183 3.853 -6.184 3.607 0.010 -1.474 0.512
1.244 3.221 3.788 -6.488 3.611 0.010 -1.503 0.497
1.277 3.258 3.720 -6.786 3.615 0.010 -1.532 0.483
1.310 3.295 3.649 -7.076 3.619 0.010 -1.561 0.468
1.343 3.330 3.576 -7.358 3.623 0.010 -1.591 0.452
1.377 3.365 3.499 -7.630 3.628 0.010 -1.621 0.437
1.411 3.399 3.421 -7.891 3.632 0.010 -1.651 0.421
1.445 3.433 3.339 -8.140 3.636 0.010 -1.681 0.404
1.480 3.465 3.255 -8.376 3.640 0.010 -1.711 0.388
1.515 3.497 3.169 -8.598 3.644 0.010 -1.742 0.371
1.550 3.528 3.081 -8.806 3.648 0.010 -1.773 0.354
1.586 3.558 2.991 -8.998 3.652 0.010 -1.804 0.337
1.622 3.587 2.900 -9.174 3.655 0.010 -1.835 0.319
1.658 3.615 2.806 -9.333 3.659 0.010 -1.867 0.301
1.694 3.642 2.712 -9.474 3.663 0.010 -1.898 0.283
1.731 3.668 2.616 -9.598 3.667 0.010 -1.930 0.265
1.768 3.693 2.519 -9.703 3.670 0.010 -1.962 0.246
1.805 3.718 2.421 -9.790 3.673 0.010 -1.994 0.228
1.842 3.741 2.322 -9.858 3.677 0.010 -2.026 0.209
1.880 3.763 2.223 -9.906 3.680 0.010 -2.059 0.189
1.918 3.784 2.124 -9.934 3.683 0.010 -2.091 0.170
1.956 3.804 2.024 -9.943 3.686 0.010 -2.124 0.150
1.994 3.824 1.925 -9.931 3.688 0.010 -2.156 0.130
2.033 3.842 1.826 -9.899 3.691 0.010 -2.189 0.110
2.071 3.859 1.727 -9.846 3.693 0.010 -2.222 0.090
2.110 3.876 1.630 -9.772 3.696 0.010 -2.255 0.070
2.149 3.891 1.533 -9.676 3.698 0.010 -2.288 0.049
2.188 3.905 1.437 -9.558 3.699 0.010 -2.321 0.029
2.227 3.919 1.343 -9.416 3.701 0.010 -2.354 0.008
2.266 3.931 1.251 -9.250 3.702 0.010 -2.388 -0.013
2.306 3.943 1.160 -9.059 3.703 0.010 -2.421 -0.034
2.345 3.954 1.072 -8.840 3.704 0.010 -2.455 -0.055
2.385 3.963 0.986 -8.593 3.705 0.010 -2.488 -0.076
2.425 3.972 0.903 -8.316 3.705 0.010 -2.522 -0.097
2.464 3.972 -0.063 -96.550 3.706 0.010 -2.555 -0.119
2.504 3.945 -2.676 -261.316 3.705 0.010 -2.589 -0.140
2.543 3.893 -5.213 -253.720 3.705 0.010 -2.622 -0.161
2.581 3.832 -6.104 -89.061 3.704 0.010 -2.654 -0.181
2.619 3.771 -6.104 0.032 3.704 0.010 -2.686 -0.201
2.656 3.711 -6.018 8.568 3.702 0.010 -2.717 -0.221
2.692 3.651 -5.930 8.818 3.701 0.010 -2.748 -0.240
2.728 3.593 -5.839 9.039 3.700 0.010 -2.779 -0.259
2.764 3.535 -5.747 9.233 3.698 0.010 -2.809 -0.278
2.799 3.479 -5.653 9.401 3.696 0.010 -2.838 -0.296
2.833 3.423 -5.557 9.545 3.694 0.010 -2.867 -0.314
2.866 3.369 -5.461 9.666 3.691 0.010 -2.896 -0.332
2.900 3.315 -5.363 9.764 3.689 0.010 -2.924 -0.349
2.932 3.262 -5.265 9.840 3.686 0.010 -2.952 -0.366
2.964 3.211 -5.166 9.895 3.683 0.010 -2.980 -0.383
2.996 3.160 -5.067 9.929 3.680 0.010 -3.007 -0.399
3.027 3.111 -4.967 9.943 3.677 0.010 -3.034 -0.415
3.058 3.062 -4.868 9.936 3.674 0.010 -3.060 -0.431
3.088 3.014 -4.769 9.909 3.670 0.010 -3.086 -0.446
3.117 2.967 -4.670 9.863 3.667 0.010 -3.112 -0.461
3.147 2.922 -4.572 9.797 3.663 0.010 -3.137 -0.475
3.175 2.877 -4.475 9.712 3.660 0.010 -3.162 -0.490
3.204 2.833 -4.379 9.609 3.656 0.010 -3.186 -0.504
3.232 2.790 -4.284 9.487 3.652 0.010 -3.211 -0.517
3.259 2.748 -4.190 9.347 3.648 0.010 -3.235 -0.531
3.286 2.707 -4.099 9.189 3.644 0.010 -3.258 -0.544
3.313 2.667 -4.008 9.015 3.640 0.010 -3.282 -0.557
3.339 2.628 -3.920 8.825 3.636 0.010 -3.305 -0.569
3.365 2.590 -3.834 8.618 3.632 0.010 -3.328 -0.581
3.391 2.552 -3.750 8.397 3.628 0.010 -3.350 -0.593
3.416 2.516 -3.668 8.163 3.624 0.010 -3.373 -0.605
3.441 2.480 -3.589 7.915 3.620 0.010 -3.395 -0.616
3.465 2.445 -3.513 7.655 3.616 0.010 -3.416 -0.628
3.489 2.410 -3.439 7.384 3.612 0.010 -3.438 -0.639
3.513 2.377 -3.368 7.103 3.607 0.010 -3.459 -0.649
3.536 2.344 -3.300 6.814 3.603 0.010 -3.480 -0.660
3.559 2.311 -3.235 6.516 3.599 0.010 -3.501 -0.670
3.582 2.279 -3.172 6.213 3.595 0.010 -3.521 -0.680
3.605 2.248 -3.113 5.903 3.592 0.010 -3.541 -0.690
3.627 2.218 -3.057 5.590 3.588 0.010 -3.561 -0.700
3.649 2.188 -3.005 5.273 3.584 0.010 -3.581 -0.709
3.670 2.158 -2.955 4.954 3.580 0.010 -3.601 -0.718
3.692 2.129 -2.909 4.634 3.576 0.010 -3.620 -0.727
3.713 2.100 -2.866 4.314 3.573 0.010 -3.639 -0.736
3.733 2.072 -2.826 3.996 3.569 0.010 -3.658 -0.745
3.754 2.044 -2.789 3.679 3.565 0.010 -3.676 -0.753
3.774 2.017 -2.755 3.365 3.562 0.010 -3.695 -0.761
3.794 1.989 -2.725 3.055 3.559 0.010 -3.713 -0.769
3.814 1.963 -2.697 2.749 3.555 0.010 -3.731 -0.777
3.833 1.936 -2.673 2.449 3.552 0.010 -3.749 -0.785
3.852 1.909 -2.651 2.154 3.549 0.010 -3.766 -0.793
3.871 1.883 -2.633 1.866 3.546 0.010 -3.784 -0.800
3.889 1.857 -2.617 1.585 3.543 0.010 -3.801 -0.807
3.908 1.831 -2.604 1.311 3.540 0.010 -3.817 -0.814
3.926 1.805 -2.593 1.046 3.537 0.010 -3.834 -0.821
3.944 1.779 -2.585 0.789 3.535 0.010 -3.851 -0.828
3.961 1.753 -2.580 0.540 3.532 0.010 -3.867 -0.835
3.978 1.727 -2.577 0.300 3.530 0.010 -3.883 -0.842
3.995 1.702 -2.576 0.069 3.527 0.010 -3.899 -0.848
4.012 1.676 -2.578 -0.152 3.525 0.010 -3.914 -0.854
4.029 1.650 -2.581 -0.364 3.523 0.010 -3.929 -0.860
4.045 1.624 -2.587 -0.566 3.521 0.010 -3.944 -0.866
4.061 1.598 -2.595 -0.759 3.519 0.010 -3.959 -0.872
4.077 1.572 -2.604 -0.942 3.517 0.010 -3.974 -0.878
4.092 1.546 -2.615 -1.115 3.515 0.010 -3.988 -0.884
4.107 1.520 -2.628 -1.279 3.513 0.010 -4.002 -0.889
4.122 1.493 -2.642 -1.433 3.512 0.010 -4.016 -0.895
4.137 1.467 -2.658 -1.577 3.510 0.010 -4.030 -0.900
4.151 1.440 -2.675 -1.712 3.508 0.010 -4.043 -0.905
4.165 1.413 -2.694 -1.837 3.507 0.010 -4.057 -0.910
4.179 1.386 -2.713 -1.953 3.506 0.010 -4.070 -0.915
4.193 1.359 -2.734 -2.060 3.504 0.010 -4.082 -0.920
4.206 1.331 -2.755 -2.157 3.503 0.010 -4.095 -0.925
4.219 1.303 -2.778 -2.246 3.502 0.010 -4.107 -0.929
4.232 1.275 -2.801 -2.325 3.501 0.010 -4.119 -0.934
4.244 1.247 -2.825 -2.395 3.500 0.010 -4.131 -0.938
4.257 1.219 -2.849 -2.457 3.499 0.010 -4.142 -0.942
4.268 1.190 -2.875 -2.510 3.498 0.010 -4.153 -0.947
4.280 1.161 -2.900 -2.555 3.498 0.010 -4.164 -0.951
4.291 1.131 -2.926 -2.591 3.497 0.010 -4.175 -0.955
4.302 1.102 -2.952 -2.620 3.496 0.010 -4.185 -0.958
4.313 1.072 -2.979 -2.640 3.496 0.010 -4.195 -0.962
4.324 1.042 -3.005 -2.652 3.495 0.010 -4.205 -0.966
4.334 1.012 -3.032 -2.656 3.494 0.010 -4.214 -0.969
4.343 0.981 -3.058 -2.653 3.494 0.010 -4.223 -0.973
4.353 0.950 -3.085 -2.643 3.494 0.010 -4.232 -0.976
4.362 0.919 -3.111 -2.625 3.493 0.010 -4.241 -0.979
4.371 0.888 -3.137 -2.600 3.493 0.010 -4.249 -0.982
4.380 0.856 -3.163 -2.568 3.492 0.010 -4.257 -0.985
4.388 0.824 -3.188 -2.529 3.492 0.010 -4.265 -0.988
4.396 0.792 -3.213 -2.484 3.492 0.010 -4.273 -0.991
4.403 0.760 -3.237 -2.432 3.492 0.010 -4.280 -0.993
4.411 0.727 -3.261 -2.374 3.492 0.010 -4.287 -0.996
4.418 0.694 -3.284 -2.310 3.491 0.010 -4.293 -0.998
4.424 0.661 -3.306 -2.241 3.491 0.010 -4.299 -1.000
4.430 0.628 -3.328 -2.165 3.491 0.010 -4.305 -1.003
4.436 0.595 -3.349 -2.085 3.491 0.010 -4.311 -1.005
4.442 0.561 -3.369 -1.999 3.491 0.010 -4.316 -1.007
4.447 0.527 -3.388 -1.908 3.491 0.010 -4.321 -1.008
4.452 0.493 -3.406 -1.813 3.491 0.010 -4.326 -1.010
4.457 0.459 -3.423 -1.714 3.491 0.010 -4.330 -1.012
4.461 0.424 -3.439 -1.610 3.491 0.010 -4.334 -1.013
4.465 0.390 -3.454 -1.502 3.491 0.010 -4.338 -1.014
4.468 0.355 -3.468 -1.391 3.491 0.010 -4.341 -1.016
4.472 0.320 -3.481 -1.277 3.491 0.010 -4.344 -1.017
4.475 0.285 -3.493 -1.159 3.491 0.010 -4.347 -1.018
4.477 0.250 -3.503 -1.039 3.491 0.010 -4.349 -1.019
4.479 0.215 -3.512 -0.916 3.491 0.010 -4.351 -1.019
4.481 0.180 -3.520 -0.791 3.491 0.010 -4.353 -1.020
4.482 0.145 -3.527 -0.664 3.491 0.010 -4.354 -1.020
4.484 0.109 -3.532 -0.536 3.491 0.010 -4.355 -1.021
4.484 0.074 -3.536 -0.406 3.491 0.010 -4.356 -1.021
4.485 0.039 -3.539 -0.275 3.491 0.010 -4.356 -1.021
4.485 0.011 -2.738 80.061 3.491 0.010 -4.356 -1.021
4.485 0.001 -1.051 168.685 3.491 0.010 -4.356 -1.021
4.485 0.000 -0.083 96.825 3.491 0.010 -4.356 -1.021
