RightLeftSwitchFront
405
0.000 0.006 0.600 60.000 6.283 0.010 0.000 1.042
0.000 0.012 0.600 0.000 6.283 0.010 0.000 1.042
0.000 0.027 1.500 90.001 6.283 0.010 0.000 1.042
0.001 0.048 2.100 60.003 6.283 0.010 0.001 1.042
0.002 0.075 2.700 60.006 6.283 0.010 0.002 1.042
0.003 0.108 3.300 60.012 6.283 0.010 0.003 1.042
0.004 0.147 3.900 60.021 6.283 0.010 0.004 1.042
0.006 0.192 4.501 60.033 6.283 0.010 0.006 1.042
0.009 0.243 5.101 60.049 6.283 0.010 0.009 1.042
0.012 0.300 5.702 60.070 6.283 0.010 0.012 1.042
0.015 0.363 6.303 60.096 6.283 0.010 0.015 1.042
0.020 0.432 6.904 60.127 6.283 0.010 0.020 1.042
0.025 0.507 7.506 60.165 6.283 0.010 0.025 1.042
0.030 0.588 8.108 60.209 6.283 0.010 0.030 1.042
0.037 0.675 8.711 60.261 6.283 0.010 0.037 1.042
0.045 0.765 9.014 30.299 6.283 0.010 0.045 1.042
0.053 0.856 9.017 0.325 6.283 0.010 0.053 1.042
0.063 0.946 9.020 0.362 6.283 0.010 0.063 1.042
0.073 1.036 9.024 0.399 6.283 0.010 0.073 1.042
0.085 1.126 9.029 0.436 6.283 0.010 0.085 1.042
0.097 1.217 9.033 0.473 6.283 0.010 0.097 1.042
0.110 1.307 9.039 0.509 6.283 0.010 0.110 1.042
0.124 1.398 9.044 0.545 6.283 0.010 0.124 1.042
0.139 1.488 9.050 0.581 6.283 0.010 0.139 1.042
0.154 1.579 9.056 0.617 6.283 0.010 0.154 1.042
0.171 1.669 9.063 0.652 6.283 0.010 0.171 1.042
0.189 1.760 9.069 0.687 6.283 0.010 0.189 1.042
0.207 1.851 9.077 0.722 6.283 0.010 0.207 1.042
0.227 1.942 9.084 0.757 6.283 0.010 0.227 1.042
0.247 2.032 9.092 0.791 6.283 0.010 0.247 1.042
0.268 2.123 9.100 0.826 6.283 0.010 0.268 1.042
0.290 2.215 9.109 0.860 6.283 0.010 0.290 1.042
0.313 2.306 9.118 0.894 6.282 0.010 0.313 1.042
0.337 2.397 9.127 0.929 6.282 0.010 0.337 1.042
0.362 2.488 9.137 0.963 6.282 0.010 0.362 1.042
0.388 2.580 9.147 0.999 6.282 0.010 0.388 1.042
0.415 2.671 9.157 1.033 6.282 0.010 0.415 1.041
0.442 2.763 9.168 1.069 6.282 0.010 0.442 1.041
0.471 2.855 9.179 1.105 6.282 0.010 0.471 1.041
0.500 2.947 9.190 1.141 6.281 0.010 0.500 1.041
0.531 3.039 9.202 1.178 6.281 0.010 0.531 1.041
0.562 3.131 9.214 1.217 6.281 0.010 0.562 1.041
0.594 3.223 9.227 1.255 6.281 0.010 0.594 1.041
0.627 3.316 9.240 1.295 6.280 0.010 0.627 1.041
0.662 3.408 9.253 1.337 6.280 0.010 0.662 1.041
0.697 3.501 9.267 1.379 6.280 0.010 0.697 1.041
0.732 3.594 9.281 1.423 6.279 0.010 0.732 1.041
0.769 3.687 9.296 1.469 6.279 0.010 0.769 1.041
0.807 3.780 9.311 1.516 6.278 0.010 0.807 1.040
0.846 3.873 9.327 1.567 6.278 0.010 0.846 1.040
0.886 3.966 9.343 1.619 6.277 0.010 0.886 1.040
0.926 4.060 9.360 1.674 6.277 0.010 0.926 1.040
0.968 4.154 9.377 1.732 6.276 0.010 0.968 1.039
1.010 4.248 9.395 1.791 6.276 0.010 1.010 1.039
1.054 4.342 9.413 1.857 6.275 0.010 1.054 1.039
1.098 4.436 9.433 1.924 6.274 0.010 1.098 1.038
1.143 4.531 9.453 1.996 6.274 0.010 1.143 1.038
1.190 4.625 9.473 2.074 6.273 0.010 1.189 1.038
1.237 4.720 9.495 2.154 6.272 0.010 1.237 1.037
1.285 4.816 9.517 2.241 6.271 0.010 1.285 1.037
1.334 4.911 9.541 2.334 6.270 0.010 1.334 1.036
1.384 5.007 9.565 2.432 6.269 0.010 1.384 1.035
1.435 5.103 9.590 2.538 6.268 0.010 1.435 1.035
1.487 5.199 9.617 2.650 6.267 0.010 1.487 1.034
1.540 5.295 9.645 2.772 6.266 0.010 1.540 1.033
1.594 5.392 9.674 2.902 6.265 0.010 1.594 1.032
1.649 5.489 9.704 3.041 6.264 0.010 1.649 1.031
1.705 5.586 9.736 3.191 6.262 0.010 1.705 1.030
1.762 5.684 9.769 3.352 6.261 0.010 1.761 1.028
1.819 5.782 9.805 3.526 6.259 0.010 1.819 1.027
1.878 5.880 9.842 3.713 6.258 0.010 1.878 1.026
1.938 5.979 9.881 3.915 6.256 0.010 1.938 1.024
1.999 6.078 9.922 4.135 6.254 0.010 1.999 1.022
2.060 6.178 9.966 4.368 6.252 0.010 2.060 1.021
2.123 6.278 10.012 4.626 6.250 0.010 2.123 1.019
2.187 6.379 10.061 4.902 6.248 0.010 2.187 1.016
2.252 6.480 10.113 5.202 6.246 0.010 2.252 1.014
2.318 6.582 10.169 5.528 6.244 0.010 2.317 1.012
2.385 6.684 10.227 5.882 6.242 0.010 2.384 1.009
2.452 6.787 10.290 6.270 6.239 0.010 2.452 1.006
2.521 6.890 10.357 6.687 6.236 0.010 2.521 1.003
2.591 6.995 10.428 7.148 6.234 0.010 2.591 1.000
2.662 7.100 10.505 7.650 6.231 0.010 2.662 0.996
2.734 7.206 10.587 8.195 6.228 0.010 2.733 0.992
2.807 7.312 10.675 8.799 6.224 0.010 2.806 0.988
2.882 7.420 10.769 9.456 6.221 0.010 2.881 0.983
2.957 7.529 10.871 10.178 6.217 0.010 2.956 0.979
3.033 7.639 10.981 10.976 6.214 0.010 3.032 0.973
3.111 7.750 11.099 11.852 6.210 0.010 3.109 0.968
3.189 7.862 11.228 12.820 6.205 0.010 3.188 0.962
3.269 7.976 11.367 13.890 6.201 0.010 3.267 0.956
3.350 8.091 11.517 15.076 6.196 0.010 3.348 0.949
3.432 8.207 11.681 16.387 6.191 0.010 3.429 0.941
3.515 8.326 11.860 17.851 6.186 0.010 3.512 0.934
3.600 8.447 12.054 19.473 6.181 0.010 3.596 0.925
3.686 8.569 12.267 21.290 6.175 0.010 3.682 0.916
3.773 8.694 12.501 23.313 6.169 0.010 3.768 0.906
3.861 8.822 12.756 25.581 6.162 0.010 3.856 0.896
3.950 8.952 13.038 28.128 6.155 0.010 3.944 0.885
4.041 9.086 13.347 30.983 6.148 0.010 4.035 0.873
4.133 9.219 13.360 1.255 6.140 0.010 4.126 0.860
4.227 9.350 13.072 -28.834 6.132 0.010 4.218 0.847
4.322 9.478 12.810 -26.126 6.123 0.010 4.312 0.832
4.418 9.604 12.579 -23.151 6.114 0.010 4.407 0.816
4.515 9.728 12.380 -19.885 6.104 0.010 4.503 0.799
4.613 9.850 12.217 -16.306 6.094 0.010 4.599 0.781
4.713 9.971 12.093 -12.391 6.083 0.010 4.697 0.762
4.814 10.091 12.012 -8.120 6.071 0.010 4.796 0.741
4.916 10.211 11.977 -3.476 6.058 0.010 4.896 0.719
5.019 10.331 11.993 1.547 6.045 0.010 4.996 0.696
5.124 10.451 12.062 6.945 6.030 0.010 5.098 0.670
5.230 10.573 12.189 12.698 6.015 0.010 5.200 0.643
5.337 10.697 12.377 18.754 5.998 0.010 5.303 0.614
5.445 10.823 12.627 25.037 5.981 0.010 5.406 0.582
5.554 10.953 12.941 31.407 5.962 0.010 5.510 0.549
5.665 11.090 13.690 74.870 5.942 0.010 5.615 0.513
5.778 11.238 14.895 120.521 5.921 0.010 5.721 0.474
5.892 11.400 16.198 130.335 5.898 0.010 5.827 0.432
6.007 11.576 17.596 139.759 5.873 0.010 5.934 0.388
6.125 11.767 19.077 148.148 5.846 0.010 6.041 0.339
6.245 11.973 20.623 154.575 5.818 0.010 6.149 0.287
6.367 12.195 22.201 157.765 5.787 0.010 6.257 0.231
6.491 12.433 23.761 156.042 5.754 0.010 6.365 0.170
6.618 12.685 25.234 147.273 5.719 0.010 6.474 0.104
6.747 12.951 26.523 128.909 5.681 0.010 6.582 0.032
6.880 13.226 27.504 98.111 5.640 0.010 6.689 -0.045
7.015 13.506 28.025 52.081 5.597 0.010 6.795 -0.128
7.153 13.785 27.911 -11.384 5.551 0.010 6.900 -0.218
7.293 14.055 26.980 -93.073 5.502 0.010 7.002 -0.314
7.436 14.305 25.067 -191.362 5.451 0.010 7.101 -0.417
7.582 14.526 22.054 -301.311 5.398 0.010 7.196 -0.527
7.729 14.705 17.911 -414.211 5.344 0.010 7.286 -0.644
7.877 14.832 12.730 -518.121 5.288 0.010 7.370 -0.766
8.026 14.900 6.734 -599.656 5.231 0.010 7.448 -0.893
8.175 14.902 0.265 -646.825 5.174 0.010 7.518 -1.025
8.323 14.840 -6.256 -652.102 5.118 0.010 7.580 -1.159
8.470 14.716 -12.401 -614.577 5.063 0.010 7.635 -1.296
8.616 14.538 -17.804 -540.220 5.010 0.010 7.681 -1.434
8.759 14.316 -22.205 -440.176 4.959 0.010 7.720 -1.572
8.900 14.061 -25.483 -327.801 4.910 0.010 7.751 -1.709
9.037 13.784 -27.640 -215.667 4.865 0.010 7.775 -1.845
9.172 13.497 -28.774 -113.433 4.821 0.010 7.792 -1.978
9.304 13.206 -29.045 -27.023 4.781 0.010 7.804 -2.110
9.434 12.920 -28.633 41.176 4.743 0.010 7.810 -2.239
9.560 12.643 -27.718 91.436 4.708 0.010 7.812 -2.365
9.684 12.378 -26.461 125.711 4.676 0.010 7.809 -2.489
9.805 12.128 -24.994 146.739 4.646 0.010 7.803 -2.610
9.924 11.894 -23.420 157.406 4.618 0.010 7.794 -2.729
10.041 11.676 -21.816 160.381 4.592 0.010 7.781 -2.845
10.156 11.474 -20.237 157.924 4.569 0.010 7.766 -2.959
10.268 11.286 -18.718 151.848 4.547 0.010 7.749 -3.070
10.380 11.113 -17.283 143.521 4.526 0.010 7.729 -3.180
10.489 10.954 -15.944 133.967 4.508 0.010 7.708 -3.287
10.597 10.807 -14.705 123.895 4.490 0.010 7.685 -3.393
10.704 10.671 -13.567 113.803 4.474 0.010 7.661 -3.497
10.809 10.546 -12.526 104.004 4.459 0.010 7.635 -3.599
10.914 10.430 -11.580 94.697 4.446 0.010 7.608 -3.700
11.017 10.323 -10.720 85.994 4.433 0.010 7.580 -3.799
11.119 10.224 -9.940 77.940 4.421 0.010 7.551 -3.897
11.220 10.131 -9.235 70.547 4.410 0.010 7.522 -3.994
11.321 10.045 -8.597 63.801 4.400 0.010 7.491 -4.090
11.421 9.965 -8.020 57.664 4.391 0.010 7.460 -4.184
11.519 9.890 -7.499 52.101 4.383 0.010 7.429 -4.278
11.618 9.820 -7.028 47.063 4.375 0.010 7.397 -4.371
11.715 9.754 -6.603 42.507 4.367 0.010 7.364 -4.463
11.812 9.692 -6.219 38.386 4.361 0.010 7.331 -4.554
11.908 9.633 -5.873 34.658 4.355 0.010 7.297 -4.644
12.004 9.577 -5.560 31.283 4.349 0.010 7.264 -4.734
12.099 9.525 -5.278 28.225 4.344 0.010 7.230 -4.823
12.194 9.474 -5.023 25.450 4.340 0.010 7.195 -4.911
12.289 9.426 -4.794 22.927 4.335 0.010 7.161 -4.999
12.382 9.381 -4.588 20.630 4.332 0.010 7.126 -5.086
12.476 9.336 -4.402 18.534 4.329 0.010 7.091 -5.173
12.569 9.294 -4.236 16.617 4.326 0.010 7.056 -5.259
12.661 9.253 -4.088 14.859 4.323 0.010 7.021 -5.344
12.753 9.214 -3.955 13.245 4.321 0.010 6.986 -5.430
12.845 9.175 -3.838 11.756 4.320 0.010 6.951 -5.514
12.936 9.138 -3.734 10.382 4.318 0.010 6.916 -5.599
13.027 9.102 -3.643 9.109 4.317 0.010 6.881 -5.683
13.118 9.066 -3.563 7.927 4.317 0.010 6.846 -5.767
13.208 9.031 -3.495 6.827 4.316 0.010 6.811 -5.850
13.298 8.997 -3.437 5.799 4.316 0.010 6.777 -5.933
13.388 8.963 -3.389 4.838 4.317 0.010 6.742 -6.016
13.477 8.929 -3.349 3.937 4.317 0.010 6.708 -6.098
13.566 8.896 -3.319 3.091 4.318 0.010 6.674 -6.180
13.655 8.863 -3.296 2.296 4.320 0.010 6.640 -6.262
13.743 8.830 -3.280 1.548 4.321 0.010 6.606 -6.344
13.831 8.798 -3.272 0.844 4.323 0.010 6.572 -6.425
13.919 8.765 -3.270 0.184 4.326 0.010 6.539 -6.506
14.006 8.732 -3.274 -0.435 4.328 0.010 6.506 -6.587
14.093 8.699 -3.284 -1.013 4.331 0.010 6.474 -6.668
14.180 8.666 -3.300 -1.548 4.334 0.010 6.442 -6.748
14.266 8.633 -3.320 -2.040 4.338 0.010 6.410 -6.828
14.352 8.600 -3.345 -2.484 4.342 0.010 6.379 -6.909
14.438 8.566 -3.374 -2.878 4.346 0.010 6.348 -6.988
14.523 8.532 -3.406 -3.218 4.350 0.010 6.317 -7.068
14.608 8.497 -3.441 -3.496 4.355 0.010 6.288 -7.148
14.693 8.463 -3.478 -3.705 4.360 0.010 6.258 -7.227
14.777 8.427 -3.516 -3.837 4.366 0.010 6.229 -7.306
14.861 8.392 -3.555 -3.879 4.372 0.010 6.201 -7.385
14.944 8.356 -3.593 -3.823 4.378 0.010 6.173 -7.464
15.028 8.320 -3.630 -3.649 4.384 0.010 6.146 -7.543
15.110 8.283 -3.663 -3.344 4.391 0.010 6.120 -7.621
15.193 8.246 -3.692 -2.890 4.398 0.010 6.094 -7.700
15.275 8.209 -3.715 -2.264 4.406 0.010 6.069 -7.778
15.357 8.172 -3.729 -1.445 4.414 0.010 6.045 -7.856
15.438 8.134 -3.733 -0.407 4.422 0.010 6.021 -7.934
15.519 8.097 -3.725 0.876 4.431 0.010 5.998 -8.011
15.600 8.060 -3.700 2.434 4.440 0.010 5.976 -8.089
15.680 8.024 -3.657 4.296 4.449 0.010 5.955 -8.166
15.760 7.988 -3.592 6.493 4.459 0.010 5.935 -8.243
15.839 7.953 -3.502 9.057 4.469 0.010 5.915 -8.321
15.918 7.919 -3.382 12.014 4.479 0.010 5.896 -8.397
15.997 7.887 -3.228 15.396 4.490 0.010 5.879 -8.474
16.076 7.856 -3.035 19.222 4.501 0.010 5.862 -8.551
16.154 7.828 -2.800 23.509 4.512 0.010 5.846 -8.628
16.232 7.803 -2.518 28.269 4.524 0.010 5.831 -8.704
16.310 7.781 -2.183 33.498 4.536 0.010 5.817 -8.781
16.388 7.763 -1.791 39.183 4.547 0.010 5.803 -8.857
16.465 7.750 -1.338 45.295 4.559 0.010 5.791 -8.934
16.543 7.742 -0.820 51.790 4.572 0.010 5.780 -9.010
16.620 7.739 -0.234 58.602 4.584 0.010 5.769 -9.087
16.697 7.744 0.422 65.649 4.596 0.010 5.760 -9.164
16.775 7.755 1.151 72.826 4.608 0.010 5.751 -9.241
16.853 7.775 1.951 80.013 4.619 0.010 5.744 -9.318
16.931 7.803 2.822 87.071 4.631 0.010 5.737 -9.396
17.009 7.840 3.760 93.846 4.642 0.010 5.731 -9.474
17.088 7.888 4.762 100.175 4.653 0.010 5.726 -9.553
17.167 7.946 5.821 105.890 4.663 0.010 5.721 -9.632
17.248 8.015 6.929 110.818 4.672 0.010 5.718 -9.712
17.329 8.096 8.077 114.790 4.681 0.010 5.715 -9.793
17.410 8.189 9.253 117.642 4.689 0.010 5.713 -9.875
17.493 8.293 10.445 119.213 4.696 0.010 5.711 -9.958
17.578 8.410 11.639 119.353 4.701 0.010 5.710 -10.042
17.663 8.538 12.818 117.911 4.706 0.010 5.709 -10.128
17.750 8.677 13.965 114.741 4.709 0.010 5.709 -10.214
17.838 8.828 15.062 109.694 4.710 0.010 5.708 -10.303
17.928 8.977 14.847 -21.562 4.711 0.010 5.708 -10.392
18.018 9.030 5.375 -947.135 4.710 0.010 5.708 -10.483
18.109 9.059 2.839 -253.616 4.710 0.010 5.708 -10.573
18.199 9.083 2.394 -44.489 4.709 0.010 5.708 -10.664
18.290 9.102 1.959 -43.502 4.708 0.010 5.707 -10.755
18.382 9.118 1.536 -42.297 4.707 0.010 5.707 -10.846
18.473 9.129 1.127 -40.926 4.706 0.010 5.706 -10.938
18.564 9.136 0.733 -39.440 4.704 0.010 5.706 -11.029
18.656 9.140 0.354 -37.885 4.703 0.010 5.705 -11.120
18.747 9.140 -0.009 -36.302 4.702 0.010 5.704 -11.212
18.838 9.136 -0.356 -34.725 4.700 0.010 5.703 -11.303
18.930 9.129 -0.688 -33.188 4.699 0.010 5.702 -11.394
19.021 9.119 -1.006 -31.717 4.698 0.010 5.700 -11.486
19.112 9.106 -1.309 -30.336 4.697 0.010 5.699 -11.577
19.203 9.090 -1.600 -29.064 4.696 0.010 5.698 -11.667
19.294 9.071 -1.879 -27.919 4.695 0.010 5.696 -11.758
19.384 9.050 -2.148 -26.915 4.695 0.010 5.694 -11.849
19.474 9.026 -2.408 -26.062 4.695 0.010 5.693 -11.939
19.564 8.999 -2.662 -25.371 4.695 0.010 5.691 -12.029
19.654 8.970 -2.911 -24.850 4.695 0.010 5.690 -12.119
19.743 8.938 -3.156 -24.506 4.696 0.010 5.688 -12.208
19.832 8.904 -3.399 -24.345 4.696 0.010 5.687 -12.297
19.921 8.868 -3.643 -24.374 4.698 0.010 5.685 -12.386
20.009 8.829 -3.889 -24.597 4.699 0.010 5.684 -12.474
20.097 8.788 -4.139 -25.022 4.701 0.010 5.683 -12.562
20.185 8.744 -4.396 -25.653 4.704 0.010 5.682 -12.649
20.272 8.697 -4.661 -26.499 4.707 0.010 5.682 -12.736
20.358 8.648 -4.936 -27.566 4.710 0.010 5.681 -12.823
20.444 8.596 -5.225 -28.862 4.714 0.010 5.681 -12.909
20.530 8.540 -5.529 -30.397 4.718 0.010 5.682 -12.994
20.614 8.482 -5.851 -32.178 4.723 0.010 5.682 -13.079
20.699 8.420 -6.193 -34.216 4.729 0.010 5.683 -13.163
20.782 8.354 -6.558 -36.520 4.735 0.010 5.685 -13.247
20.865 8.285 -6.949 -39.097 4.742 0.010 5.687 -13.329
20.947 8.211 -7.369 -41.956 4.750 0.010 5.690 -13.411
21.028 8.133 -7.820 -45.098 4.758 0.010 5.693 -13.493
21.109 8.050 -8.305 -48.524 4.767 0.010 5.697 -13.573
21.189 7.962 -8.827 -52.225 4.777 0.010 5.702 -13.653
21.267 7.868 -9.389 -56.181 4.788 0.010 5.708 -13.731
21.345 7.768 -9.992 -60.361 4.800 0.010 5.714 -13.808
21.421 7.661 -10.640 -64.711 4.813 0.010 5.721 -13.885
21.497 7.548 -11.331 -69.151 4.827 0.010 5.729 -13.960
21.571 7.427 -12.067 -73.567 4.842 0.010 5.738 -14.033
21.644 7.299 -12.845 -77.798 4.858 0.010 5.748 -14.106
21.716 7.162 -13.661 -81.626 4.876 0.010 5.759 -14.177
21.786 7.017 -14.509 -84.761 4.895 0.010 5.771 -14.246
21.855 6.863 -15.377 -86.824 4.915 0.010 5.784 -14.313
21.922 6.701 -16.250 -87.340 4.937 0.010 5.799 -14.379
21.987 6.530 -17.107 -85.715 4.961 0.010 5.814 -14.442
22.050 6.351 -17.920 -81.247 4.986 0.010 5.830 -14.503
22.112 6.164 -18.651 -73.126 5.014 0.010 5.848 -14.563
22.172 5.972 -19.256 -60.471 5.043 0.010 5.866 -14.619
22.230 5.773 -19.816 -55.995 5.074 0.010 5.886 -14.674
22.285 5.570 -20.296 -48.062 5.106 0.010 5.906 -14.725
22.339 5.366 -20.472 -17.547 5.141 0.010 5.928 -14.775
22.391 5.164 -20.222 24.943 5.178 0.010 5.950 -14.821
22.440 4.969 -19.497 72.529 5.216 0.010 5.973 -14.865
22.488 4.786 -18.266 123.097 5.255 0.010 5.997 -14.907
22.534 4.621 -16.530 173.619 5.296 0.010 6.022 -14.946
22.579 4.477 -14.326 220.350 5.337 0.010 6.047 -14.983
22.623 4.360 -11.734 259.240 5.380 0.010 6.073 -15.017
22.665 4.271 -8.869 286.517 5.423 0.010 6.101 -15.050
22.708 4.213 -5.876 299.337 5.465 0.010 6.129 -15.082
22.749 4.183 -2.912 296.316 5.507 0.010 6.158 -15.112
22.791 4.182 -0.134 277.809 5.549 0.010 6.188 -15.140
22.833 4.205 2.324 245.834 5.590 0.010 6.220 -15.168
22.876 4.249 4.361 203.678 5.629 0.010 6.253 -15.194
22.919 4.309 6.028 166.701 5.667 0.010 6.288 -15.220
22.963 4.383 7.365 133.751 5.703 0.010 6.324 -15.245
23.007 4.466 8.293 92.730 5.738 0.010 6.362 -15.268
23.053 4.554 8.811 51.788 5.771 0.010 6.401 -15.291
23.099 4.644 8.975 16.446 5.802 0.010 6.442 -15.313
23.147 4.732 8.847 -12.759 5.832 0.010 6.484 -15.335
23.195 4.817 8.489 -35.871 5.860 0.010 6.528 -15.355
23.244 4.897 7.955 -53.329 5.886 0.010 6.573 -15.375
23.293 4.970 7.297 -65.807 5.911 0.010 6.619 -15.393
23.344 5.035 6.557 -74.077 5.934 0.010 6.666 -15.411
23.395 5.093 5.767 -78.917 5.955 0.010 6.714 -15.428
23.446 5.142 4.957 -81.053 5.976 0.010 6.763 -15.444
23.498 5.184 4.146 -81.122 5.995 0.010 6.813 -15.459
23.550 5.217 3.349 -79.665 6.013 0.010 6.863 -15.474
23.603 5.243 2.578 -77.126 6.030 0.010 6.913 -15.487
23.655 5.261 1.839 -73.857 6.046 0.010 6.964 -15.500
23.708 5.273 1.138 -70.134 6.061 0.010 7.016 -15.512
23.761 5.278 0.476 -66.165 6.075 0.010 7.067 -15.523
23.813 5.276 -0.145 -62.105 6.088 0.010 7.119 -15.534
23.866 5.269 -0.726 -58.068 6.100 0.010 7.171 -15.544
23.919 5.256 -1.267 -54.131 6.112 0.010 7.223 -15.553
23.971 5.239 -1.770 -50.350 6.122 0.010 7.274 -15.562
24.023 5.216 -2.238 -46.757 6.133 0.010 7.326 -15.570
24.075 5.189 -2.672 -43.372 6.142 0.010 7.377 -15.577
24.127 5.159 -3.074 -40.203 6.151 0.010 7.428 -15.584
24.178 5.124 -3.446 -37.253 6.160 0.010 7.479 -15.591
24.229 5.086 -3.791 -34.515 6.168 0.010 7.530 -15.597
24.279 5.045 -4.111 -31.984 6.175 0.010 7.580 -15.602
24.329 5.001 -4.408 -29.649 6.182 0.010 7.629 -15.608
24.379 4.954 -4.683 -27.499 6.189 0.010 7.679 -15.613
24.428 4.905 -4.938 -25.523 6.195 0.010 7.728 -15.617
24.476 4.853 -5.175 -23.705 6.201 0.010 7.776 -15.621
24.524 4.799 -5.395 -22.039 6.207 0.010 7.824 -15.625
24.572 4.743 -5.600 -20.509 6.212 0.010 7.871 -15.628
24.619 4.685 -5.792 -19.106 6.217 0.010 7.918 -15.632
24.665 4.626 -5.970 -17.819 6.222 0.010 7.964 -15.635
24.711 4.564 -6.136 -16.639 6.226 0.010 8.010 -15.637
24.756 4.501 -6.292 -15.556 6.230 0.010 8.054 -15.640
24.800 4.437 -6.437 -14.563 6.234 0.010 8.099 -15.642
24.844 4.371 -6.574 -13.651 6.238 0.010 8.142 -15.644
24.887 4.304 -6.702 -12.815 6.241 0.010 8.185 -15.646
24.929 4.236 -6.822 -12.045 6.244 0.010 8.228 -15.648
24.971 4.167 -6.936 -11.339 6.247 0.010 8.269 -15.649
25.012 4.096 -7.043 -10.689 6.250 0.010 8.310 -15.651
25.052 4.025 -7.144 -10.092 6.253 0.010 8.351 -15.652
25.091 3.952 -7.239 -9.541 6.255 0.010 8.390 -15.653
25.130 3.879 -7.329 -9.034 6.258 0.010 8.429 -15.654
25.168 3.805 -7.415 -8.566 6.260 0.010 8.467 -15.655
25.206 3.730 -7.496 -8.134 6.262 0.010 8.504 -15.656
25.242 3.654 -7.574 -7.735 6.264 0.010 8.541 -15.657
25.278 3.578 -7.647 -7.367 6.265 0.010 8.576 -15.657
25.313 3.501 -7.718 -7.024 6.267 0.010 8.611 -15.658
25.347 3.423 -7.785 -6.707 6.269 0.010 8.646 -15.658
25.381 3.344 -7.849 -6.413 6.270 0.010 8.679 -15.659
25.413 3.265 -7.910 -6.138 6.271 0.010 8.712 -15.659
25.445 3.185 -7.969 -5.882 6.272 0.010 8.744 -15.660
25.476 3.105 -8.025 -5.642 6.274 0.010 8.775 -15.660
25.506 3.024 -8.080 -5.418 6.275 0.010 8.805 -15.660
25.536 2.943 -8.132 -5.207 6.276 0.010 8.834 -15.660
25.564 2.861 -8.182 -5.008 6.276 0.010 8.863 -15.661
25.592 2.779 -8.230 -4.820 6.277 0.010 8.891 -15.661
25.619 2.696 -8.276 -4.641 6.278 0.010 8.918 -15.661
25.645 2.613 -8.321 -4.471 6.279 0.010 8.944 -15.661
25.671 2.529 -8.364 -4.307 6.279 0.010 8.969 -15.661
25.695 2.445 -8.406 -4.150 6.280 0.010 8.994 -15.661
25.719 2.361 -8.446 -3.999 6.280 0.010 9.017 -15.661
25.741 2.276 -8.484 -3.852 6.281 0.010 9.040 -15.661
25.763 2.191 -8.521 -3.708 6.281 0.010 9.062 -15.661
25.784 2.105 -8.557 -3.568 6.281 0.010 9.083 -15.662
25.805 2.019 -8.591 -3.430 6.282 0.010 9.103 -15.662
25.824 1.933 -8.624 -3.294 6.282 0.010 9.122 -15.662
25.842 1.846 -8.656 -3.158 6.282 0.010 9.141 -15.662
25.860 1.760 -8.686 -3.024 6.282 0.010 9.159 -15.662
25.877 1.672 -8.715 -2.890 6.282 0.010 9.175 -15.662
25.893 1.585 -8.742 -2.755 6.283 0.010 9.191 -15.662
25.908 1.497 -8.769 -2.620 6.283 0.010 9.206 -15.662
25.922 1.409 -8.793 -2.485 6.283 0.010 9.220 -15.662
25.935 1.321 -8.817 -2.348 6.283 0.010 9.233 -15.662
25.947 1.233 -8.839 -2.210 6.283 0.010 9.246 -15.662
25.959 1.144 -8.860 -2.070 6.283 0.010 9.257 -15.662
25.969 1.055 -8.879 -1.929 6.283 0.010 9.268 -15.662
25.979 0.967 -8.897 -1.787 6.283 0.010 9.277 -15.662
25.988 0.877 -8.913 -1.642 6.283 0.010 9.286 -15.662
25.996 0.788 -8.928 -1.496 6.283 0.010 9.294 -15.662
26.003 0.699 -8.942 -1.348 6.283 0.010 9.301 -15.662
26.009 0.611 -8.738 20.332 6.283 0.010 9.307 -15.662
26.014 0.529 -8.234 50.471 6.283 0.010 9.312 -15.662
26.018 0.453 -7.643 59.098 6.283 0.010 9.317 -15.662
26.022 0.382 -7.050 59.285 6.283 0.010 9.321 -15.662
26.025 0.317 -6.455 59.444 6.283 0.010 9.324 -15.662
26.028 0.259 -5.860 59.578 6.283 0.010 9.327 -15.662
26.030 0.206 -5.263 59.689 6.283 0.010 9.329 -15.662
26.032 0.160 -4.665 59.778 6.283 0.010 9.330 -15.662
26.033 0.119 -4.067 59.848 6.283 0.010 9.331 -15.662
26.034 0.084 -3.468 59.902 6.283 0.010 9.332 -15.662
26.034 0.056 -2.868 59.941 6.283 0.010 9.333 -15.662
26.035 0.033 -2.268 59.968 6.283 0.010 9.333 -15.662
26.035 0.016 -1.669 59.985 6.283 0.010 9.333 -15.662
26.035 0.006 -1.069 59.995 6.283 0.010 9.333 -15.662
26.035 0.001 -0.469 59.999 6.283 0.010 9.333 -15.662
26.035 0.000 -0.084 38.432 6.283 0.010 9.333 -15.662
0.000 0.006 0.600 60.000 6.283 0.010 0.000 -1.042
0.000 0.012 0.600 -0.000 6.283 0.010 0.000 -1.042
0.000 0.027 1.500 89.999 6.283 0.010 0.000 -1.042
0.001 0.048 2.100 59.997 6.283 0.010 0.001 -1.042
0.002 0.075 2.700 59.994 6.283 0.010 0.002 -1.042
0.003 0.108 3.300 59.988 6.283 0.010 0.003 -1.042
0.004 0.147 3.900 59.979 6.283 0.010 0.004 -1.042
0.006 0.192 4.499 59.967 6.283 0.010 0.006 -1.042
0.009 0.243 5.099 59.951 6.283 0.010 0.009 -1.042
0.012 0.300 5.698 59.930 6.283 0.010 0.012 -1.042
0.015 0.363 6.297 59.904 6.283 0.010 0.015 -1.042
0.019 0.432 6.896 59.873 6.283 0.010 0.019 -1.042
0.025 0.507 7.494 59.835 6.283 0.010 0.025 -1.042
0.030 0.588 8.092 59.791 6.283 0.010 0.030 -1.042
0.037 0.675 8.689 59.739 6.283 0.010 0.037 -1.042
0.045 0.765 8.986 29.701 6.283 0.010 0.045 -1.042
0.053 0.854 8.983 -0.325 6.283 0.010 0.053 -1.042
0.063 0.944 8.980 -0.362 6.283 0.010 0.063 -1.042
0.073 1.034 8.976 -0.399 6.283 0.010 0.073 -1.042
0.084 1.124 8.971 -0.436 6.283 0.010 0.084 -1.042
0.097 1.213 8.967 -0.473 6.283 0.010 0.097 -1.042
0.110 1.303 8.961 -0.509 6.283 0.010 0.110 -1.042
0.123 1.392 8.956 -0.545 6.283 0.010 0.123 -1.042
0.138 1.482 8.950 -0.581 6.283 0.010 0.138 -1.042
0.154 1.571 8.944 -0.617 6.283 0.010 0.154 -1.042
0.171 1.661 8.937 -0.652 6.283 0.010 0.171 -1.042
0.188 1.750 8.931 -0.687 6.283 0.010 0.188 -1.042
0.207 1.839 8.923 -0.722 6.283 0.010 0.207 -1.042
0.226 1.928 8.916 -0.757 6.283 0.010 0.226 -1.042
0.246 2.018 8.908 -0.791 6.283 0.010 0.246 -1.042
0.267 2.107 8.900 -0.826 6.283 0.010 0.267 -1.042
0.289 2.195 8.891 -0.860 6.283 0.010 0.289 -1.042
0.312 2.284 8.882 -0.895 6.282 0.010 0.312 -1.042
0.336 2.373 8.873 -0.929 6.282 0.010 0.336 -1.042
0.360 2.462 8.863 -0.964 6.282 0.010 0.360 -1.042
0.386 2.550 8.853 -0.998 6.282 0.010 0.386 -1.042
0.412 2.639 8.843 -1.034 6.282 0.010 0.412 -1.042
0.439 2.727 8.832 -1.069 6.282 0.010 0.439 -1.042
0.467 2.815 8.821 -1.105 6.282 0.010 0.467 -1.042
0.497 2.903 8.810 -1.141 6.281 0.010 0.497 -1.042
0.526 2.991 8.798 -1.179 6.281 0.010 0.526 -1.042
0.557 3.079 8.786 -1.216 6.281 0.010 0.557 -1.042
0.589 3.167 8.773 -1.255 6.281 0.010 0.589 -1.042
0.621 3.254 8.760 -1.296 6.280 0.010 0.621 -1.042
0.655 3.342 8.747 -1.336 6.280 0.010 0.655 -1.042
0.689 3.429 8.733 -1.379 6.280 0.010 0.689 -1.042
0.724 3.516 8.719 -1.424 6.279 0.010 0.724 -1.043
0.760 3.603 8.704 -1.468 6.279 0.010 0.760 -1.043
0.797 3.690 8.689 -1.517 6.278 0.010 0.797 -1.043
0.835 3.777 8.673 -1.566 6.278 0.010 0.835 -1.043
0.874 3.864 8.657 -1.619 6.277 0.010 0.874 -1.043
0.913 3.950 8.640 -1.674 6.277 0.010 0.913 -1.044
0.954 4.036 8.623 -1.731 6.276 0.010 0.954 -1.044
0.995 4.122 8.605 -1.793 6.276 0.010 0.995 -1.044
1.037 4.208 8.587 -1.856 6.275 0.010 1.037 -1.044
1.080 4.294 8.567 -1.925 6.274 0.010 1.080 -1.045
1.124 4.379 8.547 -1.997 6.274 0.010 1.124 -1.045
1.168 4.465 8.527 -2.072 6.273 0.010 1.168 -1.046
1.214 4.550 8.505 -2.155 6.272 0.010 1.214 -1.046
1.260 4.634 8.483 -2.241 6.271 0.010 1.260 -1.047
1.307 4.719 8.459 -2.333 6.270 0.010 1.307 -1.047
1.355 4.803 8.435 -2.433 6.269 0.010 1.355 -1.048
1.404 4.887 8.410 -2.537 6.268 0.010 1.404 -1.049
1.454 4.971 8.383 -2.652 6.267 0.010 1.454 -1.049
1.504 5.055 8.355 -2.772 6.266 0.010 1.504 -1.050
1.556 5.138 8.326 -2.902 6.265 0.010 1.556 -1.051
1.608 5.221 8.296 -3.041 6.264 0.010 1.608 -1.052
1.661 5.304 8.264 -3.191 6.262 0.010 1.661 -1.053
1.715 5.386 8.231 -3.352 6.261 0.010 1.715 -1.054
1.770 5.468 8.195 -3.526 6.259 0.010 1.769 -1.056
1.825 5.550 8.158 -3.713 6.258 0.010 1.825 -1.057
1.881 5.631 8.119 -3.916 6.256 0.010 1.881 -1.058
1.938 5.712 8.078 -4.133 6.254 0.010 1.938 -1.060
1.996 5.792 8.034 -4.371 6.252 0.010 1.996 -1.062
2.055 5.872 7.988 -4.625 6.250 0.010 2.055 -1.064
2.115 5.951 7.939 -4.902 6.248 0.010 2.114 -1.066
2.175 6.030 7.887 -5.203 6.246 0.010 2.175 -1.068
2.236 6.108 7.831 -5.529 6.244 0.010 2.236 -1.070
2.298 6.186 7.773 -5.884 6.242 0.010 2.298 -1.073
2.361 6.263 7.710 -6.268 6.239 0.010 2.360 -1.075
2.424 6.340 7.643 -6.691 6.236 0.010 2.423 -1.078
2.488 6.415 7.572 -7.148 6.234 0.010 2.487 -1.081
2.553 6.490 7.495 -7.648 6.231 0.010 2.552 -1.085
2.619 6.564 7.413 -8.199 6.228 0.010 2.618 -1.088
2.685 6.638 7.325 -8.797 6.224 0.010 2.684 -1.092
2.752 6.710 7.231 -9.457 6.221 0.010 2.751 -1.096
2.820 6.781 7.129 -10.181 6.217 0.010 2.819 -1.100
2.888 6.851 7.019 -10.976 6.214 0.010 2.887 -1.105
2.958 6.920 6.900 -11.854 6.210 0.010 2.956 -1.110
3.027 6.988 6.772 -12.822 6.205 0.010 3.026 -1.115
3.098 7.054 6.633 -13.892 6.201 0.010 3.096 -1.121
3.169 7.119 6.483 -15.075 6.196 0.010 3.167 -1.127
3.241 7.182 6.319 -16.393 6.191 0.010 3.239 -1.133
3.313 7.244 6.140 -17.850 6.186 0.010 3.311 -1.140
3.387 7.303 5.945 -19.479 6.181 0.010 3.383 -1.147
3.460 7.361 5.732 -21.289 6.175 0.010 3.457 -1.155
3.534 7.416 5.499 -23.318 6.169 0.010 3.530 -1.163
3.609 7.468 5.243 -25.588 6.162 0.010 3.604 -1.172
3.684 7.518 4.962 -28.129 6.155 0.010 3.679 -1.181
3.760 7.564 4.652 -30.993 6.148 0.010 3.754 -1.191
3.836 7.605 4.040 -61.259 6.140 0.010 3.829 -1.202
3.912 7.636 3.128 -91.173 6.132 0.010 3.905 -1.213
3.989 7.658 2.189 -93.883 6.123 0.010 3.981 -1.225
4.065 7.670 1.220 -96.859 6.114 0.010 4.056 -1.237
4.142 7.672 0.219 -100.125 6.104 0.010 4.132 -1.251
4.219 7.664 -0.818 -103.706 6.094 0.010 4.207 -1.265
4.295 7.645 -1.894 -107.623 6.083 0.010 4.282 -1.279
4.371 7.615 -3.013 -111.897 6.071 0.010 4.357 -1.295
4.447 7.573 -4.179 -116.542 6.058 0.010 4.431 -1.311
4.522 7.519 -5.394 -121.568 6.045 0.010 4.504 -1.329
4.597 7.453 -6.664 -126.970 6.030 0.010 4.576 -1.347
4.671 7.373 -7.991 -132.724 6.015 0.010 4.647 -1.366
4.743 7.279 -9.379 -138.788 5.998 0.010 4.717 -1.386
4.815 7.171 -10.830 -145.073 5.981 0.010 4.786 -1.406
4.886 7.047 -12.344 -151.449 5.962 0.010 4.853 -1.428
4.955 6.910 -13.693 -134.924 5.942 0.010 4.918 -1.451
5.022 6.761 -14.899 -120.584 5.921 0.010 4.982 -1.474
5.088 6.599 -16.203 -130.407 5.898 0.010 5.043 -1.498
5.153 6.423 -17.602 -139.846 5.873 0.010 5.103 -1.523
5.215 6.232 -19.084 -148.248 5.846 0.010 5.159 -1.548
5.275 6.026 -20.631 -154.687 5.818 0.010 5.214 -1.575
5.333 5.804 -22.210 -157.894 5.787 0.010 5.265 -1.601
5.389 5.566 -23.772 -156.183 5.754 0.010 5.314 -1.629
5.442 5.314 -25.246 -147.427 5.719 0.010 5.359 -1.656
5.492 5.048 -26.537 -129.067 5.681 0.010 5.401 -1.684
5.540 4.773 -27.520 -98.265 5.640 0.010 5.440 -1.712
5.585 4.493 -28.042 -52.218 5.597 0.010 5.475 -1.740
5.627 4.213 -27.929 11.283 5.551 0.010 5.507 -1.767
5.667 3.943 -26.999 93.029 5.502 0.010 5.536 -1.794
5.704 3.693 -25.085 191.403 5.451 0.010 5.562 -1.821
5.738 3.472 -22.070 301.455 5.398 0.010 5.584 -1.847
5.771 3.293 -17.925 414.471 5.344 0.010 5.604 -1.873
5.803 3.165 -12.740 518.497 5.288 0.010 5.622 -1.899
5.834 3.098 -6.739 600.127 5.231 0.010 5.638 -1.926
5.865 3.095 -0.266 647.351 5.174 0.010 5.653 -1.953
5.896 3.158 6.261 652.633 5.118 0.010 5.666 -1.982
5.929 3.282 12.411 615.060 5.063 0.010 5.678 -2.012
5.964 3.460 17.817 540.615 5.010 0.010 5.689 -2.045
6.001 3.682 22.222 440.457 4.959 0.010 5.699 -2.080
6.040 3.937 25.502 327.964 4.910 0.010 5.708 -2.119
6.082 4.214 27.659 215.719 4.865 0.010 5.715 -2.160
6.127 4.502 28.793 113.398 4.821 0.010 5.721 -2.205
6.175 4.792 29.062 26.922 4.781 0.010 5.725 -2.253
6.226 5.079 28.649 -41.314 4.743 0.010 5.728 -2.303
6.279 5.356 27.733 -91.596 4.708 0.010 5.729 -2.357
6.336 5.621 26.474 -125.877 4.676 0.010 5.727 -2.413
6.394 5.871 25.005 -146.898 4.646 0.010 5.724 -2.472
6.455 6.105 23.430 -157.555 4.618 0.010 5.719 -2.533
6.519 6.324 21.825 -160.516 4.592 0.010 5.713 -2.596
6.584 6.526 20.244 -158.046 4.569 0.010 5.704 -2.660
6.651 6.713 18.725 -151.950 4.547 0.010 5.694 -2.727
6.720 6.886 17.288 -143.613 4.526 0.010 5.682 -2.794
6.790 7.046 15.948 -134.043 4.508 0.010 5.668 -2.863
6.862 7.193 14.708 -123.963 4.490 0.010 5.653 -2.934
6.936 7.328 13.570 -113.858 4.474 0.010 5.636 -3.005
7.010 7.454 12.529 -104.051 4.459 0.010 5.618 -3.077
7.086 7.570 11.582 -94.739 4.446 0.010 5.598 -3.151
7.163 7.677 10.722 -86.027 4.433 0.010 5.578 -3.224
7.240 7.776 9.942 -77.969 4.421 0.010 5.556 -3.299
7.319 7.869 9.236 -70.573 4.410 0.010 5.533 -3.374
7.399 7.955 8.598 -63.821 4.400 0.010 5.509 -3.450
7.479 8.035 8.021 -57.683 4.391 0.010 5.484 -3.526
7.560 8.110 7.500 -52.116 4.383 0.010 5.458 -3.603
7.642 8.180 7.029 -47.077 4.375 0.010 5.431 -3.681
7.724 8.246 6.604 -42.518 4.367 0.010 5.403 -3.758
7.807 8.308 6.220 -38.396 4.361 0.010 5.375 -3.836
7.891 8.367 5.873 -34.666 4.355 0.010 5.346 -3.915
7.975 8.423 5.561 -31.291 4.349 0.010 5.316 -3.994
8.060 8.475 5.278 -28.232 4.344 0.010 5.286 -4.073
8.145 8.526 5.024 -25.455 4.340 0.010 5.255 -4.152
8.231 8.574 4.794 -22.932 4.335 0.010 5.224 -4.232
8.317 8.619 4.588 -20.634 4.332 0.010 5.192 -4.312
8.404 8.663 4.403 -18.537 4.329 0.010 5.159 -4.393
8.491 8.706 4.236 -16.620 4.326 0.010 5.127 -4.473
8.578 8.747 4.088 -14.863 4.323 0.010 5.094 -4.554
8.666 8.786 3.955 -13.247 4.321 0.010 5.060 -4.635
8.754 8.825 3.838 -11.759 4.320 0.010 5.027 -4.717
8.843 8.862 3.734 -10.384 4.318 0.010 4.993 -4.799
8.932 8.898 3.643 -9.111 4.317 0.010 4.958 -4.881
9.021 8.934 3.563 -7.929 4.317 0.010 4.924 -4.963
9.111 8.969 3.495 -6.828 4.316 0.010 4.889 -5.046
9.201 9.003 3.437 -5.801 4.316 0.010 4.855 -5.129
9.292 9.037 3.389 -4.840 4.317 0.010 4.820 -5.213
9.382 9.071 3.349 -3.939 4.317 0.010 4.785 -5.296
9.473 9.104 3.318 -3.093 4.318 0.010 4.750 -5.380
9.565 9.137 3.296 -2.298 4.320 0.010 4.715 -5.465
9.656 9.170 3.280 -1.549 4.321 0.010 4.680 -5.550
9.748 9.202 3.272 -0.846 4.323 0.010 4.645 -5.635
9.841 9.235 3.270 -0.185 4.326 0.010 4.610 -5.720
9.933 9.268 3.274 0.434 4.328 0.010 4.575 -5.806
10.026 9.301 3.284 1.011 4.331 0.010 4.540 -5.892
10.120 9.334 3.300 1.547 4.334 0.010 4.506 -5.979
10.213 9.367 3.320 2.037 4.338 0.010 4.471 -6.066
10.307 9.400 3.345 2.482 4.342 0.010 4.437 -6.154
10.402 9.434 3.374 2.877 4.346 0.010 4.403 -6.242
10.496 9.468 3.406 3.216 4.350 0.010 4.369 -6.330
10.591 9.503 3.441 3.494 4.355 0.010 4.336 -6.419
10.687 9.537 3.478 3.704 4.360 0.010 4.303 -6.508
10.783 9.572 3.516 3.834 4.366 0.010 4.270 -6.598
10.879 9.608 3.555 3.879 4.372 0.010 4.238 -6.689
10.975 9.644 3.593 3.819 4.378 0.010 4.206 -6.780
11.072 9.680 3.630 3.647 4.384 0.010 4.174 -6.871
11.169 9.717 3.663 3.342 4.391 0.010 4.143 -6.963
11.267 9.754 3.692 2.887 4.398 0.010 4.113 -7.056
11.364 9.791 3.714 2.262 4.406 0.010 4.083 -7.149
11.463 9.828 3.729 1.443 4.414 0.010 4.053 -7.243
11.561 9.866 3.733 0.405 4.422 0.010 4.025 -7.338
11.660 9.903 3.724 -0.878 4.431 0.010 3.997 -7.433
11.760 9.940 3.700 -2.435 4.440 0.010 3.970 -7.528
11.860 9.976 3.657 -4.298 4.449 0.010 3.943 -7.624
11.960 10.012 3.592 -6.495 4.459 0.010 3.918 -7.721
12.060 10.047 3.501 -9.056 4.469 0.010 3.893 -7.819
12.161 10.081 3.381 -12.016 4.479 0.010 3.869 -7.917
12.262 10.113 3.227 -15.395 4.490 0.010 3.846 -8.015
12.364 10.144 3.035 -19.220 4.501 0.010 3.825 -8.114
12.465 10.172 2.800 -23.507 4.512 0.010 3.804 -8.214
12.567 10.197 2.517 -28.265 4.524 0.010 3.784 -8.314
12.669 10.219 2.182 -33.493 4.536 0.010 3.766 -8.414
12.772 10.237 1.791 -39.177 4.547 0.010 3.748 -8.515
12.874 10.250 1.338 -45.289 4.559 0.010 3.732 -8.616
12.977 10.258 0.820 -51.781 4.572 0.010 3.717 -8.718
13.080 10.261 0.234 -58.592 4.584 0.010 3.703 -8.820
13.182 10.256 -0.422 -65.637 4.596 0.010 3.691 -8.921
13.285 10.245 -1.151 -72.814 4.608 0.010 3.679 -9.023
13.387 10.225 -1.951 -80.000 4.619 0.010 3.669 -9.125
13.489 10.197 -2.821 -87.057 4.631 0.010 3.660 -9.227
13.590 10.160 -3.759 -93.832 4.642 0.010 3.653 -9.328
13.691 10.112 -4.761 -100.162 4.653 0.010 3.646 -9.429
13.792 10.054 -5.820 -105.878 4.663 0.010 3.641 -9.529
13.892 9.984 -6.928 -110.807 4.672 0.010 3.636 -9.629
13.991 9.904 -8.076 -114.783 4.681 0.010 3.633 -9.728
14.089 9.811 -9.252 -117.637 4.689 0.010 3.630 -9.826
14.186 9.707 -10.444 -119.213 4.696 0.010 3.628 -9.923
14.282 9.590 -11.638 -119.358 4.701 0.010 3.627 -10.019
14.377 9.462 -12.817 -117.922 4.706 0.010 3.626 -10.113
14.470 9.323 -13.965 -114.759 4.709 0.010 3.625 -10.207
14.562 9.172 -15.062 -109.719 4.710 0.010 3.625 -10.298
14.652 9.023 -14.847 21.531 4.711 0.010 3.625 -10.389
14.741 8.970 -5.375 947.114 4.710 0.010 3.625 -10.478
14.831 8.941 -2.839 253.614 4.710 0.010 3.625 -10.568
14.920 8.917 -2.394 44.489 4.709 0.010 3.624 -10.657
15.009 8.898 -1.959 43.502 4.708 0.010 3.624 -10.746
15.098 8.882 -1.536 42.297 4.707 0.010 3.623 -10.835
15.187 8.871 -1.127 40.926 4.706 0.010 3.623 -10.923
15.275 8.864 -0.733 39.441 4.704 0.010 3.622 -11.012
15.364 8.860 -0.354 37.886 4.703 0.010 3.622 -11.101
15.452 8.860 0.009 36.302 4.702 0.010 3.621 -11.189
15.541 8.864 0.356 34.726 4.700 0.010 3.620 -11.278
15.630 8.871 0.688 33.188 4.699 0.010 3.618 -11.367
15.719 8.881 1.006 31.717 4.698 0.010 3.617 -11.455
15.807 8.894 1.309 30.336 4.697 0.010 3.616 -11.544
15.897 8.910 1.600 29.064 4.696 0.010 3.615 -11.633
15.986 8.929 1.879 27.919 4.695 0.010 3.613 -11.723
16.075 8.950 2.148 26.915 4.695 0.010 3.611 -11.812
16.165 8.974 2.408 26.062 4.695 0.010 3.610 -11.902
16.255 9.001 2.662 25.371 4.695 0.010 3.608 -11.992
16.345 9.030 2.911 24.849 4.695 0.010 3.607 -12.082
16.436 9.062 3.156 24.505 4.696 0.010 3.605 -12.173
16.527 9.096 3.399 24.344 4.696 0.010 3.604 -12.264
16.618 9.132 3.643 24.372 4.698 0.010 3.602 -12.355
16.710 9.171 3.889 24.595 4.699 0.010 3.601 -12.447
16.802 9.212 4.139 25.019 4.701 0.010 3.600 -12.539
16.895 9.256 4.396 25.650 4.704 0.010 3.599 -12.631
16.988 9.303 4.660 26.495 4.707 0.010 3.598 -12.724
17.081 9.352 4.936 27.562 4.710 0.010 3.598 -12.818
17.175 9.404 5.225 28.857 4.714 0.010 3.598 -12.912
17.270 9.460 5.529 30.391 4.718 0.010 3.598 -13.007
17.365 9.518 5.850 32.172 4.723 0.010 3.599 -13.102
17.461 9.580 6.192 34.209 4.729 0.010 3.600 -13.198
17.557 9.646 6.557 36.511 4.735 0.010 3.602 -13.294
17.655 9.715 6.948 39.088 4.742 0.010 3.605 -13.391
17.752 9.789 7.368 41.944 4.750 0.010 3.608 -13.489
17.851 9.867 7.819 45.085 4.758 0.010 3.612 -13.588
17.951 9.950 8.304 48.509 4.767 0.010 3.617 -13.687
18.051 10.038 8.826 52.208 4.777 0.010 3.623 -13.787
18.152 10.132 9.387 56.162 4.788 0.010 3.630 -13.888
18.255 10.232 9.991 60.339 4.800 0.010 3.639 -13.990
18.358 10.339 10.638 64.685 4.813 0.010 3.648 -14.093
18.463 10.452 11.329 69.121 4.827 0.010 3.659 -14.197
18.568 10.572 12.064 73.533 4.842 0.010 3.672 -14.302
18.675 10.701 12.842 77.760 4.858 0.010 3.687 -14.408
18.784 10.837 13.658 81.583 4.876 0.010 3.703 -14.515
18.893 10.983 14.505 84.712 4.895 0.010 3.722 -14.623
19.005 11.136 15.372 86.770 4.915 0.010 3.744 -14.733
19.118 11.299 16.245 87.279 4.937 0.010 3.768 -14.843
19.232 11.470 17.102 85.650 4.961 0.010 3.794 -14.954
19.349 11.649 17.914 81.177 4.986 0.010 3.825 -15.067
19.467 11.835 18.644 73.053 5.014 0.010 3.858 -15.181
19.588 12.028 19.248 60.398 5.043 0.010 3.895 -15.295
19.710 12.222 19.376 12.794 5.074 0.010 3.937 -15.410
19.834 12.410 18.825 -55.120 5.106 0.010 3.983 -15.525
19.960 12.588 17.800 -102.477 5.141 0.010 4.033 -15.641
20.087 12.751 16.351 -144.940 5.178 0.010 4.088 -15.756
20.216 12.896 14.426 -192.492 5.216 0.010 4.148 -15.870
20.346 13.015 11.996 -243.020 5.255 0.010 4.213 -15.982
20.477 13.106 9.060 -293.501 5.296 0.010 4.283 -16.093
20.609 13.163 5.659 -340.192 5.337 0.010 4.358 -16.202
20.741 13.181 1.868 -379.048 5.380 0.010 4.437 -16.307
20.873 13.159 -2.195 -406.303 5.423 0.010 4.521 -16.408
21.003 13.096 -6.386 -419.114 5.465 0.010 4.608 -16.506
21.133 12.990 -10.547 -416.100 5.507 0.010 4.699 -16.599
21.262 12.845 -14.523 -397.613 5.549 0.010 4.793 -16.687
21.388 12.663 -18.180 -365.671 5.590 0.010 4.888 -16.770
21.513 12.449 -21.415 -323.556 5.629 0.010 4.986 -16.847
21.635 12.210 -23.850 -243.493 5.667 0.010 5.084 -16.920
21.755 11.957 -25.356 -150.592 5.703 0.010 5.183 -16.987
21.872 11.694 -26.284 -92.740 5.738 0.010 5.282 -17.050
21.986 11.426 -26.802 -51.821 5.771 0.010 5.380 -17.107
22.097 11.156 -26.967 -16.496 5.802 0.010 5.478 -17.160
22.206 10.888 -26.840 12.699 5.832 0.010 5.576 -17.209
22.312 10.623 -26.482 35.805 5.860 0.010 5.672 -17.254
22.416 10.364 -25.949 53.262 5.886 0.010 5.767 -17.296
22.517 10.111 -25.292 65.741 5.911 0.010 5.861 -17.334
22.616 9.865 -24.552 74.014 5.934 0.010 5.953 -17.368
22.712 9.628 -23.763 78.859 5.955 0.010 6.044 -17.400
22.806 9.398 -22.953 80.999 5.976 0.010 6.133 -17.430
22.898 9.177 -22.142 81.074 5.995 0.010 6.221 -17.457
22.988 8.963 -21.346 79.623 6.013 0.010 6.307 -17.481
23.075 8.757 -20.575 77.088 6.030 0.010 6.391 -17.504
23.161 8.559 -19.837 73.825 6.046 0.010 6.474 -17.525
23.244 8.368 -19.136 70.105 6.061 0.010 6.556 -17.544
23.326 8.183 -18.475 66.139 6.075 0.010 6.636 -17.561
23.406 8.004 -17.854 62.083 6.088 0.010 6.714 -17.577
23.485 7.832 -17.273 58.048 6.100 0.010 6.791 -17.592
23.561 7.664 -16.732 54.115 6.112 0.010 6.867 -17.606
23.636 7.502 -16.229 50.335 6.122 0.010 6.941 -17.618
23.710 7.344 -15.761 46.745 6.133 0.010 7.013 -17.629
23.782 7.191 -15.328 43.361 6.142 0.010 7.084 -17.640
23.852 7.042 -14.926 40.194 6.151 0.010 7.154 -17.650
23.921 6.896 -14.553 37.244 6.160 0.010 7.223 -17.658
23.988 6.754 -14.208 34.509 6.168 0.010 7.290 -17.666
24.055 6.615 -13.888 31.979 6.175 0.010 7.355 -17.674
24.119 6.479 -13.592 29.644 6.182 0.010 7.420 -17.680
24.183 6.346 -13.317 27.495 6.189 0.010 7.483 -17.687
24.245 6.216 -13.062 25.518 6.195 0.010 7.545 -17.692
24.306 6.087 -12.825 23.703 6.201 0.010 7.605 -17.697
24.366 5.961 -12.604 22.036 6.207 0.010 7.665 -17.702
24.424 5.837 -12.399 20.506 6.212 0.010 7.723 -17.706
24.481 5.715 -12.208 19.103 6.217 0.010 7.780 -17.710
24.537 5.595 -12.030 17.817 6.222 0.010 7.836 -17.714
24.592 5.476 -11.864 16.637 6.226 0.010 7.891 -17.717
24.645 5.359 -11.708 15.555 6.230 0.010 7.944 -17.720
24.698 5.244 -11.563 14.561 6.234 0.010 7.997 -17.723
24.749 5.129 -11.426 13.651 6.238 0.010 8.048 -17.725
24.799 5.016 -11.298 12.813 6.241 0.010 8.098 -17.727
24.848 4.905 -11.178 12.045 6.244 0.010 8.147 -17.729
24.896 4.794 -11.064 11.338 6.247 0.010 8.195 -17.731
24.943 4.684 -10.957 10.689 6.250 0.010 8.242 -17.733
24.989 4.576 -10.856 10.091 6.253 0.010 8.287 -17.734
25.034 4.468 -10.761 9.541 6.255 0.010 8.332 -17.736
25.077 4.362 -10.671 9.033 6.258 0.010 8.376 -17.737
25.120 4.256 -10.585 8.566 6.260 0.010 8.418 -17.738
25.161 4.151 -10.504 8.134 6.262 0.010 8.460 -17.739
25.202 4.046 -10.426 7.735 6.264 0.010 8.500 -17.739
25.241 3.943 -10.353 7.366 6.265 0.010 8.540 -17.740
25.280 3.840 -10.282 7.024 6.267 0.010 8.578 -17.741
25.317 3.738 -10.215 6.707 6.269 0.010 8.615 -17.741
25.353 3.636 -10.151 6.412 6.270 0.010 8.652 -17.742
25.389 3.535 -10.090 6.138 6.271 0.010 8.687 -17.742
25.423 3.435 -10.031 5.882 6.272 0.010 8.721 -17.743
25.456 3.335 -9.975 5.643 6.274 0.010 8.755 -17.743
25.489 3.236 -9.920 5.418 6.275 0.010 8.787 -17.743
25.520 3.138 -9.868 5.207 6.276 0.010 8.818 -17.744
25.550 3.039 -9.818 5.008 6.276 0.010 8.849 -17.744
25.580 2.942 -9.770 4.820 6.277 0.010 8.878 -17.744
25.608 2.844 -9.724 4.641 6.278 0.010 8.907 -17.744
25.636 2.748 -9.679 4.471 6.279 0.010 8.934 -17.744
25.662 2.651 -9.636 4.307 6.279 0.010 8.961 -17.744
25.688 2.555 -9.594 4.150 6.280 0.010 8.986 -17.745
25.712 2.460 -9.554 3.999 6.280 0.010 9.011 -17.745
25.736 2.365 -9.516 3.852 6.281 0.010 9.034 -17.745
25.759 2.270 -9.479 3.708 6.281 0.010 9.057 -17.745
25.781 2.175 -9.443 3.568 6.281 0.010 9.079 -17.745
25.801 2.081 -9.409 3.430 6.282 0.010 9.100 -17.745
25.821 1.988 -9.376 3.293 6.282 0.010 9.120 -17.745
25.840 1.894 -9.344 3.158 6.282 0.010 9.139 -17.745
25.858 1.801 -9.314 3.024 6.282 0.010 9.157 -17.745
25.875 1.708 -9.285 2.890 6.282 0.010 9.174 -17.745
25.891 1.616 -9.258 2.755 6.283 0.010 9.190 -17.745
25.907 1.523 -9.231 2.620 6.283 0.010 9.205 -17.745
25.921 1.431 -9.207 2.485 6.283 0.010 9.219 -17.745
25.934 1.339 -9.183 2.348 6.283 0.010 9.233 -17.745
25.947 1.248 -9.161 2.210 6.283 0.010 9.245 -17.745
25.958 1.156 -9.140 2.070 6.283 0.010 9.257 -17.745
25.969 1.065 -9.121 1.929 6.283 0.010 9.267 -17.745
25.979 0.974 -9.103 1.786 6.283 0.010 9.277 -17.745
25.988 0.883 -9.087 1.642 6.283 0.010 9.286 -17.745
25.996 0.792 -9.072 1.496 6.283 0.010 9.294 -17.745
26.003 0.702 -9.058 1.348 6.283 0.010 9.301 -17.745
26.009 0.614 -8.830 22.803 6.283 0.010 9.307 -17.745
26.014 0.531 -8.304 52.664 6.283 0.010 9.312 -17.745
26.019 0.454 -7.695 60.902 6.283 0.010 9.317 -17.745
26.022 0.383 -7.087 60.715 6.283 0.010 9.321 -17.745
26.026 0.318 -6.482 60.556 6.283 0.010 9.324 -17.745
26.028 0.259 -5.878 60.422 6.283 0.010 9.327 -17.745
26.030 0.206 -5.274 60.311 6.283 0.010 9.329 -17.745
26.032 0.160 -4.672 60.222 6.283 0.010 9.330 -17.745
26.033 0.119 -4.071 60.152 6.283 0.010 9.331 -17.745
26.034 0.084 -3.470 60.098 6.283 0.010 9.332 -17.745
26.034 0.056 -2.869 60.059 6.283 0.010 9.333 -17.745
26.035 0.033 -2.269 60.032 6.283 0.010 9.333 -17.745
26.035 0.016 -1.669 60.015 6.283 0.010 9.333 -17.745
26.035 0.006 -1.069 60.005 6.283 0.010 9.333 -17.745
26.035 0.001 -0.469 60.001 6.283 0.010 9.333 -17.745
26.035 0.000 -0.084 38.433 6.283 0.010 9.333 -17.745
