SCurve
322
0.000 0.006 0.556 55.556 0.000 0.010 0.000 1.042
0.000 0.011 0.556 -0.001 0.000 0.010 0.000 1.042
0.000 0.025 1.389 83.326 0.000 0.010 0.000 1.042
0.001 0.044 1.944 55.534 0.000 0.010 0.001 1.042
0.002 0.069 2.499 55.506 0.000 0.010 0.002 1.042
0.003 0.100 3.054 55.460 0.000 0.010 0.003 1.042
0.004 0.136 3.608 55.392 0.000 0.010 0.004 1.042
0.006 0.178 4.161 55.297 0.000 0.010 0.006 1.042
0.008 0.225 4.712 55.172 0.000 0.010 0.008 1.042
0.011 0.275 4.985 27.276 0.000 0.010 0.011 1.042
0.014 0.324 4.979 -0.592 0.000 0.010 0.014 1.042
0.018 0.374 4.972 -0.698 0.000 0.010 0.018 1.042
0.022 0.424 4.964 -0.803 0.000 0.010 0.022 1.042
0.027 0.473 4.955 -0.907 0.000 0.010 0.027 1.042
0.032 0.523 4.945 -1.009 0.000 0.010 0.032 1.042
0.038 0.572 4.934 -1.111 0.000 0.010 0.038 1.042
0.044 0.621 4.922 -1.210 0.000 0.010 0.044 1.042
0.050 0.670 4.909 -1.309 0.000 0.010 0.050 1.042
0.058 0.719 4.895 -1.405 0.000 0.010 0.058 1.042
0.065 0.768 4.880 -1.500 0.000 0.010 0.065 1.042
0.074 0.817 4.864 -1.592 0.000 0.010 0.074 1.042
0.082 0.865 4.847 -1.683 0.000 0.010 0.082 1.042
0.091 0.914 4.829 -1.771 0.001 0.010 0.091 1.042
0.101 0.962 4.811 -1.858 0.001 0.010 0.101 1.042
0.111 1.010 4.791 -1.942 0.001 0.010 0.111 1.042
0.122 1.057 4.771 -2.023 0.001 0.010 0.122 1.042
0.133 1.105 4.750 -2.102 0.001 0.010 0.133 1.042
0.144 1.152 4.728 -2.179 0.001 0.010 0.144 1.042
0.156 1.199 4.706 -2.253 0.002 0.010 0.156 1.042
0.169 1.246 4.682 -2.324 0.002 0.010 0.169 1.042
0.182 1.293 4.659 -2.393 0.002 0.010 0.182 1.042
0.195 1.339 4.634 -2.459 0.003 0.010 0.195 1.042
0.209 1.385 4.609 -2.522 0.003 0.010 0.209 1.042
0.223 1.431 4.583 -2.583 0.003 0.010 0.223 1.042
0.238 1.476 4.556 -2.640 0.004 0.010 0.238 1.042
0.253 1.522 4.530 -2.695 0.004 0.010 0.253 1.042
0.269 1.567 4.502 -2.746 0.005 0.010 0.269 1.042
0.285 1.611 4.474 -2.795 0.006 0.010 0.285 1.042
0.301 1.656 4.446 -2.841 0.006 0.010 0.301 1.042
0.318 1.700 4.417 -2.883 0.007 0.010 0.318 1.042
0.336 1.744 4.388 -2.922 0.008 0.010 0.336 1.043
0.354 1.788 4.358 -2.959 0.009 0.010 0.354 1.043
0.372 1.831 4.328 -2.992 0.009 0.010 0.372 1.043
0.391 1.874 4.298 -3.022 0.010 0.010 0.391 1.043
0.410 1.916 4.267 -3.048 0.011 0.010 0.410 1.043
0.430 1.959 4.237 -3.072 0.013 0.010 0.430 1.043
0.450 2.001 4.206 -3.092 0.014 0.010 0.450 1.044
0.470 2.043 4.175 -3.108 0.015 0.010 0.470 1.044
0.491 2.084 4.144 -3.121 0.016 0.010 0.491 1.044
0.512 2.125 4.112 -3.129 0.018 0.010 0.512 1.045
0.534 2.166 4.081 -3.135 0.019 0.010 0.534 1.045
0.556 2.206 4.050 -3.136 0.021 0.010 0.556 1.046
0.578 2.247 4.018 -3.133 0.023 0.010 0.578 1.046
0.601 2.287 3.987 -3.126 0.025 0.010 0.601 1.047
0.624 2.326 3.956 -3.114 0.026 0.010 0.624 1.047
0.648 2.365 3.925 -3.098 0.028 0.010 0.648 1.048
0.672 2.404 3.894 -3.076 0.031 0.010 0.672 1.049
0.697 2.443 3.864 -3.050 0.033 0.010 0.696 1.049
0.721 2.481 3.833 -3.018 0.035 0.010 0.721 1.050
0.747 2.519 3.804 -2.981 0.038 0.010 0.746 1.051
0.772 2.557 3.774 -2.937 0.040 0.010 0.772 1.052
0.798 2.594 3.745 -2.887 0.043 0.010 0.798 1.053
0.824 2.632 3.717 -2.831 0.046 0.010 0.824 1.054
0.851 2.669 3.689 -2.767 0.049 0.010 0.851 1.056
0.878 2.705 3.662 -2.696 0.052 0.010 0.878 1.057
0.905 2.742 3.636 -2.617 0.055 0.010 0.905 1.058
0.933 2.778 3.611 -2.529 0.058 0.010 0.933 1.060
0.961 2.814 3.587 -2.433 0.062 0.010 0.961 1.062
0.990 2.849 3.563 -2.327 0.065 0.010 0.989 1.063
1.019 2.885 3.541 -2.212 0.069 0.010 1.018 1.065
1.048 2.920 3.520 -2.086 0.073 0.010 1.047 1.067
1.077 2.955 3.501 -1.950 0.077 0.010 1.077 1.070
1.107 2.990 3.483 -1.802 0.081 0.010 1.107 1.072
1.138 3.024 3.466 -1.643 0.085 0.010 1.137 1.075
1.168 3.059 3.452 -1.471 0.090 0.010 1.167 1.077
1.199 3.093 3.439 -1.286 0.095 0.010 1.198 1.080
1.230 3.127 3.428 -1.088 0.099 0.010 1.229 1.083
1.262 3.162 3.419 -0.876 0.104 0.010 1.261 1.086
1.294 3.196 3.413 -0.651 0.109 0.010 1.292 1.090
1.326 3.230 3.409 -0.411 0.115 0.010 1.324 1.093
1.359 3.264 3.407 -0.156 0.120 0.010 1.357 1.097
1.392 3.298 3.408 0.114 0.126 0.010 1.390 1.101
1.425 3.332 3.412 0.398 0.131 0.010 1.423 1.105
1.459 3.366 3.419 0.698 0.137 0.010 1.456 1.110
1.493 3.401 3.429 1.013 0.143 0.010 1.490 1.115
1.527 3.435 3.443 1.342 0.149 0.010 1.524 1.120
1.562 3.470 3.460 1.686 0.155 0.010 1.558 1.125
1.597 3.504 3.480 2.044 0.162 0.010 1.593 1.131
1.632 3.539 3.504 2.416 0.169 0.010 1.628 1.136
1.668 3.575 3.532 2.800 0.175 0.010 1.663 1.142
1.704 3.610 3.564 3.196 0.182 0.010 1.698 1.149
1.741 3.646 3.600 3.602 0.189 0.010 1.734 1.156
1.778 3.683 3.640 4.018 0.196 0.010 1.770 1.163
1.815 3.720 3.685 4.442 0.203 0.010 1.807 1.170
1.852 3.757 3.733 4.872 0.211 0.010 1.843 1.178
1.890 3.795 3.787 5.307 0.218 0.010 1.881 1.186
1.929 3.833 3.844 5.745 0.226 0.010 1.918 1.194
1.967 3.872 3.906 6.183 0.234 0.010 1.956 1.203
2.006 3.912 3.972 6.619 0.241 0.010 1.994 1.212
2.046 3.953 4.043 7.051 0.249 0.010 2.032 1.222
2.086 3.991 3.887 -15.515 0.257 0.010 2.071 1.232
2.126 4.026 3.506 -38.119 0.265 0.010 2.110 1.242
2.167 4.058 3.128 -37.822 0.273 0.010 2.149 1.253
2.208 4.085 2.752 -37.633 0.282 0.010 2.188 1.264
2.249 4.109 2.376 -37.555 0.290 0.010 2.227 1.276
2.290 4.129 2.000 -37.588 0.298 0.010 2.267 1.288
2.331 4.145 1.623 -37.734 0.306 0.010 2.306 1.300
2.373 4.158 1.243 -37.990 0.314 0.010 2.346 1.313
2.415 4.166 0.859 -38.352 0.322 0.010 2.386 1.326
2.456 4.173 0.703 -15.610 0.330 0.010 2.425 1.339
2.498 4.181 0.776 7.262 0.338 0.010 2.465 1.353
2.540 4.190 0.846 7.028 0.346 0.010 2.504 1.367
2.582 4.199 0.914 6.785 0.353 0.010 2.544 1.381
2.624 4.208 0.979 6.534 0.361 0.010 2.583 1.396
2.666 4.219 1.042 6.276 0.368 0.010 2.622 1.411
2.709 4.230 1.102 6.014 0.376 0.010 2.662 1.426
2.751 4.242 1.160 5.747 0.383 0.010 2.701 1.442
2.794 4.254 1.215 5.479 0.390 0.010 2.741 1.458
2.836 4.266 1.267 5.209 0.397 0.010 2.780 1.475
2.879 4.279 1.316 4.940 0.404 0.010 2.819 1.491
2.922 4.293 1.363 4.673 0.411 0.010 2.859 1.508
2.965 4.307 1.407 4.408 0.418 0.010 2.898 1.526
3.008 4.322 1.448 4.148 0.424 0.010 2.938 1.543
3.052 4.337 1.487 3.892 0.430 0.010 2.977 1.561
3.095 4.352 1.524 3.642 0.437 0.010 3.017 1.580
3.139 4.367 1.558 3.399 0.443 0.010 3.056 1.598
3.183 4.383 1.589 3.163 0.449 0.010 3.096 1.617
3.227 4.399 1.619 2.935 0.454 0.010 3.135 1.636
3.271 4.416 1.646 2.715 0.460 0.010 3.175 1.656
3.315 4.433 1.671 2.505 0.465 0.010 3.215 1.675
3.360 4.450 1.694 2.303 0.471 0.010 3.254 1.696
3.404 4.467 1.715 2.111 0.476 0.010 3.294 1.716
3.449 4.484 1.734 1.929 0.481 0.010 3.334 1.737
3.494 4.502 1.752 1.756 0.486 0.010 3.374 1.757
3.539 4.519 1.768 1.594 0.490 0.010 3.414 1.779
3.585 4.537 1.782 1.441 0.495 0.010 3.454 1.800
3.630 4.555 1.795 1.298 0.499 0.010 3.494 1.822
3.676 4.573 1.807 1.164 0.503 0.010 3.534 1.844
3.722 4.591 1.817 1.040 0.507 0.010 3.574 1.866
3.768 4.610 1.826 0.925 0.511 0.010 3.614 1.888
3.814 4.628 1.835 0.820 0.514 0.010 3.655 1.911
3.861 4.646 1.842 0.722 0.518 0.010 3.695 1.934
3.907 4.665 1.848 0.633 0.521 0.010 3.736 1.957
3.954 4.683 1.854 0.552 0.524 0.010 3.776 1.981
4.001 4.702 1.859 0.479 0.527 0.010 3.817 2.004
4.048 4.721 1.863 0.413 0.529 0.010 3.858 2.028
4.096 4.739 1.866 0.354 0.532 0.010 3.898 2.052
4.143 4.758 1.869 0.301 0.534 0.010 3.939 2.076
4.191 4.777 1.872 0.254 0.536 0.010 3.981 2.101
4.239 4.795 1.874 0.213 0.538 0.010 4.022 2.125
4.287 4.814 1.876 0.177 0.540 0.010 4.063 2.150
4.336 4.833 1.877 0.146 0.542 0.010 4.104 2.175
4.384 4.852 1.878 0.119 0.543 0.010 4.146 2.200
4.433 4.870 1.879 0.096 0.544 0.010 4.188 2.225
4.482 4.889 1.880 0.077 0.546 0.010 4.229 2.250
4.531 4.908 1.881 0.060 0.546 0.010 4.271 2.276
4.580 4.927 1.881 0.046 0.547 0.010 4.313 2.301
4.630 4.946 1.881 0.034 0.548 0.010 4.356 2.327
4.679 4.964 1.882 0.024 0.548 0.010 4.398 2.353
4.729 4.983 1.882 0.015 0.548 0.010 4.441 2.379
4.779 5.002 1.882 0.007 0.548 0.010 4.483 2.405
4.829 5.021 1.882 -0.001 0.548 0.010 4.526 2.431
4.880 5.040 1.882 -0.009 0.548 0.010 4.569 2.457
4.930 5.059 1.882 -0.017 0.547 0.010 4.612 2.484
4.981 5.077 1.881 -0.026 0.546 0.010 4.656 2.510
5.032 5.096 1.881 -0.037 0.545 0.010 4.699 2.537
5.083 5.115 1.881 -0.049 0.544 0.010 4.743 2.563
5.134 5.134 1.880 -0.064 0.543 0.010 4.787 2.590
5.186 5.153 1.879 -0.081 0.541 0.010 4.831 2.616
5.238 5.171 1.878 -0.101 0.540 0.010 4.875 2.643
5.290 5.190 1.877 -0.125 0.538 0.010 4.920 2.669
5.342 5.209 1.875 -0.153 0.536 0.010 4.965 2.696
5.394 5.228 1.873 -0.185 0.534 0.010 5.010 2.723
5.446 5.246 1.871 -0.222 0.531 0.010 5.055 2.749
5.499 5.265 1.869 -0.265 0.529 0.010 5.100 2.776
5.552 5.284 1.865 -0.313 0.526 0.010 5.146 2.803
5.605 5.302 1.862 -0.367 0.523 0.010 5.192 2.829
5.658 5.321 1.857 -0.428 0.520 0.010 5.238 2.856
5.712 5.339 1.853 -0.495 0.517 0.010 5.284 2.882
5.765 5.358 1.847 -0.570 0.513 0.010 5.331 2.909
5.819 5.376 1.840 -0.653 0.510 0.010 5.378 2.935
5.873 5.395 1.833 -0.744 0.506 0.010 5.425 2.961
5.927 5.413 1.824 -0.843 0.502 0.010 5.472 2.987
5.981 5.431 1.815 -0.951 0.498 0.010 5.520 3.013
6.036 5.449 1.804 -1.068 0.494 0.010 5.568 3.039
6.090 5.467 1.792 -1.194 0.489 0.010 5.616 3.065
6.145 5.485 1.779 -1.329 0.485 0.010 5.665 3.091
6.200 5.502 1.764 -1.475 0.480 0.010 5.713 3.116
6.255 5.520 1.748 -1.630 0.475 0.010 5.763 3.142
6.311 5.537 1.730 -1.794 0.470 0.010 5.812 3.167
6.366 5.554 1.710 -1.969 0.464 0.010 5.861 3.192
6.422 5.571 1.689 -2.154 0.459 0.010 5.911 3.217
6.478 5.588 1.665 -2.348 0.453 0.010 5.961 3.241
6.534 5.604 1.640 -2.551 0.447 0.010 6.012 3.266
6.590 5.620 1.612 -2.764 0.441 0.010 6.063 3.290
6.647 5.636 1.582 -2.985 0.435 0.010 6.114 3.314
6.703 5.652 1.550 -3.215 0.429 0.010 6.165 3.337
6.760 5.667 1.516 -3.453 0.423 0.010 6.217 3.361
6.817 5.682 1.479 -3.698 0.416 0.010 6.269 3.384
6.874 5.696 1.439 -3.949 0.409 0.010 6.321 3.407
6.931 5.710 1.397 -4.206 0.403 0.010 6.373 3.429
6.988 5.723 1.352 -4.467 0.396 0.010 6.426 3.452
7.045 5.737 1.305 -4.733 0.389 0.010 6.479 3.473
7.103 5.749 1.255 -5.000 0.381 0.010 6.532 3.495
7.160 5.761 1.202 -5.270 0.374 0.010 6.586 3.516
7.218 5.773 1.147 -5.539 0.367 0.010 6.640 3.537
7.276 5.783 1.089 -5.807 0.359 0.010 6.694 3.558
7.334 5.794 1.028 -6.073 0.351 0.010 6.748 3.578
7.392 5.803 0.965 -6.334 0.344 0.010 6.802 3.598
7.450 5.812 0.899 -6.591 0.336 0.010 6.857 3.617
7.508 5.821 0.831 -6.840 0.328 0.010 6.912 3.636
7.566 5.828 0.760 -7.081 0.320 0.010 6.968 3.655
7.625 5.834 0.614 -14.601 0.312 0.010 7.023 3.673
7.683 5.836 0.141 -47.317 0.304 0.010 7.079 3.690
7.742 5.830 -0.588 -72.846 0.296 0.010 7.134 3.708
7.800 5.817 -1.320 -73.184 0.288 0.010 7.190 3.724
7.858 5.796 -2.054 -73.415 0.280 0.010 7.246 3.741
7.915 5.768 -2.789 -73.536 0.272 0.010 7.301 3.756
7.973 5.733 -3.525 -73.545 0.264 0.010 7.356 3.771
8.030 5.690 -4.259 -73.442 0.256 0.010 7.411 3.786
8.086 5.641 -4.991 -73.228 0.248 0.010 7.466 3.800
8.142 5.584 -5.647 -65.592 0.240 0.010 7.520 3.814
8.197 5.524 -5.974 -32.628 0.232 0.010 7.574 3.826
8.252 5.464 -6.043 -6.955 0.224 0.010 7.627 3.839
8.306 5.403 -6.108 -6.521 0.217 0.010 7.680 3.851
8.359 5.341 -6.169 -6.084 0.209 0.010 7.732 3.862
8.412 5.279 -6.226 -5.646 0.202 0.010 7.784 3.873
8.464 5.216 -6.278 -5.209 0.195 0.010 7.835 3.883
8.516 5.153 -6.325 -4.775 0.188 0.010 7.886 3.893
8.566 5.089 -6.369 -4.346 0.181 0.010 7.936 3.902
8.617 5.025 -6.408 -3.924 0.174 0.010 7.985 3.911
8.666 4.961 -6.443 -3.510 0.167 0.010 8.034 3.919
8.715 4.896 -6.474 -3.106 0.160 0.010 8.082 3.927
8.764 4.831 -6.501 -2.713 0.154 0.010 8.130 3.935
8.811 4.766 -6.525 -2.332 0.148 0.010 8.177 3.942
8.858 4.700 -6.544 -1.963 0.142 0.010 8.224 3.949
8.905 4.635 -6.561 -1.608 0.136 0.010 8.270 3.955
8.950 4.569 -6.573 -1.268 0.130 0.010 8.315 3.961
8.995 4.503 -6.583 -0.941 0.124 0.010 8.359 3.967
9.040 4.437 -6.589 -0.630 0.119 0.010 8.404 3.972
9.083 4.371 -6.592 -0.334 0.113 0.010 8.447 3.977
9.126 4.305 -6.593 -0.052 0.108 0.010 8.490 3.982
9.169 4.239 -6.591 0.214 0.103 0.010 8.532 3.987
9.211 4.174 -6.586 0.465 0.098 0.010 8.573 3.991
9.252 4.108 -6.579 0.703 0.094 0.010 8.614 3.995
9.292 4.042 -6.570 0.925 0.089 0.010 8.655 3.998
9.332 3.976 -6.558 1.133 0.085 0.010 8.694 4.002
9.371 3.911 -6.545 1.328 0.080 0.010 8.733 4.005
9.409 3.846 -6.530 1.510 0.076 0.010 8.771 4.008
9.447 3.781 -6.513 1.679 0.072 0.010 8.809 4.011
9.484 3.716 -6.495 1.836 0.068 0.010 8.846 4.014
9.521 3.651 -6.475 1.981 0.064 0.010 8.883 4.016
9.557 3.586 -6.454 2.115 0.061 0.010 8.918 4.018
9.592 3.522 -6.431 2.239 0.057 0.010 8.954 4.020
9.627 3.458 -6.408 2.352 0.054 0.010 8.988 4.022
9.661 3.394 -6.383 2.455 0.051 0.010 9.022 4.024
9.694 3.331 -6.358 2.549 0.048 0.010 9.055 4.026
9.726 3.267 -6.332 2.635 0.045 0.010 9.088 4.027
9.759 3.204 -6.304 2.712 0.042 0.010 9.120 4.029
9.790 3.141 -6.277 2.782 0.040 0.010 9.151 4.030
9.821 3.079 -6.248 2.844 0.037 0.010 9.182 4.031
9.851 3.017 -6.219 2.899 0.035 0.010 9.212 4.032
9.880 2.955 -6.190 2.947 0.032 0.010 9.242 4.033
9.909 2.893 -6.160 2.989 0.030 0.010 9.271 4.034
9.938 2.832 -6.130 3.025 0.028 0.010 9.299 4.035
9.965 2.771 -6.099 3.056 0.026 0.010 9.327 4.036
9.993 2.710 -6.068 3.081 0.024 0.010 9.354 4.036
10.019 2.650 -6.037 3.101 0.022 0.010 9.380 4.037
10.045 2.590 -6.006 3.117 0.021 0.010 9.406 4.037
10.070 2.530 -5.975 3.127 0.019 0.010 9.431 4.038
10.095 2.471 -5.943 3.134 0.018 0.010 9.456 4.038
10.119 2.412 -5.912 3.136 0.016 0.010 9.480 4.039
10.143 2.353 -5.881 3.134 0.015 0.010 9.504 4.039
10.166 2.294 -5.849 3.128 0.014 0.010 9.527 4.039
10.188 2.236 -5.818 3.118 0.012 0.010 9.549 4.040
10.210 2.178 -5.787 3.104 0.011 0.010 9.571 4.040
10.231 2.121 -5.756 3.087 0.010 0.010 9.592 4.040
10.251 2.063 -5.726 3.067 0.009 0.010 9.613 4.040
10.272 2.006 -5.695 3.043 0.008 0.010 9.633 4.041
10.291 1.950 -5.665 3.015 0.008 0.010 9.652 4.041
10.310 1.893 -5.635 2.985 0.007 0.010 9.671 4.041
10.328 1.837 -5.606 2.951 0.006 0.010 9.690 4.041
10.346 1.782 -5.577 2.914 0.005 0.010 9.707 4.041
10.363 1.726 -5.548 2.874 0.005 0.010 9.725 4.041
10.380 1.671 -5.520 2.830 0.004 0.010 9.741 4.041
10.396 1.616 -5.492 2.784 0.004 0.010 9.758 4.041
10.412 1.561 -5.464 2.735 0.003 0.010 9.773 4.041
10.427 1.507 -5.438 2.683 0.003 0.010 9.788 4.041
10.442 1.453 -5.411 2.627 0.003 0.010 9.803 4.041
10.456 1.399 -5.386 2.569 0.002 0.010 9.817 4.042
10.469 1.345 -5.361 2.508 0.002 0.010 9.830 4.042
10.482 1.292 -5.336 2.445 0.002 0.010 9.843 4.042
10.494 1.239 -5.312 2.378 0.001 0.010 9.856 4.042
10.506 1.186 -5.289 2.309 0.001 0.010 9.867 4.042
10.517 1.133 -5.267 2.237 0.001 0.010 9.879 4.042
10.528 1.081 -5.245 2.162 0.001 0.010 9.890 4.042
10.539 1.029 -5.224 2.085 0.001 0.010 9.900 4.042
10.548 0.977 -5.204 2.005 0.001 0.010 9.910 4.042
10.558 0.925 -5.185 1.923 0.000 0.010 9.919 4.042
10.566 0.873 -5.167 1.838 0.000 0.010 9.928 4.042
10.575 0.822 -5.149 1.752 0.000 0.010 9.936 4.042
10.582 0.770 -5.133 1.663 0.000 0.010 9.943 4.042
10.589 0.719 -5.117 1.572 0.000 0.010 9.951 4.042
10.596 0.668 -5.102 1.478 0.000 0.010 9.957 4.042
10.602 0.617 -5.088 1.383 0.000 0.010 9.964 4.042
10.608 0.566 -5.075 1.287 0.000 0.010 9.969 4.042
10.613 0.516 -5.063 1.188 0.000 0.010 9.974 4.042
10.618 0.465 -5.053 1.088 0.000 0.010 9.979 4.042
10.622 0.415 -5.043 0.987 0.000 0.010 9.983 4.042
10.626 0.365 -5.034 0.884 0.000 0.010 9.987 4.042
10.629 0.314 -5.026 0.780 0.000 0.010 9.990 4.042
10.631 0.264 -5.019 0.675 0.000 0.010 9.993 4.042
10.633 0.215 -4.951 6.815 0.000 0.010 9.995 4.042
10.635 0.169 -4.606 34.495 0.000 0.010 9.996 4.042
10.636 0.128 -4.047 55.909 0.000 0.010 9.998 4.042
10.637 0.093 -3.489 55.791 0.000 0.010 9.999 4.042
10.638 0.064 -2.932 55.702 0.000 0.010 9.999 4.042
10.638 0.040 -2.376 55.640 0.000 0.010 10.000 4.042
10.639 0.022 -1.820 55.598 0.000 0.010 10.000 4.042
10.639 0.009 -1.264 55.573 0.000 0.010 10.000 4.042
10.639 0.002 -0.708 55.561 0.000 0.010 10.000 4.042
10.639 0.000 -0.215 49.314 0.000 0.010 10.000 4.042
0.000 0.006 0.556 55.556 0.000 0.010 0.000 -1.042
0.000 0.011 0.556 0.001 0.000 0.010 0.000 -1.042
0.000 0.025 1.389 83.340 0.000 0.010 0.000 -1.042
0.001 0.044 1.945 55.577 0.000 0.010 0.001 -1.042
0.002 0.069 2.501 55.605 0.000 0.010 0.002 -1.042
0.003 0.100 3.057 55.651 0.000 0.010 0.003 -1.042
0.004 0.136 3.614 55.719 0.000 0.010 0.004 -1.042
0.006 0.178 4.173 55.814 0.000 0.010 0.006 -1.042
0.008 0.225 4.732 55.939 0.000 0.010 0.008 -1.042
0.011 0.275 5.015 28.279 0.000 0.010 0.011 -1.042
0.014 0.326 5.021 0.592 0.000 0.010 0.014 -1.042
0.018 0.376 5.028 0.698 0.000 0.010 0.018 -1.042
0.022 0.426 5.036 0.803 0.000 0.010 0.022 -1.042
0.027 0.477 5.045 0.907 0.000 0.010 0.027 -1.042
0.032 0.527 5.055 1.009 0.000 0.010 0.032 -1.042
0.038 0.578 5.066 1.111 0.000 0.010 0.038 -1.042
0.044 0.629 5.078 1.210 0.000 0.010 0.044 -1.042
0.051 0.680 5.091 1.309 0.000 0.010 0.051 -1.042
0.058 0.731 5.105 1.405 0.000 0.010 0.058 -1.042
0.066 0.782 5.120 1.500 0.000 0.010 0.066 -1.042
0.074 0.833 5.136 1.592 0.000 0.010 0.074 -1.042
0.083 0.885 5.153 1.683 0.000 0.010 0.083 -1.042
0.093 0.936 5.171 1.771 0.001 0.010 0.093 -1.042
0.102 0.988 5.189 1.858 0.001 0.010 0.102 -1.042
0.113 1.040 5.209 1.942 0.001 0.010 0.113 -1.042
0.124 1.093 5.229 2.023 0.001 0.010 0.124 -1.042
0.135 1.145 5.250 2.102 0.001 0.010 0.135 -1.042
0.147 1.198 5.272 2.179 0.001 0.010 0.147 -1.042
0.160 1.251 5.294 2.253 0.002 0.010 0.160 -1.042
0.173 1.304 5.318 2.325 0.002 0.010 0.173 -1.042
0.186 1.357 5.341 2.393 0.002 0.010 0.186 -1.042
0.200 1.411 5.366 2.459 0.003 0.010 0.200 -1.041
0.215 1.465 5.391 2.522 0.003 0.010 0.215 -1.041
0.230 1.519 5.417 2.583 0.003 0.010 0.230 -1.041
0.246 1.574 5.444 2.640 0.004 0.010 0.246 -1.041
0.262 1.628 5.470 2.695 0.004 0.010 0.262 -1.041
0.279 1.683 5.498 2.746 0.005 0.010 0.279 -1.041
0.296 1.739 5.526 2.795 0.006 0.010 0.296 -1.041
0.314 1.794 5.554 2.841 0.006 0.010 0.314 -1.041
0.333 1.850 5.583 2.883 0.007 0.010 0.333 -1.041
0.352 1.906 5.612 2.923 0.008 0.010 0.352 -1.041
0.372 1.962 5.642 2.959 0.009 0.010 0.372 -1.041
0.392 2.019 5.672 2.992 0.009 0.010 0.392 -1.040
0.413 2.076 5.702 3.022 0.010 0.010 0.413 -1.040
0.434 2.134 5.733 3.048 0.011 0.010 0.434 -1.040
0.456 2.191 5.763 3.072 0.013 0.010 0.456 -1.040
0.478 2.249 5.794 3.091 0.014 0.010 0.478 -1.039
0.501 2.307 5.825 3.108 0.015 0.010 0.501 -1.039
0.525 2.366 5.856 3.120 0.016 0.010 0.525 -1.039
0.549 2.425 5.888 3.129 0.018 0.010 0.549 -1.038
0.574 2.484 5.919 3.135 0.019 0.010 0.574 -1.038
0.600 2.544 5.950 3.136 0.021 0.010 0.600 -1.037
0.626 2.603 5.982 3.133 0.023 0.010 0.626 -1.037
0.652 2.663 6.013 3.125 0.025 0.010 0.652 -1.036
0.679 2.724 6.044 3.114 0.026 0.010 0.679 -1.035
0.707 2.785 6.075 3.097 0.028 0.010 0.707 -1.035
0.736 2.846 6.106 3.076 0.031 0.010 0.736 -1.034
0.765 2.907 6.136 3.050 0.033 0.010 0.765 -1.033
0.795 2.969 6.167 3.018 0.035 0.010 0.794 -1.032
0.825 3.031 6.196 2.980 0.038 0.010 0.825 -1.031
0.856 3.093 6.226 2.937 0.040 0.010 0.856 -1.030
0.887 3.156 6.255 2.887 0.043 0.010 0.887 -1.028
0.919 3.218 6.283 2.830 0.046 0.010 0.919 -1.027
0.952 3.281 6.311 2.767 0.049 0.010 0.952 -1.025
0.986 3.345 6.338 2.696 0.052 0.010 0.985 -1.024
1.020 3.408 6.364 2.616 0.055 0.010 1.020 -1.022
1.055 3.472 6.389 2.529 0.058 0.010 1.054 -1.020
1.090 3.536 6.413 2.433 0.062 0.010 1.089 -1.018
1.126 3.601 6.437 2.327 0.065 0.010 1.125 -1.015
1.163 3.665 6.459 2.212 0.069 0.010 1.162 -1.013
1.200 3.730 6.480 2.086 0.073 0.010 1.199 -1.010
1.238 3.795 6.499 1.950 0.077 0.010 1.237 -1.007
1.276 3.860 6.517 1.802 0.081 0.010 1.276 -1.004
1.316 3.926 6.534 1.642 0.085 0.010 1.315 -1.001
1.356 3.991 6.548 1.471 0.090 0.010 1.354 -0.998
1.396 4.057 6.561 1.286 0.095 0.010 1.395 -0.994
1.437 4.123 6.572 1.088 0.099 0.010 1.436 -0.990
1.479 4.188 6.581 0.876 0.104 0.010 1.477 -0.986
1.522 4.254 6.587 0.650 0.109 0.010 1.520 -0.981
1.565 4.320 6.591 0.410 0.115 0.010 1.563 -0.976
1.609 4.386 6.593 0.156 0.120 0.010 1.606 -0.971
1.653 4.452 6.592 -0.114 0.126 0.010 1.650 -0.966
1.699 4.518 6.588 -0.399 0.131 0.010 1.695 -0.960
1.744 4.584 6.581 -0.698 0.137 0.010 1.741 -0.954
1.791 4.649 6.571 -1.013 0.143 0.010 1.787 -0.947
1.838 4.715 6.557 -1.343 0.149 0.010 1.833 -0.940
1.886 4.780 6.540 -1.687 0.155 0.010 1.881 -0.933
1.934 4.846 6.520 -2.045 0.162 0.010 1.928 -0.926
1.983 4.911 6.496 -2.416 0.169 0.010 1.977 -0.917
2.033 4.975 6.468 -2.800 0.175 0.010 2.026 -0.909
2.084 5.040 6.436 -3.196 0.182 0.010 2.076 -0.900
2.135 5.104 6.400 -3.603 0.189 0.010 2.126 -0.891
2.186 5.167 6.360 -4.018 0.196 0.010 2.176 -0.881
2.239 5.230 6.315 -4.442 0.203 0.010 2.228 -0.870
2.292 5.293 6.266 -4.872 0.211 0.010 2.279 -0.859
2.345 5.355 6.213 -5.307 0.218 0.010 2.332 -0.848
2.399 5.417 6.156 -5.744 0.226 0.010 2.385 -0.836
2.454 5.478 6.094 -6.182 0.234 0.010 2.438 -0.824
2.509 5.538 6.028 -6.619 0.241 0.010 2.492 -0.811
2.565 5.597 5.957 -7.051 0.249 0.010 2.546 -0.797
2.622 5.653 5.557 -40.040 0.257 0.010 2.601 -0.783
2.679 5.701 4.827 -72.991 0.265 0.010 2.656 -0.768
2.736 5.742 4.094 -73.288 0.273 0.010 2.711 -0.753
2.794 5.776 3.359 -73.477 0.282 0.010 2.767 -0.737
2.852 5.802 2.624 -73.555 0.290 0.010 2.822 -0.721
2.910 5.821 1.889 -73.521 0.298 0.010 2.878 -0.704
2.969 5.832 1.155 -73.375 0.306 0.010 2.934 -0.686
3.027 5.837 0.424 -73.120 0.314 0.010 2.989 -0.669
3.085 5.834 -0.304 -72.757 0.322 0.010 3.045 -0.650
3.144 5.827 -0.703 -39.945 0.330 0.010 3.100 -0.632
3.202 5.819 -0.776 -7.262 0.338 0.010 3.155 -0.613
3.260 5.810 -0.846 -7.028 0.346 0.010 3.210 -0.593
3.318 5.801 -0.914 -6.785 0.353 0.010 3.264 -0.573
3.376 5.792 -0.979 -6.534 0.361 0.010 3.319 -0.553
3.434 5.781 -1.042 -6.276 0.368 0.010 3.373 -0.533
3.491 5.770 -1.102 -6.013 0.376 0.010 3.426 -0.512
3.549 5.758 -1.160 -5.747 0.383 0.010 3.480 -0.490
3.606 5.746 -1.215 -5.478 0.390 0.010 3.533 -0.469
3.664 5.734 -1.267 -5.209 0.397 0.010 3.586 -0.447
3.721 5.720 -1.316 -4.940 0.404 0.010 3.639 -0.424
3.778 5.707 -1.363 -4.673 0.411 0.010 3.691 -0.402
3.835 5.693 -1.407 -4.408 0.418 0.010 3.743 -0.379
3.892 5.678 -1.448 -4.148 0.424 0.010 3.795 -0.356
3.948 5.663 -1.487 -3.892 0.430 0.010 3.847 -0.332
4.005 5.648 -1.524 -3.642 0.437 0.010 3.898 -0.308
4.061 5.633 -1.558 -3.399 0.443 0.010 3.949 -0.284
4.117 5.617 -1.589 -3.163 0.449 0.010 3.999 -0.260
4.173 5.601 -1.619 -2.935 0.454 0.010 4.050 -0.236
4.229 5.584 -1.646 -2.715 0.460 0.010 4.100 -0.211
4.285 5.567 -1.671 -2.505 0.465 0.010 4.150 -0.186
4.340 5.550 -1.694 -2.303 0.471 0.010 4.199 -0.161
4.396 5.533 -1.715 -2.111 0.476 0.010 4.249 -0.136
4.451 5.516 -1.734 -1.929 0.481 0.010 4.298 -0.111
4.506 5.498 -1.752 -1.756 0.486 0.010 4.346 -0.085
4.561 5.481 -1.768 -1.594 0.490 0.010 4.395 -0.059
4.615 5.463 -1.782 -1.441 0.495 0.010 4.443 -0.033
4.670 5.445 -1.795 -1.298 0.499 0.010 4.491 -0.008
4.724 5.427 -1.807 -1.165 0.503 0.010 4.538 0.019
4.778 5.409 -1.817 -1.040 0.507 0.010 4.586 0.045
4.832 5.390 -1.826 -0.926 0.511 0.010 4.633 0.071
4.886 5.372 -1.835 -0.820 0.514 0.010 4.679 0.097
4.939 5.354 -1.842 -0.723 0.518 0.010 4.726 0.124
4.993 5.335 -1.848 -0.634 0.521 0.010 4.772 0.150
5.046 5.317 -1.854 -0.553 0.524 0.010 4.818 0.177
5.099 5.298 -1.859 -0.479 0.527 0.010 4.864 0.203
5.152 5.279 -1.863 -0.413 0.529 0.010 4.910 0.230
5.204 5.261 -1.866 -0.354 0.532 0.010 4.955 0.257
5.257 5.242 -1.869 -0.302 0.534 0.010 5.000 0.283
5.309 5.223 -1.872 -0.255 0.536 0.010 5.045 0.310
5.361 5.205 -1.874 -0.214 0.538 0.010 5.090 0.336
5.413 5.186 -1.876 -0.178 0.540 0.010 5.134 0.363
5.464 5.167 -1.877 -0.146 0.542 0.010 5.179 0.390
5.516 5.148 -1.878 -0.120 0.543 0.010 5.223 0.416
5.567 5.130 -1.879 -0.097 0.544 0.010 5.267 0.443
5.618 5.111 -1.880 -0.077 0.546 0.010 5.310 0.469
5.669 5.092 -1.881 -0.060 0.546 0.010 5.354 0.496
5.720 5.073 -1.881 -0.046 0.547 0.010 5.397 0.522
5.770 5.054 -1.881 -0.034 0.548 0.010 5.440 0.548
5.821 5.036 -1.882 -0.024 0.548 0.010 5.483 0.575
5.871 5.017 -1.882 -0.015 0.548 0.010 5.526 0.601
5.921 4.998 -1.882 -0.007 0.548 0.010 5.569 0.627
5.971 4.979 -1.882 0.001 0.548 0.010 5.611 0.653
6.020 4.960 -1.882 0.009 0.548 0.010 5.654 0.679
6.070 4.941 -1.882 0.017 0.547 0.010 5.696 0.704
6.119 4.923 -1.881 0.026 0.546 0.010 5.738 0.730
6.168 4.904 -1.881 0.037 0.545 0.010 5.780 0.755
6.217 4.885 -1.881 0.049 0.544 0.010 5.822 0.781
6.266 4.866 -1.880 0.064 0.543 0.010 5.863 0.806
6.314 4.847 -1.879 0.081 0.541 0.010 5.905 0.831
6.362 4.829 -1.878 0.101 0.540 0.010 5.946 0.856
6.410 4.810 -1.877 0.125 0.538 0.010 5.988 0.880
6.458 4.791 -1.875 0.153 0.536 0.010 6.029 0.905
6.506 4.772 -1.873 0.185 0.534 0.010 6.070 0.929
6.554 4.754 -1.871 0.222 0.531 0.010 6.111 0.953
6.601 4.735 -1.869 0.264 0.529 0.010 6.152 0.977
6.648 4.716 -1.865 0.313 0.526 0.010 6.192 1.001
6.695 4.698 -1.862 0.367 0.523 0.010 6.233 1.025
6.742 4.679 -1.858 0.427 0.520 0.010 6.274 1.048
6.788 4.661 -1.853 0.495 0.517 0.010 6.314 1.071
6.835 4.642 -1.847 0.570 0.513 0.010 6.354 1.094
6.881 4.624 -1.840 0.653 0.510 0.010 6.395 1.117
6.927 4.605 -1.833 0.743 0.506 0.010 6.435 1.139
6.973 4.587 -1.824 0.843 0.502 0.010 6.475 1.161
7.019 4.569 -1.815 0.950 0.498 0.010 6.515 1.183
7.064 4.551 -1.804 1.067 0.494 0.010 6.555 1.205
7.110 4.533 -1.792 1.194 0.489 0.010 6.595 1.226
7.155 4.515 -1.779 1.329 0.485 0.010 6.635 1.247
7.200 4.498 -1.764 1.474 0.480 0.010 6.675 1.268
7.245 4.480 -1.748 1.629 0.475 0.010 6.715 1.289
7.289 4.463 -1.730 1.794 0.470 0.010 6.755 1.309
7.334 4.446 -1.710 1.969 0.464 0.010 6.794 1.329
7.378 4.429 -1.689 2.153 0.459 0.010 6.834 1.349
7.422 4.412 -1.665 2.347 0.453 0.010 6.874 1.368
7.466 4.396 -1.640 2.551 0.447 0.010 6.913 1.387
7.510 4.380 -1.612 2.764 0.441 0.010 6.953 1.406
7.553 4.364 -1.582 2.985 0.435 0.010 6.992 1.425
7.597 4.348 -1.550 3.215 0.429 0.010 7.032 1.443
7.640 4.333 -1.516 3.453 0.423 0.010 7.071 1.461
7.683 4.318 -1.479 3.698 0.416 0.010 7.111 1.478
7.726 4.304 -1.439 3.949 0.409 0.010 7.150 1.496
7.769 4.290 -1.397 4.206 0.403 0.010 7.189 1.513
7.812 4.276 -1.353 4.467 0.396 0.010 7.229 1.529
7.855 4.263 -1.305 4.733 0.389 0.010 7.268 1.545
7.897 4.251 -1.255 5.001 0.381 0.010 7.308 1.561
7.940 4.239 -1.202 5.270 0.374 0.010 7.347 1.577
7.982 4.227 -1.147 5.539 0.367 0.010 7.386 1.592
8.024 4.217 -1.089 5.807 0.359 0.010 7.426 1.607
8.066 4.206 -1.028 6.073 0.351 0.010 7.465 1.622
8.108 4.197 -0.965 6.335 0.344 0.010 7.505 1.636
8.150 4.188 -0.899 6.591 0.336 0.010 7.544 1.650
8.192 4.179 -0.831 6.841 0.328 0.010 7.584 1.664
8.233 4.172 -0.760 7.082 0.320 0.010 7.623 1.677
8.275 4.164 -0.739 2.118 0.312 0.010 7.663 1.690
8.317 4.155 -0.946 -20.722 0.304 0.010 7.702 1.703
8.358 4.142 -1.329 -38.264 0.296 0.010 7.742 1.715
8.399 4.124 -1.708 -37.926 0.288 0.010 7.781 1.727
8.440 4.104 -2.085 -37.694 0.280 0.010 7.821 1.738
8.481 4.079 -2.460 -37.574 0.272 0.010 7.860 1.749
8.522 4.051 -2.836 -37.565 0.264 0.010 7.899 1.760
8.562 4.019 -3.213 -37.668 0.256 0.010 7.938 1.770
8.602 3.983 -3.592 -37.882 0.248 0.010 7.977 1.780
8.641 3.943 -3.922 -33.034 0.240 0.010 8.015 1.790
8.680 3.903 -4.026 -10.443 0.232 0.010 8.053 1.799
8.719 3.864 -3.957 6.955 0.224 0.010 8.090 1.808
8.757 3.825 -3.892 6.521 0.217 0.010 8.128 1.816
8.795 3.786 -3.831 6.084 0.209 0.010 8.165 1.824
8.832 3.749 -3.774 5.646 0.202 0.010 8.201 1.832
8.869 3.711 -3.722 5.209 0.195 0.010 8.238 1.839
8.906 3.675 -3.674 4.775 0.188 0.010 8.274 1.846
8.943 3.638 -3.631 4.347 0.181 0.010 8.310 1.853
8.979 3.602 -3.592 3.924 0.174 0.010 8.345 1.859
9.014 3.567 -3.557 3.510 0.167 0.010 8.380 1.865
9.050 3.532 -3.526 3.106 0.160 0.010 8.415 1.871
9.085 3.497 -3.498 2.713 0.154 0.010 8.450 1.876
9.119 3.462 -3.475 2.332 0.148 0.010 8.484 1.881
9.153 3.427 -3.455 1.963 0.142 0.010 8.518 1.886
9.187 3.393 -3.439 1.608 0.136 0.010 8.551 1.891
9.221 3.359 -3.427 1.267 0.130 0.010 8.585 1.896
9.254 3.324 -3.417 0.941 0.124 0.010 8.618 1.900
9.287 3.290 -3.411 0.630 0.119 0.010 8.650 1.904
9.320 3.256 -3.408 0.333 0.113 0.010 8.683 1.907
9.352 3.222 -3.407 0.052 0.108 0.010 8.715 1.911
9.384 3.188 -3.409 -0.214 0.103 0.010 8.746 1.914
9.415 3.154 -3.414 -0.466 0.098 0.010 8.778 1.918
9.447 3.120 -3.421 -0.703 0.094 0.010 8.809 1.921
9.477 3.085 -3.430 -0.925 0.089 0.010 8.840 1.923
9.508 3.051 -3.442 -1.134 0.085 0.010 8.870 1.926
9.538 3.016 -3.455 -1.329 0.080 0.010 8.900 1.928
9.568 2.982 -3.470 -1.510 0.076 0.010 8.930 1.931
9.597 2.947 -3.487 -1.679 0.072 0.010 8.959 1.933
9.626 2.912 -3.505 -1.836 0.068 0.010 8.988 1.935
9.655 2.877 -3.525 -1.981 0.064 0.010 9.017 1.937
9.684 2.841 -3.546 -2.115 0.061 0.010 9.045 1.939
9.712 2.805 -3.568 -2.239 0.057 0.010 9.073 1.940
9.739 2.770 -3.592 -2.352 0.054 0.010 9.101 1.942
9.767 2.733 -3.617 -2.455 0.051 0.010 9.128 1.943
9.794 2.697 -3.642 -2.550 0.048 0.010 9.155 1.945
9.820 2.660 -3.668 -2.635 0.045 0.010 9.182 1.946
9.847 2.623 -3.696 -2.712 0.042 0.010 9.208 1.947
9.872 2.586 -3.723 -2.782 0.040 0.010 9.234 1.948
9.898 2.549 -3.752 -2.844 0.037 0.010 9.259 1.949
9.923 2.511 -3.781 -2.899 0.035 0.010 9.284 1.950
9.948 2.473 -3.810 -2.947 0.032 0.010 9.309 1.951
9.972 2.434 -3.840 -2.989 0.030 0.010 9.333 1.952
9.996 2.396 -3.870 -3.026 0.028 0.010 9.357 1.952
10.020 2.357 -3.901 -3.056 0.026 0.010 9.381 1.953
10.043 2.317 -3.932 -3.081 0.024 0.010 9.404 1.954
10.066 2.278 -3.963 -3.102 0.022 0.010 9.427 1.954
10.088 2.238 -3.994 -3.117 0.021 0.010 9.449 1.955
10.110 2.197 -4.025 -3.128 0.019 0.010 9.471 1.955
10.131 2.157 -4.057 -3.134 0.018 0.010 9.493 1.955
10.153 2.116 -4.088 -3.136 0.016 0.010 9.514 1.956
10.173 2.075 -4.119 -3.134 0.015 0.010 9.535 1.956
10.194 2.033 -4.151 -3.128 0.014 0.010 9.555 1.956
10.214 1.991 -4.182 -3.118 0.012 0.010 9.575 1.957
10.233 1.949 -4.213 -3.104 0.011 0.010 9.594 1.957
10.252 1.907 -4.244 -3.087 0.010 0.010 9.613 1.957
10.271 1.864 -4.274 -3.067 0.009 0.010 9.632 1.957
10.289 1.821 -4.305 -3.043 0.008 0.010 9.650 1.957
10.307 1.778 -4.335 -3.015 0.008 0.010 9.668 1.957
10.324 1.734 -4.365 -2.985 0.007 0.010 9.685 1.958
10.341 1.690 -4.394 -2.951 0.006 0.010 9.702 1.958
10.358 1.646 -4.423 -2.914 0.005 0.010 9.719 1.958
10.374 1.601 -4.452 -2.874 0.005 0.010 9.735 1.958
10.389 1.557 -4.480 -2.831 0.004 0.010 9.750 1.958
10.404 1.512 -4.508 -2.784 0.004 0.010 9.765 1.958
10.419 1.466 -4.536 -2.735 0.003 0.010 9.780 1.958
10.433 1.421 -4.562 -2.683 0.003 0.010 9.794 1.958
10.447 1.375 -4.589 -2.627 0.003 0.010 9.808 1.958
10.460 1.329 -4.614 -2.569 0.002 0.010 9.821 1.958
10.473 1.282 -4.639 -2.508 0.002 0.010 9.834 1.958
10.485 1.235 -4.664 -2.445 0.002 0.010 9.847 1.958
10.497 1.189 -4.688 -2.378 0.001 0.010 9.858 1.958
10.509 1.141 -4.711 -2.309 0.001 0.010 9.870 1.958
10.520 1.094 -4.733 -2.237 0.001 0.010 9.881 1.958
10.530 1.047 -4.755 -2.162 0.001 0.010 9.891 1.958
10.540 0.999 -4.776 -2.085 0.001 0.010 9.901 1.958
10.549 0.951 -4.796 -2.005 0.001 0.010 9.911 1.958
10.559 0.903 -4.815 -1.923 0.000 0.010 9.920 1.958
10.567 0.854 -4.833 -1.838 0.000 0.010 9.928 1.958
10.575 0.806 -4.851 -1.752 0.000 0.010 9.936 1.958
10.583 0.757 -4.867 -1.663 0.000 0.010 9.944 1.958
10.590 0.708 -4.883 -1.572 0.000 0.010 9.951 1.958
10.596 0.659 -4.898 -1.478 0.000 0.010 9.958 1.958
10.602 0.610 -4.912 -1.383 0.000 0.010 9.964 1.958
10.608 0.561 -4.925 -1.287 0.000 0.010 9.969 1.958
10.613 0.512 -4.937 -1.188 0.000 0.010 9.974 1.958
10.618 0.462 -4.947 -1.088 0.000 0.010 9.979 1.958
10.622 0.413 -4.957 -0.987 0.000 0.010 9.983 1.958
10.626 0.363 -4.966 -0.884 0.000 0.010 9.987 1.958
10.629 0.313 -4.974 -0.780 0.000 0.010 9.990 1.958
10.631 0.263 -4.981 -0.675 0.000 0.010 9.993 1.958
10.633 0.214 -4.924 5.669 0.000 0.010 9.995 1.958
10.635 0.168 -4.589 33.545 0.000 0.010 9.996 1.958
10.636 0.128 -4.036 55.202 0.000 0.010 9.998 1.958
10.637 0.093 -3.483 55.320 0.000 0.010 9.999 1.958
10.638 0.064 -2.929 55.409 0.000 0.010 9.999 1.958
10.638 0.040 -2.374 55.471 0.000 0.010 10.000 1.958
10.639 0.022 -1.819 55.513 0.000 0.010 10.000 1.958
10.639 0.009 -1.264 55.538 0.000 0.010 10.000 1.958
10.639 0.002 -0.708 55.550 0.000 0.010 10.000 1.958
10.639 0.000 -0.215 49.313 0.000 0.010 10.000 1.958
