SecondScaleCube
230
0.000 0.017 1.742 174.194 0.000 0.010 0.000 1.042
0.000 0.035 1.742 -0.029 0.000 0.010 0.000 1.042
0.001 0.078 4.353 261.144 0.000 0.010 0.001 1.042
0.003 0.131 5.220 86.707 0.000 0.010 0.003 1.042
0.004 0.183 5.214 -0.642 0.000 0.010 0.004 1.042
0.007 0.235 5.205 -0.897 0.000 0.010 0.007 1.042
0.010 0.287 5.193 -1.149 0.000 0.010 0.010 1.042
0.013 0.338 5.179 -1.399 0.000 0.010 0.013 1.042
0.017 0.390 5.163 -1.645 0.000 0.010 0.017 1.042
0.021 0.442 5.144 -1.887 0.000 0.010 0.021 1.042
0.026 0.493 5.123 -2.124 0.000 0.010 0.026 1.042
0.032 0.544 5.099 -2.356 0.000 0.010 0.032 1.042
0.038 0.595 5.073 -2.583 0.000 0.010 0.038 1.042
0.044 0.645 5.045 -2.803 0.000 0.010 0.044 1.042
0.051 0.695 5.015 -3.016 0.000 0.010 0.051 1.042
0.058 0.745 4.983 -3.221 0.001 0.010 0.058 1.042
0.066 0.794 4.949 -3.419 0.001 0.010 0.066 1.042
0.075 0.844 4.913 -3.608 0.001 0.010 0.075 1.042
0.084 0.892 4.875 -3.788 0.001 0.010 0.084 1.042
0.093 0.941 4.835 -3.959 0.001 0.010 0.093 1.042
0.103 0.989 4.794 -4.120 0.002 0.010 0.103 1.042
0.113 1.036 4.751 -4.271 0.002 0.010 0.113 1.042
0.124 1.083 4.707 -4.412 0.002 0.010 0.124 1.042
0.136 1.130 4.662 -4.541 0.003 0.010 0.136 1.042
0.147 1.176 4.615 -4.659 0.003 0.010 0.147 1.042
0.159 1.222 4.568 -4.765 0.004 0.010 0.159 1.042
0.172 1.267 4.519 -4.860 0.004 0.010 0.172 1.042
0.185 1.312 4.470 -4.941 0.005 0.010 0.185 1.042
0.199 1.356 4.419 -5.010 0.006 0.010 0.199 1.042
0.213 1.399 4.369 -5.066 0.007 0.010 0.213 1.042
0.227 1.443 4.318 -5.108 0.008 0.010 0.227 1.042
0.242 1.485 4.266 -5.137 0.009 0.010 0.242 1.042
0.257 1.527 4.215 -5.151 0.010 0.010 0.257 1.043
0.273 1.569 4.163 -5.150 0.011 0.010 0.273 1.043
0.289 1.610 4.112 -5.135 0.013 0.010 0.289 1.043
0.306 1.651 4.061 -5.104 0.014 0.010 0.306 1.043
0.323 1.691 4.010 -5.057 0.016 0.010 0.323 1.043
0.340 1.730 3.960 -4.994 0.017 0.010 0.340 1.044
0.358 1.770 3.911 -4.914 0.019 0.010 0.358 1.044
0.376 1.808 3.863 -4.817 0.021 0.010 0.376 1.044
0.394 1.846 3.816 -4.701 0.023 0.010 0.394 1.045
0.413 1.884 3.770 -4.568 0.025 0.010 0.413 1.045
0.432 1.921 3.726 -4.415 0.028 0.010 0.432 1.046
0.452 1.958 3.684 -4.243 0.030 0.010 0.452 1.046
0.472 1.995 3.643 -4.050 0.033 0.010 0.472 1.047
0.492 2.031 3.605 -3.837 0.036 0.010 0.492 1.048
0.513 2.066 3.569 -3.602 0.039 0.010 0.513 1.048
0.534 2.102 3.535 -3.344 0.042 0.010 0.534 1.049
0.555 2.137 3.505 -3.064 0.045 0.010 0.555 1.050
0.577 2.171 3.477 -2.760 0.049 0.010 0.577 1.051
0.599 2.206 3.453 -2.432 0.052 0.010 0.599 1.052
0.621 2.240 3.432 -2.080 0.056 0.010 0.621 1.053
0.644 2.274 3.415 -1.702 0.060 0.010 0.644 1.055
0.667 2.309 3.402 -1.299 0.064 0.010 0.667 1.056
0.690 2.342 3.393 -0.870 0.069 0.010 0.690 1.058
0.714 2.376 3.389 -0.415 0.073 0.010 0.714 1.059
0.738 2.410 3.390 0.067 0.078 0.010 0.738 1.061
0.763 2.444 3.396 0.574 0.083 0.010 0.762 1.063
0.788 2.478 3.407 1.106 0.088 0.010 0.787 1.065
0.813 2.512 3.423 1.664 0.093 0.010 0.812 1.068
0.838 2.547 3.446 2.246 0.099 0.010 0.837 1.070
0.864 2.582 3.474 2.851 0.104 0.010 0.863 1.073
0.890 2.617 3.509 3.478 0.110 0.010 0.889 1.075
0.917 2.652 3.550 4.125 0.116 0.010 0.915 1.078
0.944 2.688 3.598 4.791 0.122 0.010 0.942 1.082
0.971 2.725 3.653 5.472 0.128 0.010 0.969 1.085
0.998 2.762 3.715 6.167 0.134 0.010 0.996 1.089
1.026 2.800 3.783 6.873 0.141 0.010 1.024 1.093
1.055 2.838 3.859 7.586 0.147 0.010 1.052 1.097
1.084 2.878 3.942 8.303 0.154 0.010 1.081 1.101
1.113 2.918 4.033 9.021 0.161 0.010 1.110 1.105
1.142 2.959 4.130 9.735 0.168 0.010 1.139 1.110
1.172 3.002 4.234 10.441 0.175 0.010 1.168 1.115
1.203 3.045 4.346 11.136 0.182 0.010 1.198 1.121
1.234 3.090 4.464 11.814 0.189 0.010 1.229 1.127
1.265 3.136 4.588 12.473 0.197 0.010 1.259 1.133
1.297 3.183 4.720 13.107 0.204 0.010 1.291 1.139
1.329 3.232 4.857 13.713 0.211 0.010 1.322 1.146
1.362 3.282 5.000 14.287 0.219 0.010 1.354 1.153
1.395 3.333 5.148 14.825 0.226 0.010 1.387 1.160
1.429 3.386 5.301 15.325 0.233 0.010 1.420 1.168
1.464 3.441 5.459 15.784 0.241 0.010 1.453 1.176
1.499 3.497 5.621 16.200 0.248 0.010 1.487 1.184
1.534 3.555 5.787 16.572 0.255 0.010 1.522 1.193
1.570 3.614 5.956 16.898 0.263 0.010 1.557 1.202
1.607 3.675 6.127 17.178 0.270 0.010 1.592 1.212
1.644 3.739 6.302 17.414 0.277 0.010 1.628 1.222
1.682 3.803 6.478 17.604 0.284 0.010 1.665 1.233
1.721 3.870 6.655 17.752 0.290 0.010 1.702 1.244
1.761 3.938 6.834 17.860 0.297 0.010 1.739 1.255
1.801 4.008 7.013 17.930 0.303 0.010 1.778 1.267
1.841 4.080 7.193 17.965 0.310 0.010 1.817 1.279
1.883 4.154 7.372 17.969 0.316 0.010 1.856 1.292
1.925 4.229 7.552 17.947 0.321 0.010 1.896 1.305
1.968 4.307 7.731 17.902 0.327 0.010 1.937 1.319
2.012 4.386 7.909 17.839 0.332 0.010 1.979 1.333
2.057 4.467 8.087 17.762 0.337 0.010 2.021 1.348
2.102 4.549 8.264 17.676 0.342 0.010 2.064 1.363
2.149 4.634 8.439 17.584 0.346 0.010 2.107 1.379
2.196 4.720 8.614 17.491 0.351 0.010 2.152 1.395
2.244 4.808 8.788 17.401 0.354 0.010 2.197 1.411
2.293 4.897 8.962 17.317 0.358 0.010 2.243 1.428
2.343 4.989 9.134 17.240 0.361 0.010 2.289 1.446
2.394 5.082 9.306 17.173 0.363 0.010 2.337 1.464
2.445 5.177 9.477 17.117 0.366 0.010 2.385 1.482
2.498 5.273 9.648 17.072 0.367 0.010 2.434 1.501
2.552 5.371 9.818 17.037 0.369 0.010 2.485 1.521
2.607 5.471 9.988 17.009 0.370 0.010 2.536 1.540
2.662 5.573 10.158 16.984 0.370 0.010 2.588 1.560
2.719 5.676 10.327 16.959 0.370 0.010 2.640 1.581
2.777 5.781 10.497 16.924 0.370 0.010 2.694 1.602
2.836 5.888 10.665 16.873 0.368 0.010 2.749 1.623
2.896 5.987 9.933 -73.245 0.367 0.010 2.805 1.645
2.956 6.069 8.257 -167.581 0.365 0.010 2.862 1.666
3.018 6.126 5.629 -262.788 0.362 0.010 2.919 1.688
3.079 6.155 2.898 -273.084 0.359 0.010 2.977 1.710
3.141 6.164 0.963 -193.553 0.355 0.010 3.034 1.731
3.202 6.163 -0.137 -109.979 0.351 0.010 3.092 1.753
3.264 6.160 -0.325 -18.824 0.346 0.010 3.150 1.774
3.326 6.155 -0.483 -15.796 0.341 0.010 3.208 1.794
3.387 6.148 -0.646 -16.268 0.335 0.010 3.266 1.815
3.448 6.140 -0.813 -16.764 0.329 0.010 3.324 1.835
3.510 6.130 -0.986 -17.281 0.323 0.010 3.382 1.854
3.571 6.119 -1.164 -17.817 0.316 0.010 3.440 1.874
3.632 6.105 -1.348 -18.366 0.309 0.010 3.498 1.892
3.693 6.090 -1.537 -18.922 0.301 0.010 3.557 1.911
3.754 6.073 -1.732 -19.478 0.294 0.010 3.615 1.929
3.814 6.053 -1.932 -20.025 0.285 0.010 3.673 1.946
3.874 6.032 -2.138 -20.556 0.277 0.010 3.731 1.963
3.935 6.008 -2.348 -21.060 0.268 0.010 3.788 1.979
3.994 5.983 -2.564 -21.528 0.259 0.010 3.846 1.994
4.054 5.955 -2.783 -21.951 0.250 0.010 3.904 2.009
4.113 5.925 -3.006 -22.318 0.241 0.010 3.961 2.024
4.172 5.893 -3.233 -22.621 0.231 0.010 4.019 2.038
4.231 5.858 -3.461 -22.851 0.221 0.010 4.076 2.051
4.289 5.821 -3.691 -23.000 0.211 0.010 4.133 2.063
4.347 5.782 -3.922 -23.063 0.201 0.010 4.189 2.075
4.404 5.740 -4.152 -23.035 0.191 0.010 4.245 2.086
4.461 5.697 -4.381 -22.910 0.181 0.010 4.301 2.097
4.518 5.650 -4.608 -22.687 0.170 0.010 4.357 2.107
4.574 5.602 -4.832 -22.366 0.160 0.010 4.412 2.116
4.629 5.552 -5.051 -21.948 0.149 0.010 4.467 2.124
4.684 5.499 -5.266 -21.435 0.139 0.010 4.522 2.132
4.739 5.444 -5.474 -20.830 0.129 0.010 4.576 2.139
4.792 5.387 -5.675 -20.141 0.118 0.010 4.629 2.146
4.846 5.329 -5.869 -19.372 0.108 0.010 4.682 2.152
4.898 5.268 -6.054 -18.533 0.098 0.010 4.734 2.158
4.950 5.206 -6.231 -17.631 0.088 0.010 4.786 2.162
5.002 5.142 -6.397 -16.675 0.078 0.010 4.837 2.167
5.053 5.076 -6.554 -15.676 0.068 0.010 4.888 2.170
5.103 5.009 -6.701 -14.642 0.058 0.010 4.938 2.174
5.152 4.941 -6.836 -13.584 0.049 0.010 4.987 2.176
5.201 4.871 -6.962 -12.511 0.040 0.010 5.036 2.178
5.249 4.801 -7.076 -11.433 0.030 0.010 5.084 2.180
5.296 4.729 -7.179 -10.357 0.021 0.010 5.131 2.181
5.343 4.656 -7.272 -9.291 0.013 0.010 5.178 2.182
5.389 4.583 -7.355 -8.244 0.004 0.010 5.224 2.182
5.434 4.508 -7.427 -7.220 6.279 0.010 5.269 2.182
5.478 4.433 -7.489 -6.226 6.271 0.010 5.313 2.182
5.522 4.358 -7.542 -5.267 6.263 0.010 5.357 2.181
5.564 4.282 -7.585 -4.346 6.255 0.010 5.399 2.180
5.606 4.206 -7.620 -3.467 6.247 0.010 5.442 2.179
5.648 4.130 -7.646 -2.631 6.240 0.010 5.483 2.177
5.688 4.053 -7.665 -1.840 6.233 0.010 5.523 2.175
5.728 3.976 -7.676 -1.096 6.226 0.010 5.563 2.173
5.767 3.899 -7.680 -0.398 6.220 0.010 5.602 2.171
5.805 3.823 -7.677 0.253 6.213 0.010 5.640 2.168
5.843 3.746 -7.669 0.859 6.207 0.010 5.677 2.166
5.879 3.669 -7.654 1.420 6.201 0.010 5.714 2.163
5.915 3.593 -7.635 1.937 6.196 0.010 5.750 2.160
5.950 3.517 -7.611 2.413 6.190 0.010 5.785 2.157
5.985 3.441 -7.582 2.848 6.185 0.010 5.819 2.153
6.019 3.366 -7.550 3.245 6.180 0.010 5.853 2.150
6.051 3.290 -7.514 3.605 6.176 0.010 5.885 2.146
6.084 3.216 -7.475 3.932 6.171 0.010 5.917 2.143
6.115 3.141 -7.432 4.225 6.167 0.010 5.948 2.139
6.146 3.067 -7.387 4.488 6.163 0.010 5.979 2.136
6.176 2.994 -7.340 4.723 6.159 0.010 6.009 2.132
6.205 2.921 -7.291 4.931 6.155 0.010 6.038 2.128
6.233 2.849 -7.240 5.115 6.152 0.010 6.066 2.125
6.261 2.777 -7.187 5.276 6.148 0.010 6.093 2.121
6.288 2.706 -7.133 5.415 6.145 0.010 6.120 2.117
6.315 2.635 -7.077 5.534 6.142 0.010 6.146 2.114
6.340 2.565 -7.021 5.635 6.139 0.010 6.172 2.110
6.365 2.495 -6.964 5.718 6.137 0.010 6.196 2.106
6.389 2.426 -6.906 5.786 6.134 0.010 6.220 2.103
6.413 2.357 -6.848 5.839 6.132 0.010 6.244 2.099
6.436 2.290 -6.789 5.877 6.130 0.010 6.266 2.096
6.458 2.222 -6.730 5.903 6.128 0.010 6.288 2.092
6.480 2.156 -6.671 5.916 6.126 0.010 6.310 2.089
6.501 2.089 -6.612 5.917 6.124 0.010 6.330 2.086
6.521 2.024 -6.552 5.907 6.123 0.010 6.350 2.083
6.540 1.959 -6.494 5.887 6.121 0.010 6.369 2.079
6.559 1.895 -6.435 5.856 6.120 0.010 6.388 2.076
6.578 1.831 -6.377 5.815 6.119 0.010 6.406 2.073
6.595 1.768 -6.319 5.765 6.117 0.010 6.424 2.070
6.612 1.705 -6.262 5.706 6.116 0.010 6.440 2.068
6.629 1.643 -6.206 5.637 6.115 0.010 6.457 2.065
6.645 1.581 -6.150 5.559 6.115 0.010 6.472 2.062
6.660 1.520 -6.096 5.473 6.114 0.010 6.487 2.060
6.674 1.460 -6.042 5.378 6.113 0.010 6.502 2.057
6.688 1.400 -5.989 5.274 6.112 0.010 6.515 2.055
6.702 1.341 -5.937 5.163 6.112 0.010 6.529 2.053
6.715 1.282 -5.887 5.042 6.111 0.010 6.541 2.050
6.727 1.224 -5.838 4.914 6.111 0.010 6.553 2.048
6.738 1.166 -5.790 4.777 6.111 0.010 6.565 2.046
6.750 1.108 -5.744 4.632 6.110 0.010 6.576 2.044
6.760 1.051 -5.699 4.479 6.110 0.010 6.586 2.043
6.770 0.995 -5.656 4.319 6.110 0.010 6.596 2.041
6.779 0.939 -5.614 4.151 6.109 0.010 6.605 2.039
6.788 0.883 -5.574 3.975 6.109 0.010 6.614 2.038
6.797 0.827 -5.537 3.792 6.109 0.010 6.622 2.036
6.804 0.772 -5.501 3.602 6.109 0.010 6.630 2.035
6.811 0.718 -5.466 3.406 6.109 0.010 6.637 2.034
6.818 0.663 -5.434 3.202 6.109 0.010 6.643 2.032
6.824 0.609 -5.405 2.993 6.109 0.010 6.649 2.031
6.830 0.556 -5.377 2.777 6.109 0.010 6.655 2.030
6.835 0.502 -5.351 2.556 6.109 0.010 6.660 2.030
6.839 0.449 -5.328 2.330 6.109 0.010 6.664 2.029
6.843 0.396 -5.307 2.099 6.109 0.010 6.668 2.028
6.847 0.343 -5.288 1.864 6.109 0.010 6.671 2.028
6.849 0.290 -5.272 1.625 6.109 0.010 6.674 2.027
6.852 0.238 -5.258 1.382 6.109 0.010 6.677 2.027
6.854 0.185 -5.247 1.137 6.109 0.010 6.678 2.026
6.855 0.133 -5.238 0.889 6.109 0.010 6.680 2.026
6.856 0.080 -5.232 0.639 6.109 0.010 6.680 2.026
6.856 0.036 -4.389 84.216 6.109 0.010 6.681 2.026
6.856 0.010 -2.679 171.074 6.109 0.010 6.681 2.026
6.856 0.000 -0.936 174.222 6.109 0.010 6.681 2.026
6.856 0.000 -0.033 90.370 6.109 0.010 6.681 2.026
0.000 0.017 1.742 174.194 0.000 0.010 0.000 -1.042
0.000 0.035 1.742 0.029 0.000 0.010 0.000 -1.042
0.001 0.078 4.357 261.437 0.000 0.010 0.001 -1.042
0.003 0.131 5.231 87.486 0.000 0.010 0.003 -1.042
0.004 0.183 5.238 0.642 0.000 0.010 0.004 -1.042
0.007 0.236 5.247 0.897 0.000 0.010 0.007 -1.042
0.010 0.288 5.258 1.149 0.000 0.010 0.010 -1.042
0.013 0.341 5.272 1.399 0.000 0.010 0.013 -1.042
0.017 0.394 5.289 1.645 0.000 0.010 0.017 -1.042
0.021 0.447 5.308 1.887 0.000 0.010 0.021 -1.042
0.026 0.500 5.329 2.124 0.000 0.010 0.026 -1.042
0.032 0.554 5.352 2.356 0.000 0.010 0.032 -1.042
0.038 0.607 5.378 2.583 0.000 0.010 0.038 -1.042
0.045 0.662 5.406 2.803 0.000 0.010 0.045 -1.042
0.052 0.716 5.436 3.016 0.000 0.010 0.052 -1.042
0.060 0.771 5.469 3.221 0.001 0.010 0.060 -1.042
0.068 0.826 5.503 3.419 0.001 0.010 0.068 -1.042
0.077 0.881 5.539 3.608 0.001 0.010 0.077 -1.042
0.086 0.937 5.577 3.788 0.001 0.010 0.086 -1.042
0.096 0.993 5.616 3.959 0.001 0.010 0.096 -1.042
0.106 1.049 5.658 4.120 0.002 0.010 0.106 -1.042
0.117 1.106 5.700 4.271 0.002 0.010 0.117 -1.042
0.129 1.164 5.744 4.412 0.002 0.010 0.129 -1.042
0.141 1.222 5.790 4.541 0.003 0.010 0.141 -1.042
0.154 1.280 5.836 4.659 0.003 0.010 0.154 -1.041
0.167 1.339 5.884 4.765 0.004 0.010 0.167 -1.041
0.181 1.398 5.933 4.860 0.004 0.010 0.181 -1.041
0.196 1.458 5.982 4.941 0.005 0.010 0.196 -1.041
0.211 1.519 6.032 5.010 0.006 0.010 0.211 -1.041
0.227 1.579 6.083 5.066 0.007 0.010 0.227 -1.041
0.243 1.641 6.134 5.108 0.008 0.010 0.243 -1.041
0.260 1.703 6.185 5.137 0.009 0.010 0.260 -1.041
0.278 1.765 6.237 5.151 0.010 0.010 0.278 -1.041
0.296 1.828 6.288 5.150 0.011 0.010 0.296 -1.041
0.315 1.891 6.340 5.135 0.013 0.010 0.315 -1.040
0.335 1.955 6.391 5.104 0.014 0.010 0.335 -1.040
0.355 2.019 6.441 5.057 0.016 0.010 0.355 -1.040
0.376 2.084 6.491 4.994 0.017 0.010 0.376 -1.039
0.397 2.150 6.540 4.914 0.019 0.010 0.397 -1.039
0.420 2.216 6.589 4.816 0.021 0.010 0.420 -1.039
0.442 2.282 6.636 4.701 0.023 0.010 0.442 -1.038
0.466 2.349 6.681 4.568 0.025 0.010 0.466 -1.037
0.490 2.416 6.725 4.415 0.028 0.010 0.490 -1.037
0.515 2.484 6.768 4.243 0.030 0.010 0.515 -1.036
0.540 2.552 6.808 4.050 0.033 0.010 0.540 -1.035
0.567 2.620 6.847 3.837 0.036 0.010 0.566 -1.034
0.593 2.689 6.883 3.601 0.039 0.010 0.593 -1.033
0.621 2.758 6.916 3.344 0.042 0.010 0.621 -1.032
0.649 2.828 6.947 3.064 0.045 0.010 0.649 -1.031
0.678 2.898 6.974 2.760 0.049 0.010 0.678 -1.030
0.708 2.968 6.999 2.432 0.052 0.010 0.708 -1.028
0.738 3.038 7.019 2.080 0.056 0.010 0.738 -1.027
0.769 3.108 7.037 1.702 0.060 0.010 0.769 -1.025
0.801 3.179 7.049 1.299 0.064 0.010 0.801 -1.023
0.834 3.249 7.058 0.869 0.069 0.010 0.833 -1.021
0.867 3.320 7.062 0.414 0.073 0.010 0.866 -1.018
0.901 3.390 7.062 -0.067 0.078 0.010 0.900 -1.016
0.935 3.461 7.056 -0.574 0.083 0.010 0.935 -1.013
0.971 3.531 7.045 -1.107 0.088 0.010 0.970 -1.010
1.007 3.602 7.028 -1.664 0.093 0.010 1.006 -1.007
1.043 3.672 7.006 -2.246 0.099 0.010 1.042 -1.003
1.081 3.742 6.977 -2.851 0.104 0.010 1.079 -0.999
1.119 3.811 6.942 -3.478 0.110 0.010 1.117 -0.995
1.158 3.880 6.901 -4.126 0.116 0.010 1.156 -0.991
1.197 3.948 6.853 -4.791 0.122 0.010 1.195 -0.986
1.237 4.016 6.799 -5.472 0.128 0.010 1.235 -0.981
1.278 4.084 6.737 -6.167 0.134 0.010 1.275 -0.976
1.320 4.151 6.668 -6.873 0.141 0.010 1.317 -0.970
1.362 4.216 6.592 -7.586 0.147 0.010 1.358 -0.964
1.405 4.282 6.509 -8.303 0.154 0.010 1.401 -0.958
1.448 4.346 6.419 -9.021 0.161 0.010 1.444 -0.951
1.492 4.409 6.322 -9.735 0.168 0.010 1.487 -0.944
1.537 4.471 6.217 -10.441 0.175 0.010 1.531 -0.936
1.582 4.532 6.106 -11.135 0.182 0.010 1.576 -0.928
1.628 4.592 5.988 -11.814 0.189 0.010 1.621 -0.920
1.675 4.651 5.863 -12.472 0.197 0.010 1.667 -0.911
1.722 4.708 5.732 -13.106 0.204 0.010 1.713 -0.901
1.769 4.764 5.595 -13.712 0.211 0.010 1.759 -0.891
1.818 4.818 5.452 -14.286 0.219 0.010 1.806 -0.881
1.866 4.872 5.304 -14.824 0.226 0.010 1.854 -0.870
1.916 4.923 5.151 -15.324 0.233 0.010 1.902 -0.859
1.965 4.973 4.993 -15.784 0.241 0.010 1.950 -0.847
2.016 5.021 4.831 -16.200 0.248 0.010 1.999 -0.835
2.066 5.068 4.665 -16.571 0.255 0.010 2.048 -0.823
2.117 5.113 4.496 -16.897 0.263 0.010 2.097 -0.810
2.169 5.156 4.324 -17.178 0.270 0.010 2.147 -0.796
2.221 5.198 4.150 -17.413 0.277 0.010 2.197 -0.782
2.273 5.237 3.974 -17.603 0.284 0.010 2.247 -0.768
2.326 5.275 3.797 -17.751 0.290 0.010 2.298 -0.753
2.379 5.312 3.618 -17.859 0.297 0.010 2.349 -0.737
2.433 5.346 3.439 -17.929 0.303 0.010 2.400 -0.721
2.486 5.378 3.259 -17.964 0.310 0.010 2.451 -0.705
2.540 5.409 3.079 -17.969 0.316 0.010 2.503 -0.689
2.595 5.438 2.900 -17.946 0.321 0.010 2.554 -0.672
2.650 5.465 2.721 -17.901 0.327 0.010 2.606 -0.654
2.704 5.491 2.543 -17.838 0.332 0.010 2.658 -0.636
2.760 5.515 2.365 -17.761 0.337 0.010 2.710 -0.618
2.815 5.536 2.188 -17.675 0.342 0.010 2.762 -0.600
2.871 5.557 2.012 -17.584 0.346 0.010 2.815 -0.581
2.926 5.575 1.837 -17.491 0.351 0.010 2.867 -0.562
2.982 5.592 1.663 -17.401 0.354 0.010 2.920 -0.543
3.038 5.606 1.490 -17.317 0.358 0.010 2.972 -0.523
3.094 5.620 1.318 -17.241 0.361 0.010 3.025 -0.503
3.151 5.631 1.146 -17.174 0.363 0.010 3.077 -0.483
3.207 5.641 0.975 -17.118 0.366 0.010 3.130 -0.463
3.264 5.649 0.804 -17.073 0.367 0.010 3.183 -0.443
3.320 5.655 0.634 -17.038 0.369 0.010 3.236 -0.423
3.377 5.660 0.464 -17.010 0.370 0.010 3.288 -0.402
3.433 5.663 0.294 -16.986 0.370 0.010 3.341 -0.382
3.490 5.664 0.124 -16.961 0.370 0.010 3.394 -0.361
3.547 5.664 -0.045 -16.927 0.370 0.010 3.447 -0.341
3.603 5.661 -0.214 -16.876 0.368 0.010 3.500 -0.320
3.660 5.649 -1.223 -100.951 0.367 0.010 3.552 -0.300
3.716 5.619 -3.031 -180.809 0.365 0.010 3.605 -0.280
3.772 5.563 -5.564 -253.252 0.362 0.010 3.657 -0.260
3.826 5.483 -7.994 -242.955 0.359 0.010 3.708 -0.241
3.880 5.388 -9.542 -154.837 0.355 0.010 3.759 -0.222
3.933 5.285 -10.249 -70.760 0.351 0.010 3.808 -0.204
3.985 5.184 -10.127 12.279 0.346 0.010 3.857 -0.186
4.036 5.084 -9.969 15.795 0.341 0.010 3.905 -0.169
4.086 4.986 -9.806 16.267 0.335 0.010 3.952 -0.152
4.135 4.890 -9.638 16.763 0.329 0.010 3.998 -0.137
4.183 4.795 -9.466 17.281 0.323 0.010 4.043 -0.121
4.230 4.702 -9.287 17.817 0.316 0.010 4.088 -0.106
4.276 4.611 -9.104 18.366 0.309 0.010 4.132 -0.092
4.321 4.522 -8.915 18.922 0.301 0.010 4.175 -0.079
4.365 4.435 -8.720 19.478 0.294 0.010 4.218 -0.066
4.409 4.350 -8.520 20.026 0.285 0.010 4.259 -0.053
4.451 4.267 -8.314 20.557 0.277 0.010 4.300 -0.041
4.493 4.186 -8.103 21.061 0.268 0.010 4.341 -0.030
4.534 4.107 -7.888 21.530 0.259 0.010 4.380 -0.019
4.575 4.030 -7.669 21.952 0.250 0.010 4.419 -0.009
4.614 3.956 -7.445 22.319 0.241 0.010 4.458 0.000
4.653 3.884 -7.219 22.622 0.231 0.010 4.495 0.009
4.691 3.814 -6.991 22.853 0.221 0.010 4.532 0.018
4.729 3.746 -6.761 23.002 0.211 0.010 4.569 0.026
4.766 3.681 -6.530 23.065 0.201 0.010 4.605 0.034
4.802 3.618 -6.300 23.036 0.191 0.010 4.641 0.041
4.837 3.557 -6.070 22.912 0.181 0.010 4.676 0.047
4.872 3.499 -5.844 22.689 0.170 0.010 4.710 0.053
4.907 3.442 -5.620 22.368 0.160 0.010 4.744 0.059
4.941 3.388 -5.400 21.950 0.149 0.010 4.777 0.064
4.974 3.337 -5.186 21.436 0.139 0.010 4.810 0.069
5.007 3.287 -4.978 20.832 0.129 0.010 4.843 0.073
5.039 3.239 -4.776 20.142 0.118 0.010 4.875 0.077
5.071 3.193 -4.583 19.373 0.108 0.010 4.907 0.081
5.103 3.149 -4.397 18.534 0.098 0.010 4.938 0.084
5.134 3.107 -4.221 17.632 0.088 0.010 4.969 0.087
5.164 3.066 -4.054 16.676 0.078 0.010 5.000 0.090
5.195 3.027 -3.897 15.676 0.068 0.010 5.030 0.092
5.224 2.990 -3.751 14.643 0.058 0.010 5.060 0.094
5.254 2.954 -3.615 13.585 0.049 0.010 5.089 0.095
5.283 2.919 -3.490 12.512 0.040 0.010 5.118 0.097
5.312 2.885 -3.376 11.433 0.030 0.010 5.147 0.098
5.341 2.852 -3.272 10.357 0.021 0.010 5.176 0.098
5.369 2.821 -3.179 9.291 0.013 0.010 5.204 0.099
5.397 2.790 -3.097 8.243 0.004 0.010 5.232 0.099
5.424 2.759 -3.025 7.220 6.279 0.010 5.259 0.099
5.452 2.730 -2.962 6.226 6.271 0.010 5.287 0.099
5.479 2.701 -2.910 5.267 6.263 0.010 5.314 0.098
5.505 2.672 -2.866 4.346 6.255 0.010 5.340 0.098
5.532 2.644 -2.831 3.466 6.247 0.010 5.367 0.097
5.558 2.616 -2.805 2.630 6.240 0.010 5.393 0.096
5.584 2.588 -2.787 1.840 6.233 0.010 5.419 0.095
5.609 2.560 -2.776 1.095 6.226 0.010 5.444 0.093
5.635 2.532 -2.772 0.397 6.220 0.010 5.470 0.092
5.660 2.505 -2.774 -0.254 6.213 0.010 5.495 0.090
5.685 2.477 -2.783 -0.860 6.207 0.010 5.519 0.088
5.709 2.449 -2.797 -1.421 6.201 0.010 5.544 0.086
5.733 2.421 -2.817 -1.938 6.196 0.010 5.568 0.084
5.757 2.392 -2.841 -2.413 6.190 0.010 5.592 0.082
5.781 2.364 -2.869 -2.849 6.185 0.010 5.615 0.080
5.804 2.335 -2.902 -3.246 6.180 0.010 5.639 0.078
5.827 2.305 -2.938 -3.606 6.176 0.010 5.661 0.075
5.850 2.275 -2.977 -3.932 6.171 0.010 5.684 0.073
5.872 2.245 -3.019 -4.226 6.167 0.010 5.706 0.070
5.895 2.215 -3.064 -4.489 6.163 0.010 5.728 0.067
5.916 2.183 -3.111 -4.724 6.159 0.010 5.750 0.065
5.938 2.152 -3.161 -4.932 6.155 0.010 5.771 0.062
5.959 2.120 -3.212 -5.115 6.152 0.010 5.792 0.059
5.980 2.087 -3.265 -5.276 6.148 0.010 5.813 0.057
6.000 2.054 -3.319 -5.415 6.145 0.010 5.833 0.054
6.021 2.020 -3.374 -5.534 6.142 0.010 5.853 0.051
6.041 1.986 -3.430 -5.635 6.139 0.010 5.873 0.048
6.060 1.951 -3.488 -5.719 6.137 0.010 5.892 0.045
6.079 1.915 -3.546 -5.786 6.134 0.010 5.911 0.042
6.098 1.879 -3.604 -5.839 6.132 0.010 5.930 0.040
6.116 1.843 -3.663 -5.877 6.130 0.010 5.948 0.037
6.134 1.806 -3.722 -5.903 6.128 0.010 5.966 0.034
6.152 1.768 -3.781 -5.916 6.126 0.010 5.983 0.031
6.169 1.729 -3.840 -5.917 6.124 0.010 6.001 0.029
6.186 1.690 -3.899 -5.907 6.123 0.010 6.017 0.026
6.203 1.651 -3.958 -5.887 6.121 0.010 6.033 0.023
6.219 1.611 -4.017 -5.856 6.120 0.010 6.049 0.021
6.235 1.570 -4.075 -5.815 6.119 0.010 6.065 0.018
6.250 1.529 -4.132 -5.765 6.117 0.010 6.080 0.016
6.265 1.487 -4.189 -5.706 6.116 0.010 6.095 0.013
6.279 1.444 -4.246 -5.637 6.115 0.010 6.109 0.011
6.293 1.401 -4.301 -5.559 6.115 0.010 6.123 0.008
6.307 1.358 -4.356 -5.473 6.114 0.010 6.136 0.006
6.320 1.314 -4.410 -5.378 6.113 0.010 6.149 0.004
6.333 1.269 -4.463 -5.275 6.112 0.010 6.161 0.002
6.345 1.224 -4.514 -5.163 6.112 0.010 6.174 -0.000
6.357 1.178 -4.565 -5.042 6.111 0.010 6.185 -0.002
6.368 1.132 -4.614 -4.914 6.111 0.010 6.196 -0.004
6.379 1.085 -4.662 -4.777 6.111 0.010 6.207 -0.006
6.389 1.038 -4.708 -4.632 6.110 0.010 6.217 -0.008
6.399 0.991 -4.753 -4.479 6.110 0.010 6.227 -0.010
6.409 0.943 -4.796 -4.319 6.110 0.010 6.236 -0.011
6.418 0.894 -4.837 -4.151 6.109 0.010 6.245 -0.013
6.426 0.846 -4.877 -3.975 6.109 0.010 6.253 -0.014
6.434 0.797 -4.915 -3.792 6.109 0.010 6.261 -0.016
6.441 0.747 -4.951 -3.602 6.109 0.010 6.269 -0.017
6.448 0.697 -4.985 -3.406 6.109 0.010 6.275 -0.018
6.455 0.647 -5.017 -3.202 6.109 0.010 6.282 -0.019
6.461 0.597 -5.047 -2.993 6.109 0.010 6.288 -0.020
6.466 0.546 -5.075 -2.777 6.109 0.010 6.293 -0.021
6.471 0.495 -5.100 -2.556 6.109 0.010 6.298 -0.022
6.476 0.444 -5.124 -2.330 6.109 0.010 6.302 -0.023
6.480 0.392 -5.145 -2.099 6.109 0.010 6.306 -0.024
6.483 0.340 -5.163 -1.864 6.109 0.010 6.310 -0.024
6.486 0.289 -5.180 -1.625 6.109 0.010 6.312 -0.025
6.488 0.237 -5.193 -1.382 6.109 0.010 6.315 -0.025
6.490 0.185 -5.205 -1.137 6.109 0.010 6.317 -0.025
6.491 0.133 -5.214 -0.889 6.109 0.010 6.318 -0.026
6.492 0.080 -5.220 -0.639 6.109 0.010 6.319 -0.026
6.493 0.036 -4.386 83.434 6.109 0.010 6.319 -0.026
6.493 0.010 -2.678 170.769 6.109 0.010 6.319 -0.026
6.493 0.000 -0.936 174.165 6.109 0.010 6.319 -0.026
6.493 0.000 -0.033 90.367 6.109 0.010 6.319 -0.026
