Straight
252
0.000 0.006 0.582 58.247 0.000 0.010 0.000 1.042
0.000 0.012 0.582 0.000 0.000 0.010 0.000 1.042
0.000 0.026 1.456 87.371 0.000 0.010 0.000 1.042
0.001 0.047 2.039 58.247 0.000 0.010 0.001 1.042
0.002 0.073 2.621 58.247 0.000 0.010 0.002 1.042
0.003 0.105 3.204 58.247 0.000 0.010 0.003 1.042
0.004 0.143 3.786 58.247 0.000 0.010 0.004 1.042
0.006 0.186 4.369 58.247 0.000 0.010 0.006 1.042
0.008 0.236 4.951 58.247 0.000 0.010 0.008 1.042
0.011 0.291 5.533 58.247 0.000 0.010 0.011 1.042
0.015 0.352 6.116 58.247 0.000 0.010 0.015 1.042
0.019 0.419 6.698 58.247 0.000 0.010 0.019 1.042
0.024 0.489 6.990 29.124 0.000 0.010 0.024 1.042
0.029 0.559 6.990 -0.000 0.000 0.010 0.029 1.042
0.036 0.629 6.990 0.000 0.000 0.010 0.036 1.042
0.043 0.699 6.990 0.000 0.000 0.010 0.043 1.042
0.050 0.769 6.990 -0.000 0.000 0.010 0.050 1.042
0.059 0.839 6.990 -0.000 0.000 0.010 0.059 1.042
0.068 0.909 6.990 -0.000 0.000 0.010 0.068 1.042
0.078 0.979 6.990 0.000 0.000 0.010 0.078 1.042
0.088 1.048 6.990 -0.000 0.000 0.010 0.088 1.042
0.099 1.118 6.990 -0.000 0.000 0.010 0.099 1.042
0.111 1.188 6.990 0.000 0.000 0.010 0.111 1.042
0.124 1.258 6.990 0.000 0.000 0.010 0.124 1.042
0.137 1.328 6.990 -0.000 0.000 0.010 0.137 1.042
0.151 1.398 6.990 0.000 0.000 0.010 0.151 1.042
0.166 1.468 6.990 0.000 0.000 0.010 0.166 1.042
0.181 1.538 6.990 -0.000 0.000 0.010 0.181 1.042
0.197 1.608 6.990 0.000 0.000 0.010 0.197 1.042
0.214 1.678 6.990 -0.000 0.000 0.010 0.214 1.042
0.231 1.747 6.990 0.000 0.000 0.010 0.231 1.042
0.250 1.817 6.990 -0.000 0.000 0.010 0.250 1.042
0.268 1.887 6.990 0.000 0.000 0.010 0.268 1.042
0.288 1.957 6.990 -0.000 0.000 0.010 0.288 1.042
0.308 2.027 6.990 0.000 0.000 0.010 0.308 1.042
0.329 2.097 6.990 -0.000 0.000 0.010 0.329 1.042
0.351 2.167 6.990 0.000 0.000 0.010 0.351 1.042
0.373 2.237 6.990 0.000 0.000 0.010 0.373 1.042
0.396 2.307 6.990 0.000 0.000 0.010 0.396 1.042
0.420 2.376 6.990 -0.000 0.000 0.010 0.420 1.042
0.445 2.446 6.990 0.000 0.000 0.010 0.445 1.042
0.470 2.516 6.990 0.000 0.000 0.010 0.470 1.042
0.496 2.586 6.990 -0.000 0.000 0.010 0.496 1.042
0.522 2.656 6.990 -0.000 0.000 0.010 0.522 1.042
0.549 2.726 6.990 -0.000 0.000 0.010 0.549 1.042
0.577 2.796 6.990 0.000 0.000 0.010 0.577 1.042
0.606 2.866 6.990 -0.000 0.000 0.010 0.606 1.042
0.635 2.936 6.990 0.000 0.000 0.010 0.635 1.042
0.665 3.006 6.990 0.000 0.000 0.010 0.665 1.042
0.696 3.075 6.990 -0.000 0.000 0.010 0.696 1.042
0.728 3.145 6.990 0.000 0.000 0.010 0.728 1.042
0.760 3.215 6.990 -0.000 0.000 0.010 0.760 1.042
0.793 3.285 6.990 0.000 0.000 0.010 0.793 1.042
0.826 3.355 6.990 0.000 0.000 0.010 0.826 1.042
0.860 3.425 6.990 -0.000 0.000 0.010 0.860 1.042
0.895 3.495 6.990 0.000 0.000 0.010 0.895 1.042
0.931 3.565 6.990 0.000 0.000 0.010 0.931 1.042
0.967 3.635 6.990 0.000 0.000 0.010 0.967 1.042
1.004 3.705 6.990 -0.000 0.000 0.010 1.004 1.042
1.042 3.774 6.990 0.000 0.000 0.010 1.042 1.042
1.081 3.844 6.990 -0.000 0.000 0.010 1.081 1.042
1.120 3.914 6.990 0.000 0.000 0.010 1.120 1.042
1.160 3.984 6.990 -0.000 0.000 0.010 1.160 1.042
1.200 4.054 6.990 0.000 0.000 0.010 1.200 1.042
1.241 4.124 6.990 -0.000 0.000 0.010 1.241 1.042
1.283 4.194 6.990 -0.000 0.000 0.010 1.283 1.042
1.326 4.264 6.990 0.000 0.000 0.010 1.326 1.042
1.369 4.334 6.990 0.000 0.000 0.010 1.369 1.042
1.413 4.403 6.990 -0.000 0.000 0.010 1.413 1.042
1.458 4.473 6.990 0.000 0.000 0.010 1.458 1.042
1.504 4.543 6.990 -0.000 0.000 0.010 1.504 1.042
1.550 4.613 6.990 0.000 0.000 0.010 1.550 1.042
1.596 4.683 6.990 0.000 0.000 0.010 1.596 1.042
1.644 4.753 6.990 0.000 0.000 0.010 1.644 1.042
1.692 4.823 6.990 -0.000 0.000 0.010 1.692 1.042
1.741 4.893 6.990 0.000 0.000 0.010 1.741 1.042
1.791 4.963 6.990 0.000 0.000 0.010 1.791 1.042
1.841 5.033 6.990 -0.000 0.000 0.010 1.841 1.042
1.892 5.102 6.990 -0.000 0.000 0.010 1.892 1.042
1.944 5.172 6.990 0.000 0.000 0.010 1.944 1.042
1.996 5.242 6.990 0.000 0.000 0.010 1.996 1.042
2.049 5.312 6.990 -0.000 0.000 0.010 2.049 1.042
2.103 5.382 6.990 0.000 0.000 0.010 2.103 1.042
2.158 5.452 6.990 -0.000 0.000 0.010 2.158 1.042
2.213 5.522 6.990 0.000 0.000 0.010 2.213 1.042
2.269 5.592 6.990 0.000 0.000 0.010 2.269 1.042
2.326 5.662 6.990 -0.000 0.000 0.010 2.326 1.042
2.383 5.732 6.990 0.000 0.000 0.010 2.383 1.042
2.441 5.801 6.990 -0.000 0.000 0.010 2.441 1.042
2.500 5.871 6.990 0.000 0.000 0.010 2.500 1.042
2.559 5.941 6.990 -0.000 0.000 0.010 2.559 1.042
2.619 6.011 6.990 -0.000 0.000 0.010 2.619 1.042
2.680 6.081 6.990 0.000 0.000 0.010 2.680 1.042
2.741 6.151 6.990 -0.000 0.000 0.010 2.741 1.042
2.804 6.221 6.990 0.000 0.000 0.010 2.804 1.042
2.867 6.291 6.990 -0.000 0.000 0.010 2.867 1.042
2.930 6.361 6.990 0.000 0.000 0.010 2.930 1.042
2.994 6.430 6.990 -0.000 0.000 0.010 2.994 1.042
3.059 6.500 6.990 0.000 0.000 0.010 3.059 1.042
3.125 6.570 6.990 -0.000 0.000 0.010 3.125 1.042
3.192 6.640 6.990 -0.000 0.000 0.010 3.192 1.042
3.259 6.710 6.990 0.000 0.000 0.010 3.259 1.042
3.326 6.780 6.990 0.000 0.000 0.010 3.326 1.042
3.395 6.850 6.990 0.000 0.000 0.010 3.395 1.042
3.464 6.920 6.990 0.000 0.000 0.010 3.464 1.042
3.534 6.990 6.990 0.000 0.000 0.010 3.534 1.042
3.605 7.060 6.990 0.000 0.000 0.010 3.605 1.042
3.676 7.129 6.990 -0.000 0.000 0.010 3.676 1.042
3.748 7.199 6.990 0.000 0.000 0.010 3.748 1.042
3.821 7.269 6.990 -0.000 0.000 0.010 3.821 1.042
3.894 7.339 6.990 0.000 0.000 0.010 3.894 1.042
3.968 7.409 6.990 0.000 0.000 0.010 3.968 1.042
4.043 7.479 6.990 -0.000 0.000 0.010 4.043 1.042
4.118 7.549 6.990 0.000 0.000 0.010 4.118 1.042
4.195 7.616 6.698 -29.124 0.000 0.010 4.195 1.042
4.271 7.677 6.116 -58.247 0.000 0.010 4.271 1.042
4.349 7.732 5.533 -58.247 0.000 0.010 4.349 1.042
4.426 7.782 4.951 -58.247 0.000 0.010 4.426 1.042
4.505 7.826 4.369 -58.247 0.000 0.010 4.505 1.042
4.583 7.863 3.786 -58.247 0.000 0.010 4.583 1.042
4.662 7.895 3.204 -58.247 0.000 0.010 4.662 1.042
4.742 7.922 2.621 -58.247 0.000 0.010 4.742 1.042
4.821 7.942 2.039 -58.247 0.000 0.010 4.821 1.042
4.900 7.957 1.456 -58.247 0.000 0.010 4.900 1.042
4.980 7.965 0.874 -58.247 0.000 0.010 4.980 1.042
5.060 7.967 0.145 -72.854 0.000 0.010 5.060 1.042
5.139 7.961 -0.583 -72.854 0.000 0.010 5.139 1.042
5.219 7.949 -1.166 -58.247 0.000 0.010 5.219 1.042
5.298 7.932 -1.748 -58.247 0.000 0.010 5.298 1.042
5.377 7.908 -2.331 -58.247 0.000 0.010 5.377 1.042
5.456 7.879 -2.913 -58.247 0.000 0.010 5.456 1.042
5.535 7.844 -3.496 -58.247 0.000 0.010 5.535 1.042
5.613 7.804 -4.078 -58.247 0.000 0.010 5.613 1.042
5.690 7.757 -4.661 -58.247 0.000 0.010 5.690 1.042
5.767 7.705 -5.243 -58.247 0.000 0.010 5.767 1.042
5.844 7.646 -5.826 -58.247 0.000 0.010 5.844 1.042
5.919 7.582 -6.408 -58.247 0.000 0.010 5.919 1.042
5.995 7.514 -6.845 -43.641 0.000 0.010 5.995 1.042
6.069 7.444 -6.990 -14.517 0.000 0.010 6.069 1.042
6.143 7.374 -6.990 0.000 0.000 0.010 6.143 1.042
6.216 7.304 -6.990 -0.000 0.000 0.010 6.216 1.042
6.288 7.234 -6.990 0.000 0.000 0.010 6.288 1.042
6.360 7.164 -6.990 0.000 0.000 0.010 6.360 1.042
6.431 7.094 -6.990 -0.000 0.000 0.010 6.431 1.042
6.501 7.025 -6.990 0.000 0.000 0.010 6.501 1.042
6.571 6.955 -6.990 0.000 0.000 0.010 6.571 1.042
6.639 6.885 -6.990 0.000 0.000 0.010 6.639 1.042
6.708 6.815 -6.990 -0.000 0.000 0.010 6.708 1.042
6.775 6.745 -6.990 -0.000 0.000 0.010 6.775 1.042
6.842 6.675 -6.990 0.000 0.000 0.010 6.842 1.042
6.908 6.605 -6.990 -0.000 0.000 0.010 6.908 1.042
6.973 6.535 -6.990 -0.000 0.000 0.010 6.973 1.042
7.038 6.465 -6.990 -0.000 0.000 0.010 7.038 1.042
7.102 6.395 -6.990 0.000 0.000 0.010 7.102 1.042
7.165 6.326 -6.990 -0.000 0.000 0.010 7.165 1.042
7.228 6.256 -6.990 0.000 0.000 0.010 7.228 1.042
7.289 6.186 -6.990 0.000 0.000 0.010 7.289 1.042
7.351 6.116 -6.990 -0.000 0.000 0.010 7.351 1.042
7.411 6.046 -6.990 0.000 0.000 0.010 7.411 1.042
7.471 5.976 -6.990 0.000 0.000 0.010 7.471 1.042
7.530 5.906 -6.990 -0.000 0.000 0.010 7.530 1.042
7.588 5.836 -6.990 0.000 0.000 0.010 7.588 1.042
7.646 5.766 -6.990 -0.000 0.000 0.010 7.646 1.042
7.703 5.696 -6.990 0.000 0.000 0.010 7.703 1.042
7.759 5.627 -6.990 -0.000 0.000 0.010 7.759 1.042
7.815 5.557 -6.990 0.000 0.000 0.010 7.815 1.042
7.870 5.487 -6.990 -0.000 0.000 0.010 7.870 1.042
7.924 5.417 -6.990 0.000 0.000 0.010 7.924 1.042
7.977 5.347 -6.990 0.000 0.000 0.010 7.977 1.042
8.030 5.277 -6.990 -0.000 0.000 0.010 8.030 1.042
8.082 5.207 -6.990 -0.000 0.000 0.010 8.082 1.042
8.133 5.137 -6.990 0.000 0.000 0.010 8.133 1.042
8.184 5.067 -6.990 -0.000 0.000 0.010 8.184 1.042
8.234 4.998 -6.990 0.000 0.000 0.010 8.234 1.042
8.283 4.928 -6.990 0.000 0.000 0.010 8.283 1.042
8.332 4.858 -6.990 -0.000 0.000 0.010 8.332 1.042
8.380 4.788 -6.990 0.000 0.000 0.010 8.380 1.042
8.427 4.718 -6.990 -0.000 0.000 0.010 8.427 1.042
8.473 4.648 -6.990 0.000 0.000 0.010 8.473 1.042
8.519 4.578 -6.990 0.000 0.000 0.010 8.519 1.042
8.564 4.508 -6.990 0.000 0.000 0.010 8.564 1.042
8.609 4.438 -6.990 0.000 0.000 0.010 8.609 1.042
8.652 4.368 -6.990 -0.000 0.000 0.010 8.652 1.042
8.695 4.299 -6.990 0.000 0.000 0.010 8.695 1.042
8.738 4.229 -6.990 0.000 0.000 0.010 8.738 1.042
8.779 4.159 -6.990 -0.000 0.000 0.010 8.779 1.042
8.820 4.089 -6.990 0.000 0.000 0.010 8.820 1.042
8.860 4.019 -6.990 -0.000 0.000 0.010 8.860 1.042
8.900 3.949 -6.990 0.000 0.000 0.010 8.900 1.042
8.939 3.879 -6.990 0.000 0.000 0.010 8.939 1.042
8.977 3.809 -6.990 -0.000 0.000 0.010 8.977 1.042
9.014 3.739 -6.990 0.000 0.000 0.010 9.014 1.042
9.051 3.669 -6.990 -0.000 0.000 0.010 9.051 1.042
9.087 3.600 -6.990 0.000 0.000 0.010 9.087 1.042
9.122 3.530 -6.990 0.000 0.000 0.010 9.122 1.042
9.157 3.460 -6.990 0.000 0.000 0.010 9.157 1.042
9.191 3.390 -6.990 -0.000 0.000 0.010 9.191 1.042
9.224 3.320 -6.990 0.000 0.000 0.010 9.224 1.042
9.256 3.250 -6.990 0.000 0.000 0.010 9.256 1.042
9.288 3.180 -6.990 0.000 0.000 0.010 9.288 1.042
9.319 3.110 -6.990 -0.000 0.000 0.010 9.319 1.042
9.350 3.040 -6.990 0.000 0.000 0.010 9.350 1.042
9.379 2.971 -6.990 -0.000 0.000 0.010 9.379 1.042
9.408 2.901 -6.990 0.000 0.000 0.010 9.408 1.042
9.437 2.831 -6.990 -0.000 0.000 0.010 9.437 1.042
9.464 2.761 -6.990 0.000 0.000 0.010 9.464 1.042
9.491 2.691 -6.990 -0.000 0.000 0.010 9.491 1.042
9.517 2.621 -6.990 0.000 0.000 0.010 9.517 1.042
9.543 2.551 -6.990 0.000 0.000 0.010 9.543 1.042
9.568 2.481 -6.990 0.000 0.000 0.010 9.568 1.042
9.592 2.411 -6.990 -0.000 0.000 0.010 9.592 1.042
9.615 2.341 -6.990 0.000 0.000 0.010 9.615 1.042
9.638 2.272 -6.990 0.000 0.000 0.010 9.638 1.042
9.660 2.202 -6.990 0.000 0.000 0.010 9.660 1.042
9.681 2.132 -6.990 0.000 0.000 0.010 9.681 1.042
9.702 2.062 -6.990 -0.000 0.000 0.010 9.702 1.042
9.722 1.992 -6.990 0.000 0.000 0.010 9.722 1.042
9.741 1.922 -6.990 -0.000 0.000 0.010 9.741 1.042
9.760 1.852 -6.990 0.000 0.000 0.010 9.760 1.042
9.777 1.782 -6.990 -0.000 0.000 0.010 9.777 1.042
9.794 1.712 -6.990 0.000 0.000 0.010 9.794 1.042
9.811 1.642 -6.990 -0.000 0.000 0.010 9.811 1.042
9.827 1.573 -6.990 0.000 0.000 0.010 9.827 1.042
9.842 1.503 -6.990 0.000 0.000 0.010 9.842 1.042
9.856 1.433 -6.990 -0.000 0.000 0.010 9.856 1.042
9.870 1.363 -6.990 0.000 0.000 0.010 9.870 1.042
9.883 1.293 -6.990 -0.000 0.000 0.010 9.883 1.042
9.895 1.223 -6.990 0.000 0.000 0.010 9.895 1.042
9.906 1.153 -6.990 0.000 0.000 0.010 9.906 1.042
9.917 1.083 -6.990 0.000 0.000 0.010 9.917 1.042
9.927 1.013 -6.990 -0.000 0.000 0.010 9.927 1.042
9.937 0.943 -6.990 0.000 0.000 0.010 9.937 1.042
9.945 0.874 -6.990 0.000 0.000 0.010 9.945 1.042
9.953 0.804 -6.990 -0.000 0.000 0.010 9.953 1.042
9.961 0.734 -6.990 0.000 0.000 0.010 9.961 1.042
9.967 0.664 -6.990 -0.000 0.000 0.010 9.967 1.042
9.973 0.594 -6.990 0.000 0.000 0.010 9.973 1.042
9.979 0.524 -6.990 0.000 0.000 0.010 9.979 1.042
9.983 0.454 -6.990 0.000 0.000 0.010 9.983 1.042
9.987 0.386 -6.844 14.607 0.000 0.010 9.987 1.042
9.990 0.322 -6.406 43.730 0.000 0.010 9.990 1.042
9.993 0.263 -5.824 58.247 0.000 0.010 9.993 1.042
9.995 0.211 -5.241 58.247 0.000 0.010 9.995 1.042
9.997 0.164 -4.659 58.247 0.000 0.010 9.997 1.042
9.998 0.124 -4.076 58.247 0.000 0.010 9.998 1.042
9.999 0.089 -3.494 58.247 0.000 0.010 9.999 1.042
9.999 0.060 -2.911 58.247 0.000 0.010 9.999 1.042
10.000 0.036 -2.329 58.247 0.000 0.010 10.000 1.042
10.000 0.019 -1.747 58.247 0.000 0.010 10.000 1.042
10.000 0.007 -1.164 58.247 0.000 0.010 10.000 1.042
10.000 0.001 -0.582 58.247 0.000 0.010 10.000 1.042
10.000 0.000 -0.145 43.641 0.000 0.010 10.000 1.042
0.000 0.006 0.582 58.247 0.000 0.010 0.000 -1.042
0.000 0.012 0.582 0.000 0.000 0.010 0.000 -1.042
0.000 0.026 1.456 87.371 0.000 0.010 0.000 -1.042
0.001 0.047 2.039 58.247 0.000 0.010 0.001 -1.042
0.002 0.073 2.621 58.247 0.000 0.010 0.002 -1.042
0.003 0.105 3.204 58.247 0.000 0.010 0.003 -1.042
0.004 0.143 3.786 58.247 0.000 0.010 0.004 -1.042
0.006 0.186 4.369 58.247 0.000 0.010 0.006 -1.042
0.008 0.236 4.951 58.247 0.000 0.010 0.008 -1.042
0.011 0.291 5.533 58.247 0.000 0.010 0.011 -1.042
0.015 0.352 6.116 58.247 0.000 0.010 0.015 -1.042
0.019 0.419 6.698 58.247 0.000 0.010 0.019 -1.042
0.024 0.489 6.990 29.124 0.000 0.010 0.024 -1.042
0.029 0.559 6.990 -0.000 0.000 0.010 0.029 -1.042
0.036 0.629 6.990 0.000 0.000 0.010 0.036 -1.042
0.043 0.699 6.990 0.000 0.000 0.010 0.043 -1.042
0.050 0.769 6.990 -0.000 0.000 0.010 0.050 -1.042
0.059 0.839 6.990 -0.000 0.000 0.010 0.059 -1.042
0.068 0.909 6.990 -0.000 0.000 0.010 0.068 -1.042
0.078 0.979 6.990 0.000 0.000 0.010 0.078 -1.042
0.088 1.048 6.990 -0.000 0.000 0.010 0.088 -1.042
0.099 1.118 6.990 -0.000 0.000 0.010 0.099 -1.042
0.111 1.188 6.990 0.000 0.000 0.010 0.111 -1.042
0.124 1.258 6.990 0.000 0.000 0.010 0.124 -1.042
0.137 1.328 6.990 -0.000 0.000 0.010 0.137 -1.042
0.151 1.398 6.990 0.000 0.000 0.010 0.151 -1.042
0.166 1.468 6.990 0.000 0.000 0.010 0.166 -1.042
0.181 1.538 6.990 -0.000 0.000 0.010 0.181 -1.042
0.197 1.608 6.990 0.000 0.000 0.010 0.197 -1.042
0.214 1.678 6.990 -0.000 0.000 0.010 0.214 -1.042
0.231 1.747 6.990 0.000 0.000 0.010 0.231 -1.042
0.250 1.817 6.990 -0.000 0.000 0.010 0.250 -1.042
0.268 1.887 6.990 0.000 0.000 0.010 0.268 -1.042
0.288 1.957 6.990 -0.000 0.000 0.010 0.288 -1.042
0.308 2.027 6.990 0.000 0.000 0.010 0.308 -1.042
0.329 2.097 6.990 -0.000 0.000 0.010 0.329 -1.042
0.351 2.167 6.990 0.000 0.000 0.010 0.351 -1.042
0.373 2.237 6.990 0.000 0.000 0.010 0.373 -1.042
0.396 2.307 6.990 0.000 0.000 0.010 0.396 -1.042
0.420 2.376 6.990 -0.000 0.000 0.010 0.420 -1.042
0.445 2.446 6.990 0.000 0.000 0.010 0.445 -1.042
0.470 2.516 6.990 0.000 0.000 0.010 0.470 -1.042
0.496 2.586 6.990 -0.000 0.000 0.010 0.496 -1.042
0.522 2.656 6.990 -0.000 0.000 0.010 0.522 -1.042
0.549 2.726 6.990 -0.000 0.000 0.010 0.549 -1.042
0.577 2.796 6.990 0.000 0.000 0.010 0.577 -1.042
0.606 2.866 6.990 -0.000 0.000 0.010 0.606 -1.042
0.635 2.936 6.990 0.000 0.000 0.010 0.635 -1.042
0.665 3.006 6.990 0.000 0.000 0.010 0.665 -1.042
0.696 3.075 6.990 -0.000 0.000 0.010 0.696 -1.042
0.728 3.145 6.990 0.000 0.000 0.010 0.728 -1.042
0.760 3.215 6.990 -0.000 0.000 0.010 0.760 -1.042
0.793 3.285 6.990 0.000 0.000 0.010 0.793 -1.042
0.826 3.355 6.990 0.000 0.000 0.010 0.826 -1.042
0.860 3.425 6.990 -0.000 0.000 0.010 0.860 -1.042
0.895 3.495 6.990 0.000 0.000 0.010 0.895 -1.042
0.931 3.565 6.990 0.000 0.000 0.010 0.931 -1.042
0.967 3.635 6.990 0.000 0.000 0.010 0.967 -1.042
1.004 3.705 6.990 -0.000 0.000 0.010 1.004 -1.042
1.042 3.774 6.990 0.000 0.000 0.010 1.042 -1.042
1.081 3.844 6.990 -0.000 0.000 0.010 1.081 -1.042
1.120 3.914 6.990 0.000 0.000 0.010 1.120 -1.042
1.160 3.984 6.990 -0.000 0.000 0.010 1.160 -1.042
1.200 4.054 6.990 0.000 0.000 0.010 1.200 -1.042
1.241 4.124 6.990 -0.000 0.000 0.010 1.241 -1.042
1.283 4.194 6.990 -0.000 0.000 0.010 1.283 -1.042
1.326 4.264 6.990 0.000 0.000 0.010 1.326 -1.042
1.369 4.334 6.990 0.000 0.000 0.010 1.369 -1.042
1.413 4.403 6.990 -0.000 0.000 0.010 1.413 -1.042
1.458 4.473 6.990 0.000 0.000 0.010 1.458 -1.042
1.504 4.543 6.990 -0.000 0.000 0.010 1.504 -1.042
1.550 4.613 6.990 0.000 0.000 0.010 1.550 -1.042
1.596 4.683 6.990 0.000 0.000 0.010 1.596 -1.042
1.644 4.753 6.990 0.000 0.000 0.010 1.644 -1.042
1.692 4.823 6.990 -0.000 0.000 0.010 1.692 -1.042
1.741 4.893 6.990 0.000 0.000 0.010 1.741 -1.042
1.791 4.963 6.990 0.000 0.000 0.010 1.791 -1.042
1.841 5.033 6.990 -0.000 0.000 0.010 1.841 -1.042
1.892 5.102 6.990 -0.000 0.000 0.010 1.892 -1.042
1.944 5.172 6.990 0.000 0.000 0.010 1.944 -1.042
1.996 5.242 6.990 0.000 0.000 0.010 1.996 -1.042
2.049 5.312 6.990 -0.000 0.000 0.010 2.049 -1.042
2.103 5.382 6.990 0.000 0.000 0.010 2.103 -1.042
2.158 5.452 6.990 -0.000 0.000 0.010 2.158 -1.042
2.213 5.522 6.990 0.000 0.000 0.010 2.213 -1.042
2.269 5.592 6.990 0.000 0.000 0.010 2.269 -1.042
2.326 5.662 6.990 -0.000 0.000 0.010 2.326 -1.042
2.383 5.732 6.990 0.000 0.000 0.010 2.383 -1.042
2.441 5.801 6.990 -0.000 0.000 0.010 2.441 -1.042
2.500 5.871 6.990 0.000 0.000 0.010 2.500 -1.042
2.559 5.941 6.990 -0.000 0.000 0.010 2.559 -1.042
2.619 6.011 6.990 -0.000 0.000 0.010 2.619 -1.042
2.680 6.081 6.990 0.000 0.000 0.010 2.680 -1.042
2.741 6.151 6.990 -0.000 0.000 0.010 2.741 -1.042
2.804 6.221 6.990 0.000 0.000 0.010 2.804 -1.042
2.867 6.291 6.990 -0.000 0.000 0.010 2.867 -1.042
2.930 6.361 6.990 0.000 0.000 0.010 2.930 -1.042
2.994 6.430 6.990 -0.000 0.000 0.010 2.994 -1.042
3.059 6.500 6.990 0.000 0.000 0.010 3.059 -1.042
3.125 6.570 6.990 -0.000 0.000 0.010 3.125 -1.042
3.192 6.640 6.990 -0.000 0.000 0.010 3.192 -1.042
3.259 6.710 6.990 0.000 0.000 0.010 3.259 -1.042
3.326 6.780 6.990 0.000 0.000 0.010 3.326 -1.042
3.395 6.850 6.990 0.000 0.000 0.010 3.395 -1.042
3.464 6.920 6.990 0.000 0.000 0.010 3.464 -1.042
3.534 6.990 6.990 0.000 0.000 0.010 3.534 -1.042
3.605 7.060 6.990 0.000 0.000 0.010 3.605 -1.042
3.676 7.129 6.990 -0.000 0.000 0.010 3.676 -1.042
3.748 7.199 6.990 0.000 0.000 0.010 3.748 -1.042
3.821 7.269 6.990 -0.000 0.000 0.010 3.821 -1.042
3.894 7.339 6.990 0.000 0.000 0.010 3.894 -1.042
3.968 7.409 6.990 0.000 0.000 0.010 3.968 -1.042
4.043 7.479 6.990 -0.000 0.000 0.010 4.043 -1.042
4.118 7.549 6.990 0.000 0.000 0.010 4.118 -1.042
4.195 7.616 6.698 -29.124 0.000 0.010 4.195 -1.042
4.271 7.677 6.116 -58.247 0.000 0.010 4.271 -1.042
4.349 7.732 5.533 -58.247 0.000 0.010 4.349 -1.042
4.426 7.782 4.951 -58.247 0.000 0.010 4.426 -1.042
4.505 7.826 4.369 -58.247 0.000 0.010 4.505 -1.042
4.583 7.863 3.786 -58.247 0.000 0.010 4.583 -1.042
4.662 7.895 3.204 -58.247 0.000 0.010 4.662 -1.042
4.742 7.922 2.621 -58.247 0.000 0.010 4.742 -1.042
4.821 7.942 2.039 -58.247 0.000 0.010 4.821 -1.042
4.900 7.957 1.456 -58.247 0.000 0.010 4.900 -1.042
4.980 7.965 0.874 -58.247 0.000 0.010 4.980 -1.042
5.060 7.967 0.145 -72.854 0.000 0.010 5.060 -1.042
5.139 7.961 -0.583 -72.854 0.000 0.010 5.139 -1.042
5.219 7.949 -1.166 -58.247 0.000 0.010 5.219 -1.042
5.298 7.932 -1.748 -58.247 0.000 0.010 5.298 -1.042
5.377 7.908 -2.331 -58.247 0.000 0.010 5.377 -1.042
5.456 7.879 -2.913 -58.247 0.000 0.010 5.456 -1.042
5.535 7.844 -3.496 -58.247 0.000 0.010 5.535 -1.042
5.613 7.804 -4.078 -58.247 0.000 0.010 5.613 -1.042
5.690 7.757 -4.661 -58.247 0.000 0.010 5.690 -1.042
5.767 7.705 -5.243 -58.247 0.000 0.010 5.767 -1.042
5.844 7.646 -5.826 -58.247 0.000 0.010 5.844 -1.042
5.919 7.582 -6.408 -58.247 0.000 0.010 5.919 -1.042
5.995 7.514 -6.845 -43.641 0.000 0.010 5.995 -1.042
6.069 7.444 -6.990 -14.517 0.000 0.010 6.069 -1.042
6.143 7.374 -6.990 0.000 0.000 0.010 6.143 -1.042
6.216 7.304 -6.990 -0.000 0.000 0.010 6.216 -1.042
6.288 7.234 -6.990 0.000 0.000 0.010 6.288 -1.042
6.360 7.164 -6.990 0.000 0.000 0.010 6.360 -1.042
6.431 7.094 -6.990 -0.000 0.000 0.010 6.431 -1.042
6.501 7.025 -6.990 0.000 0.000 0.010 6.501 -1.042
6.571 6.955 -6.990 0.000 0.000 0.010 6.571 -1.042
6.639 6.885 -6.990 0.000 0.000 0.010 6.639 -1.042
6.708 6.815 -6.990 -0.000 0.000 0.010 6.708 -1.042
6.775 6.745 -6.990 -0.000 0.000 0.010 6.775 -1.042
6.842 6.675 -6.990 0.000 0.000 0.010 6.842 -1.042
6.908 6.605 -6.990 -0.000 0.000 0.010 6.908 -1.042
6.973 6.535 -6.990 -0.000 0.000 0.010 6.973 -1.042
7.038 6.465 -6.990 -0.000 0.000 0.010 7.038 -1.042
7.102 6.395 -6.990 0.000 0.000 0.010 7.102 -1.042
7.165 6.326 -6.990 -0.000 0.000 0.010 7.165 -1.042
7.228 6.256 -6.990 0.000 0.000 0.010 7.228 -1.042
7.289 6.186 -6.990 0.000 0.000 0.010 7.289 -1.042
7.351 6.116 -6.990 -0.000 0.000 0.010 7.351 -1.042
7.411 6.046 -6.990 0.000 0.000 0.010 7.411 -1.042
7.471 5.976 -6.990 0.000 0.000 0.010 7.471 -1.042
7.530 5.906 -6.990 -0.000 0.000 0.010 7.530 -1.042
7.588 5.836 -6.990 0.000 0.000 0.010 7.588 -1.042
7.646 5.766 -6.990 -0.000 0.000 0.010 7.646 -1.042
7.703 5.696 -6.990 0.000 0.000 0.010 7.703 -1.042
7.759 5.627 -6.990 -0.000 0.000 0.010 7.759 -1.042
7.815 5.557 -6.990 0.000 0.000 0.010 7.815 -1.042
7.870 5.487 -6.990 -0.000 0.000 0.010 7.870 -1.042
7.924 5.417 -6.990 0.000 0.000 0.010 7.924 -1.042
7.977 5.347 -6.990 0.000 0.000 0.010 7.977 -1.042
8.030 5.277 -6.990 -0.000 0.000 0.010 8.030 -1.042
8.082 5.207 -6.990 -0.000 0.000 0.010 8.082 -1.042
8.133 5.137 -6.990 0.000 0.000 0.010 8.133 -1.042
8.184 5.067 -6.990 -0.000 0.000 0.010 8.184 -1.042
8.234 4.998 -6.990 0.000 0.000 0.010 8.234 -1.042
8.283 4.928 -6.990 0.000 0.000 0.010 8.283 -1.042
8.332 4.858 -6.990 -0.000 0.000 0.010 8.332 -1.042
8.380 4.788 -6.990 0.000 0.000 0.010 8.380 -1.042
8.427 4.718 -6.990 -0.000 0.000 0.010 8.427 -1.042
8.473 4.648 -6.990 0.000 0.000 0.010 8.473 -1.042
8.519 4.578 -6.990 0.000 0.000 0.010 8.519 -1.042
8.564 4.508 -6.990 0.000 0.000 0.010 8.564 -1.042
8.609 4.438 -6.990 0.000 0.000 0.010 8.609 -1.042
8.652 4.368 -6.990 -0.000 0.000 0.010 8.652 -1.042
8.695 4.299 -6.990 0.000 0.000 0.010 8.695 -1.042
8.738 4.229 -6.990 0.000 0.000 0.010 8.738 -1.042
8.779 4.159 -6.990 -0.000 0.000 0.010 8.779 -1.042
8.820 4.089 -6.990 0.000 0.000 0.010 8.820 -1.042
8.860 4.019 -6.990 -0.000 0.000 0.010 8.860 -1.042
8.900 3.949 -6.990 0.000 0.000 0.010 8.900 -1.042
8.939 3.879 -6.990 0.000 0.000 0.010 8.939 -1.042
8.977 3.809 -6.990 -0.000 0.000 0.010 8.977 -1.042
9.014 3.739 -6.990 0.000 0.000 0.010 9.014 -1.042
9.051 3.669 -6.990 -0.000 0.000 0.010 9.051 -1.042
9.087 3.600 -6.990 0.000 0.000 0.010 9.087 -1.042
9.122 3.530 -6.990 0.000 0.000 0.010 9.122 -1.042
9.157 3.460 -6.990 0.000 0.000 0.010 9.157 -1.042
9.191 3.390 -6.990 -0.000 0.000 0.010 9.191 -1.042
9.224 3.320 -6.990 0.000 0.000 0.010 9.224 -1.042
9.256 3.250 -6.990 0.000 0.000 0.010 9.256 -1.042
9.288 3.180 -6.990 0.000 0.000 0.010 9.288 -1.042
9.319 3.110 -6.990 -0.000 0.000 0.010 9.319 -1.042
9.350 3.040 -6.990 0.000 0.000 0.010 9.350 -1.042
9.379 2.971 -6.990 -0.000 0.000 0.010 9.379 -1.042
9.408 2.901 -6.990 0.000 0.000 0.010 9.408 -1.042
9.437 2.831 -6.990 -0.000 0.000 0.010 9.437 -1.042
9.464 2.761 -6.990 0.000 0.000 0.010 9.464 -1.042
9.491 2.691 -6.990 -0.000 0.000 0.010 9.491 -1.042
9.517 2.621 -6.990 0.000 0.000 0.010 9.517 -1.042
9.543 2.551 -6.990 0.000 0.000 0.010 9.543 -1.042
9.568 2.481 -6.990 0.000 0.000 0.010 9.568 -1.042
9.592 2.411 -6.990 -0.000 0.000 0.010 9.592 -1.042
9.615 2.341 -6.990 0.000 0.000 0.010 9.615 -1.042
9.638 2.272 -6.990 0.000 0.000 0.010 9.638 -1.042
9.660 2.202 -6.990 0.000 0.000 0.010 9.660 -1.042
9.681 2.132 -6.990 0.000 0.000 0.010 9.681 -1.042
9.702 2.062 -6.990 -0.000 0.000 0.010 9.702 -1.042
9.722 1.992 -6.990 0.000 0.000 0.010 9.722 -1.042
9.741 1.922 -6.990 -0.000 0.000 0.010 9.741 -1.042
9.760 1.852 -6.990 0.000 0.000 0.010 9.760 -1.042
9.777 1.782 -6.990 -0.000 0.000 0.010 9.777 -1.042
9.794 1.712 -6.990 0.000 0.000 0.010 9.794 -1.042
9.811 1.642 -6.990 -0.000 0.000 0.010 9.811 -1.042
9.827 1.573 -6.990 0.000 0.000 0.010 9.827 -1.042
9.842 1.503 -6.990 0.000 0.000 0.010 9.842 -1.042
9.856 1.433 -6.990 -0.000 0.000 0.010 9.856 -1.042
9.870 1.363 -6.990 0.000 0.000 0.010 9.870 -1.042
9.883 1.293 -6.990 -0.000 0.000 0.010 9.883 -1.042
9.895 1.223 -6.990 0.000 0.000 0.010 9.895 -1.042
9.906 1.153 -6.990 0.000 0.000 0.010 9.906 -1.042
9.917 1.083 -6.990 0.000 0.000 0.010 9.917 -1.042
9.927 1.013 -6.990 -0.000 0.000 0.010 9.927 -1.042
9.937 0.943 -6.990 0.000 0.000 0.010 9.937 -1.042
9.945 0.874 -6.990 0.000 0.000 0.010 9.945 -1.042
9.953 0.804 -6.990 -0.000 0.000 0.010 9.953 -1.042
9.961 0.734 -6.990 0.000 0.000 0.010 9.961 -1.042
9.967 0.664 -6.990 -0.000 0.000 0.010 9.967 -1.042
9.973 0.594 -6.990 0.000 0.000 0.010 9.973 -1.042
9.979 0.524 -6.990 0.000 0.000 0.010 9.979 -1.042
9.983 0.454 -6.990 0.000 0.000 0.010 9.983 -1.042
9.987 0.386 -6.844 14.607 0.000 0.010 9.987 -1.042
9.990 0.322 -6.406 43.730 0.000 0.010 9.990 -1.042
9.993 0.263 -5.824 58.247 0.000 0.010 9.993 -1.042
9.995 0.211 -5.241 58.247 0.000 0.010 9.995 -1.042
9.997 0.164 -4.659 58.247 0.000 0.010 9.997 -1.042
9.998 0.124 -4.076 58.247 0.000 0.010 9.998 -1.042
9.999 0.089 -3.494 58.247 0.000 0.010 9.999 -1.042
9.999 0.060 -2.911 58.247 0.000 0.010 9.999 -1.042
10.000 0.036 -2.329 58.247 0.000 0.010 10.000 -1.042
10.000 0.019 -1.747 58.247 0.000 0.010 10.000 -1.042
10.000 0.007 -1.164 58.247 0.000 0.010 10.000 -1.042
10.000 0.001 -0.582 58.247 0.000 0.010 10.000 -1.042
10.000 0.000 -0.145 43.641 0.000 0.010 10.000 -1.042
