Turn
285
0.000 0.005 0.541 54.076 6.283 0.010 0.000 1.125
0.000 0.011 0.541 0.002 6.283 0.010 0.000 1.125
0.000 0.024 1.352 81.125 6.283 0.010 0.000 1.125
0.001 0.043 1.893 54.109 6.283 0.010 0.001 1.125
0.001 0.068 2.435 54.152 6.283 0.010 0.001 1.125
0.002 0.097 2.977 54.221 6.283 0.010 0.002 1.125
0.004 0.133 3.520 54.324 6.283 0.010 0.004 1.125
0.006 0.173 4.065 54.467 6.283 0.010 0.006 1.125
0.008 0.219 4.611 54.657 6.283 0.010 0.008 1.125
0.010 0.268 4.889 27.796 6.283 0.010 0.010 1.125
0.014 0.317 4.898 0.894 6.283 0.010 0.014 1.125
0.017 0.366 4.909 1.052 6.283 0.010 0.017 1.125
0.021 0.416 4.921 1.207 6.283 0.010 0.021 1.125
0.026 0.465 4.934 1.359 6.283 0.010 0.026 1.125
0.031 0.514 4.950 1.509 6.283 0.010 0.031 1.125
0.037 0.564 4.966 1.654 6.283 0.010 0.037 1.125
0.043 0.614 4.984 1.796 6.283 0.010 0.043 1.125
0.050 0.664 5.003 1.933 6.283 0.010 0.050 1.125
0.057 0.714 5.024 2.065 6.283 0.010 0.057 1.125
0.064 0.765 5.046 2.192 6.283 0.010 0.064 1.125
0.073 0.815 5.069 2.314 6.283 0.010 0.073 1.125
0.081 0.866 5.093 2.430 6.283 0.010 0.081 1.125
0.090 0.917 5.119 2.539 6.282 0.010 0.090 1.125
0.100 0.969 5.145 2.642 6.282 0.010 0.100 1.125
0.110 1.021 5.173 2.737 6.282 0.010 0.110 1.125
0.121 1.073 5.201 2.825 6.282 0.010 0.121 1.125
0.132 1.125 5.230 2.905 6.282 0.010 0.132 1.125
0.144 1.177 5.260 2.976 6.281 0.010 0.144 1.125
0.156 1.230 5.290 3.039 6.281 0.010 0.156 1.125
0.169 1.284 5.321 3.093 6.280 0.010 0.169 1.125
0.183 1.337 5.352 3.137 6.280 0.010 0.183 1.125
0.196 1.391 5.384 3.172 6.280 0.010 0.196 1.125
0.211 1.445 5.416 3.196 6.279 0.010 0.211 1.125
0.226 1.500 5.448 3.210 6.279 0.010 0.226 1.125
0.241 1.554 5.480 3.213 6.278 0.010 0.241 1.125
0.258 1.610 5.512 3.205 6.277 0.010 0.258 1.124
0.274 1.665 5.544 3.186 6.276 0.010 0.274 1.124
0.291 1.721 5.576 3.155 6.276 0.010 0.291 1.124
0.309 1.777 5.607 3.112 6.275 0.010 0.309 1.124
0.327 1.833 5.637 3.057 6.274 0.010 0.327 1.124
0.346 1.890 5.667 2.990 6.273 0.010 0.346 1.124
0.366 1.947 5.696 2.910 6.272 0.010 0.366 1.124
0.386 2.004 5.725 2.818 6.271 0.010 0.386 1.123
0.406 2.062 5.752 2.713 6.269 0.010 0.406 1.123
0.428 2.119 5.778 2.595 6.268 0.010 0.428 1.123
0.449 2.177 5.802 2.464 6.267 0.010 0.449 1.122
0.472 2.236 5.825 2.321 6.265 0.010 0.472 1.122
0.495 2.294 5.847 2.164 6.264 0.010 0.495 1.122
0.518 2.353 5.867 1.995 6.262 0.010 0.518 1.121
0.542 2.412 5.885 1.814 6.260 0.010 0.542 1.121
0.567 2.471 5.901 1.620 6.258 0.010 0.567 1.120
0.592 2.530 5.916 1.414 6.256 0.010 0.592 1.119
0.618 2.589 5.927 1.196 6.254 0.010 0.618 1.119
0.645 2.648 5.937 0.966 6.252 0.010 0.645 1.118
0.672 2.708 5.944 0.726 6.250 0.010 0.672 1.117
0.700 2.767 5.949 0.475 6.248 0.010 0.699 1.116
0.728 2.827 5.951 0.213 6.245 0.010 0.728 1.115
0.757 2.886 5.951 -0.057 6.243 0.010 0.757 1.114
0.786 2.946 5.947 -0.337 6.240 0.010 0.786 1.113
0.816 3.005 5.941 -0.626 6.237 0.010 0.816 1.111
0.847 3.065 5.932 -0.921 6.235 0.010 0.847 1.110
0.878 3.124 5.920 -1.223 6.232 0.010 0.878 1.108
0.910 3.183 5.904 -1.532 6.229 0.010 0.910 1.107
0.942 3.242 5.886 -1.845 6.226 0.010 0.942 1.105
0.975 3.300 5.864 -2.162 6.223 0.010 0.975 1.103
1.009 3.359 5.839 -2.483 6.219 0.010 1.008 1.101
1.043 3.417 5.811 -2.806 6.216 0.010 1.043 1.098
1.078 3.475 5.780 -3.129 6.213 0.010 1.077 1.096
1.113 3.532 5.746 -3.453 6.209 0.010 1.112 1.094
1.149 3.589 5.708 -3.776 6.205 0.010 1.148 1.091
1.185 3.646 5.667 -4.096 6.202 0.010 1.185 1.088
1.223 3.702 5.623 -4.414 6.198 0.010 1.221 1.085
1.260 3.758 5.575 -4.727 6.194 0.010 1.259 1.082
1.298 3.813 5.525 -5.035 6.191 0.010 1.297 1.078
1.337 3.868 5.472 -5.337 6.187 0.010 1.335 1.074
1.376 3.922 5.415 -5.631 6.183 0.010 1.374 1.071
1.416 3.975 5.356 -5.918 6.179 0.010 1.414 1.067
1.456 4.028 5.294 -6.196 6.175 0.010 1.454 1.062
1.497 4.081 5.230 -6.464 6.171 0.010 1.495 1.058
1.538 4.132 5.162 -6.722 6.167 0.010 1.536 1.053
1.580 4.183 5.093 -6.969 6.163 0.010 1.577 1.048
1.622 4.233 5.021 -7.206 6.158 0.010 1.619 1.043
1.665 4.283 4.946 -7.430 6.154 0.010 1.662 1.038
1.709 4.332 4.870 -7.644 6.150 0.010 1.705 1.032
1.752 4.380 4.791 -7.845 6.146 0.010 1.748 1.026
1.797 4.427 4.711 -8.036 6.142 0.010 1.792 1.020
1.841 4.473 4.629 -8.215 6.138 0.010 1.836 1.013
1.887 4.518 4.545 -8.383 6.134 0.010 1.881 1.007
1.932 4.563 4.460 -8.541 6.130 0.010 1.926 1.000
1.978 4.607 4.373 -8.689 6.126 0.010 1.971 0.993
2.025 4.650 4.285 -8.828 6.122 0.010 2.017 0.985
2.072 4.692 4.195 -8.959 6.118 0.010 2.064 0.978
2.119 4.733 4.104 -9.084 6.114 0.010 2.110 0.970
2.167 4.773 4.012 -9.202 6.111 0.010 2.157 0.962
2.215 4.812 3.919 -9.317 6.107 0.010 2.205 0.954
2.263 4.850 3.825 -9.429 6.104 0.010 2.252 0.945
2.312 4.887 3.729 -9.540 6.100 0.010 2.300 0.936
2.361 4.924 3.633 -9.652 6.097 0.010 2.349 0.927
2.411 4.959 3.535 -9.766 6.094 0.010 2.398 0.918
2.461 4.993 3.436 -9.884 6.091 0.010 2.447 0.908
2.511 5.027 3.336 -10.009 6.088 0.010 2.496 0.899
2.562 5.059 3.235 -10.142 6.085 0.010 2.546 0.889
2.613 5.090 3.132 -10.286 6.082 0.010 2.595 0.879
2.664 5.121 3.027 -10.443 6.080 0.010 2.646 0.868
2.715 5.150 2.921 -10.616 6.077 0.010 2.696 0.858
2.767 5.178 2.813 -10.806 6.075 0.010 2.747 0.847
2.819 5.205 2.703 -11.017 6.073 0.010 2.798 0.836
2.872 5.231 2.591 -11.251 6.072 0.010 2.849 0.826
2.924 5.256 2.475 -11.511 6.070 0.010 2.900 0.814
2.977 5.279 2.357 -11.799 6.069 0.010 2.952 0.803
3.030 5.302 2.236 -12.119 6.068 0.010 3.004 0.792
3.083 5.323 2.112 -12.472 6.067 0.010 3.056 0.781
3.137 5.343 1.983 -12.863 6.066 0.010 3.108 0.769
3.190 5.361 1.850 -13.294 6.066 0.010 3.160 0.758
3.244 5.378 1.712 -13.768 6.066 0.010 3.213 0.746
3.298 5.394 1.569 -14.288 6.066 0.010 3.265 0.734
3.352 5.408 1.421 -14.858 6.067 0.010 3.318 0.723
3.406 5.421 1.266 -15.480 6.068 0.010 3.371 0.711
3.461 5.432 1.104 -16.158 6.069 0.010 3.424 0.700
3.515 5.441 0.935 -16.894 6.071 0.010 3.477 0.688
3.569 5.449 0.759 -17.691 6.073 0.010 3.531 0.677
3.624 5.455 0.573 -18.551 6.075 0.010 3.584 0.665
3.679 5.458 0.378 -19.478 6.078 0.010 3.637 0.654
3.733 5.460 0.174 -20.472 6.081 0.010 3.691 0.643
3.788 5.460 -0.042 -21.535 6.085 0.010 3.744 0.632
3.842 5.457 -0.268 -22.666 6.089 0.010 3.798 0.621
3.897 5.452 -0.507 -23.865 6.093 0.010 3.851 0.611
3.951 5.444 -0.758 -25.129 6.098 0.010 3.905 0.601
4.006 5.434 -1.023 -26.453 6.104 0.010 3.958 0.591
4.060 5.421 -1.301 -27.832 6.110 0.010 4.012 0.582
4.114 5.405 -1.594 -29.253 6.117 0.010 4.065 0.572
4.168 5.386 -1.901 -30.705 6.124 0.010 4.118 0.564
4.221 5.364 -2.223 -32.168 6.132 0.010 4.171 0.555
4.275 5.338 -2.559 -33.619 6.140 0.010 4.224 0.548
4.328 5.307 -3.133 -57.475 6.150 0.010 4.276 0.540
4.381 5.268 -3.930 -79.671 6.160 0.010 4.329 0.533
4.433 5.221 -4.712 -78.191 6.170 0.010 4.381 0.527
4.484 5.166 -5.475 -76.304 6.182 0.010 4.432 0.522
4.535 5.104 -6.215 -73.949 6.194 0.010 4.483 0.517
4.586 5.034 -6.925 -71.060 6.207 0.010 4.533 0.513
4.635 4.958 -7.601 -67.575 6.221 0.010 4.582 0.509
4.684 4.875 -8.338 -73.746 6.235 0.010 4.631 0.507
4.732 4.783 -9.216 -87.782 6.251 0.010 4.679 0.505
4.779 4.684 -9.916 -69.940 6.267 0.010 4.726 0.504
4.825 4.580 -10.347 -43.121 0.001 0.010 4.771 0.503
4.869 4.473 -10.707 -36.019 0.018 0.010 4.816 0.504
4.913 4.363 -10.990 -28.277 0.037 0.010 4.860 0.505
4.955 4.251 -11.190 -19.984 0.056 0.010 4.902 0.507
4.997 4.138 -11.302 -11.270 0.076 0.010 4.944 0.509
5.037 4.025 -11.325 -2.307 0.096 0.010 4.984 0.513
5.076 3.913 -11.173 15.280 0.117 0.010 5.023 0.517
5.114 3.806 -10.775 39.758 0.139 0.010 5.060 0.522
5.151 3.703 -10.234 54.067 0.161 0.010 5.097 0.527
5.187 3.607 -9.638 59.641 0.183 0.010 5.132 0.534
5.223 3.517 -8.990 64.749 0.206 0.010 5.167 0.540
5.257 3.434 -8.298 69.225 0.229 0.010 5.201 0.548
5.291 3.358 -7.569 72.914 0.253 0.010 5.233 0.556
5.323 3.290 -6.812 75.680 0.276 0.010 5.265 0.564
5.356 3.230 -6.038 77.418 0.300 0.010 5.296 0.574
5.387 3.177 -5.257 78.057 0.323 0.010 5.326 0.583
5.419 3.132 -4.482 77.570 0.347 0.010 5.356 0.594
5.450 3.095 -3.722 75.968 0.371 0.010 5.385 0.605
5.480 3.065 -2.989 73.309 0.394 0.010 5.413 0.616
5.511 3.042 -2.292 69.687 0.417 0.010 5.441 0.628
5.541 3.026 -1.640 65.225 0.440 0.010 5.469 0.641
5.571 3.016 -1.039 60.074 0.462 0.010 5.496 0.654
5.601 3.011 -0.495 54.397 0.484 0.010 5.523 0.667
5.631 3.011 -0.012 48.361 0.506 0.010 5.549 0.682
5.662 3.015 0.410 42.132 0.527 0.010 5.575 0.697
5.692 3.022 0.768 35.863 0.548 0.010 5.601 0.712
5.722 3.033 1.065 29.693 0.568 0.010 5.627 0.728
5.753 3.046 1.303 23.738 0.588 0.010 5.652 0.745
5.783 3.061 1.484 18.093 0.607 0.010 5.678 0.762
5.814 3.077 1.612 12.831 0.625 0.010 5.703 0.780
5.845 3.094 1.692 8.002 0.643 0.010 5.728 0.798
5.876 3.111 1.728 3.636 0.661 0.010 5.752 0.817
5.907 3.128 1.726 -0.254 0.677 0.010 5.777 0.836
5.939 3.145 1.689 -3.669 0.694 0.010 5.801 0.856
5.970 3.162 1.623 -6.623 0.709 0.010 5.825 0.877
6.002 3.177 1.531 -9.139 0.724 0.010 5.849 0.898
6.034 3.191 1.419 -11.245 0.739 0.010 5.873 0.919
6.066 3.204 1.289 -12.974 0.753 0.010 5.897 0.941
6.098 3.215 1.146 -14.361 0.766 0.010 5.920 0.963
6.131 3.225 0.991 -15.441 0.779 0.010 5.943 0.985
6.163 3.234 0.829 -16.251 0.791 0.010 5.966 1.008
6.195 3.240 0.661 -16.823 0.803 0.010 5.989 1.031
6.228 3.245 0.489 -17.190 0.814 0.010 6.011 1.055
6.260 3.248 0.315 -17.381 0.825 0.010 6.033 1.079
6.293 3.250 0.141 -17.423 0.836 0.010 6.055 1.103
6.325 3.249 -0.033 -17.341 0.846 0.010 6.077 1.127
6.358 3.247 -0.204 -17.156 0.855 0.010 6.098 1.151
6.390 3.244 -0.373 -16.887 0.865 0.010 6.119 1.176
6.422 3.238 -0.539 -16.551 0.874 0.010 6.140 1.201
6.455 3.231 -0.700 -16.163 0.882 0.010 6.161 1.225
6.487 3.223 -0.858 -15.734 0.890 0.010 6.181 1.250
6.519 3.212 -1.010 -15.276 0.898 0.010 6.201 1.275
6.551 3.201 -1.158 -14.798 0.905 0.010 6.221 1.301
6.583 3.188 -1.302 -14.308 0.913 0.010 6.241 1.326
6.615 3.173 -1.440 -13.810 0.919 0.010 6.260 1.351
6.646 3.158 -1.573 -13.312 0.926 0.010 6.279 1.376
6.678 3.141 -1.701 -12.817 0.932 0.010 6.298 1.401
6.709 3.122 -1.824 -12.329 0.938 0.010 6.317 1.426
6.740 3.103 -1.943 -11.850 0.944 0.010 6.335 1.451
6.771 3.083 -2.057 -11.382 0.949 0.010 6.353 1.476
6.801 3.061 -2.166 -10.928 0.955 0.010 6.371 1.501
6.832 3.038 -2.271 -10.488 0.960 0.010 6.388 1.526
6.862 3.014 -2.371 -10.063 0.964 0.010 6.405 1.551
6.892 2.990 -2.468 -9.655 0.969 0.010 6.422 1.575
6.922 2.964 -2.560 -9.262 0.973 0.010 6.439 1.600
6.951 2.938 -2.649 -8.886 0.977 0.010 6.456 1.624
6.980 2.910 -2.735 -8.526 0.981 0.010 6.472 1.648
7.009 2.882 -2.816 -8.182 0.985 0.010 6.488 1.672
7.037 2.853 -2.895 -7.854 0.989 0.010 6.503 1.696
7.066 2.823 -2.970 -7.542 0.992 0.010 6.519 1.720
7.094 2.793 -3.043 -7.244 0.996 0.010 6.534 1.743
7.121 2.762 -3.112 -6.961 0.999 0.010 6.549 1.766
7.148 2.730 -3.179 -6.693 1.002 0.010 6.564 1.789
7.175 2.698 -3.244 -6.437 1.004 0.010 6.578 1.812
7.202 2.665 -3.306 -6.195 1.007 0.010 6.593 1.835
7.228 2.631 -3.365 -5.965 1.010 0.010 6.607 1.857
7.254 2.597 -3.423 -5.746 1.012 0.010 6.621 1.879
7.280 2.562 -3.478 -5.539 1.014 0.010 6.634 1.901
7.305 2.527 -3.532 -5.343 1.017 0.010 6.647 1.922
7.330 2.491 -3.583 -5.157 1.019 0.010 6.660 1.943
7.355 2.455 -3.633 -4.980 1.021 0.010 6.673 1.964
7.379 2.418 -3.681 -4.813 1.023 0.010 6.686 1.985
7.403 2.380 -3.728 -4.654 1.024 0.010 6.698 2.005
7.426 2.343 -3.773 -4.503 1.026 0.010 6.711 2.025
7.449 2.305 -3.816 -4.360 1.028 0.010 6.722 2.045
7.472 2.266 -3.859 -4.224 1.029 0.010 6.734 2.064
7.494 2.227 -3.899 -4.094 1.030 0.010 6.746 2.083
7.516 2.188 -3.939 -3.970 1.032 0.010 6.757 2.102
7.537 2.148 -3.978 -3.853 1.033 0.010 6.768 2.121
7.558 2.108 -4.015 -3.740 1.034 0.010 6.779 2.139
7.579 2.067 -4.051 -3.633 1.035 0.010 6.789 2.157
7.599 2.026 -4.087 -3.530 1.036 0.010 6.800 2.174
7.619 1.985 -4.121 -3.432 1.037 0.010 6.810 2.191
7.639 1.943 -4.154 -3.337 1.038 0.010 6.820 2.208
7.658 1.902 -4.187 -3.246 1.039 0.010 6.829 2.224
7.676 1.859 -4.218 -3.158 1.040 0.010 6.839 2.240
7.694 1.817 -4.249 -3.073 1.040 0.010 6.848 2.256
7.712 1.774 -4.279 -2.991 1.041 0.010 6.857 2.271
7.730 1.731 -4.308 -2.911 1.042 0.010 6.865 2.286
7.746 1.688 -4.337 -2.833 1.042 0.010 6.874 2.301
7.763 1.644 -4.364 -2.756 1.043 0.010 6.882 2.315
7.779 1.600 -4.391 -2.682 1.043 0.010 6.890 2.329
7.794 1.556 -4.417 -2.608 1.044 0.010 6.898 2.342
7.810 1.512 -4.442 -2.536 1.044 0.010 6.906 2.355
7.824 1.467 -4.467 -2.465 1.044 0.010 6.913 2.368
7.838 1.422 -4.491 -2.394 1.045 0.010 6.920 2.380
7.852 1.377 -4.514 -2.324 1.045 0.010 6.927 2.392
7.865 1.331 -4.537 -2.254 1.045 0.010 6.934 2.404
7.878 1.286 -4.559 -2.184 1.046 0.010 6.940 2.415
7.891 1.240 -4.580 -2.114 1.046 0.010 6.947 2.426
7.903 1.194 -4.600 -2.044 1.046 0.010 6.953 2.436
7.914 1.148 -4.620 -1.974 1.046 0.010 6.958 2.446
7.925 1.102 -4.639 -1.904 1.046 0.010 6.964 2.455
7.936 1.055 -4.657 -1.833 1.047 0.010 6.969 2.464
7.946 1.008 -4.675 -1.761 1.047 0.010 6.974 2.473
7.955 0.961 -4.692 -1.689 1.047 0.010 6.979 2.481
7.965 0.914 -4.708 -1.616 1.047 0.010 6.984 2.489
7.973 0.867 -4.723 -1.542 1.047 0.010 6.988 2.497
7.981 0.820 -4.738 -1.468 1.047 0.010 6.992 2.504
7.989 0.772 -4.752 -1.393 1.047 0.010 6.996 2.511
7.996 0.724 -4.765 -1.316 1.047 0.010 6.999 2.517
8.003 0.677 -4.777 -1.239 1.047 0.010 7.003 2.523
8.009 0.629 -4.789 -1.161 1.047 0.010 7.006 2.528
8.015 0.581 -4.800 -1.083 1.047 0.010 7.009 2.533
8.021 0.533 -4.810 -1.003 1.047 0.010 7.012 2.538
8.025 0.484 -4.819 -0.923 1.047 0.010 7.014 2.542
8.030 0.436 -4.828 -0.841 1.047 0.010 7.016 2.546
8.034 0.388 -4.835 -0.759 1.047 0.010 7.018 2.549
8.037 0.339 -4.842 -0.677 1.047 0.010 7.020 2.552
8.040 0.291 -4.848 -0.593 1.047 0.010 7.021 2.555
8.042 0.242 -4.853 -0.510 1.047 0.010 7.022 2.557
8.044 0.195 -4.718 13.483 1.047 0.010 7.023 2.558
8.046 0.152 -4.312 40.605 1.047 0.010 7.024 2.560
8.047 0.114 -3.774 53.826 1.047 0.010 7.025 2.561
8.048 0.082 -3.235 53.913 1.047 0.010 7.025 2.562
8.048 0.055 -2.695 53.976 1.047 0.010 7.025 2.562
8.049 0.034 -2.155 54.021 1.047 0.010 7.026 2.562
8.049 0.017 -1.614 54.049 1.047 0.010 7.026 2.562
8.049 0.007 -1.074 54.066 1.047 0.010 7.026 2.562
8.049 0.001 -0.533 54.074 1.047 0.010 7.026 2.562
8.049 0.000 -0.131 40.160 1.047 0.010 7.026 2.562
0.000 0.005 0.541 54.076 6.283 0.010 0.000 -1.125
0.000 0.011 0.541 -0.002 6.283 0.010 0.000 -1.125
0.000 0.024 1.352 81.104 6.283 0.010 0.000 -1.125
0.001 0.043 1.892 54.044 6.283 0.010 0.001 -1.125
0.001 0.068 2.432 54.001 6.283 0.010 0.001 -1.125
0.002 0.097 2.972 53.932 6.283 0.010 0.002 -1.125
0.004 0.132 3.510 53.829 6.283 0.010 0.004 -1.125
0.006 0.173 4.047 53.685 6.283 0.010 0.006 -1.125
0.008 0.219 4.582 53.496 6.283 0.010 0.008 -1.125
0.010 0.267 4.844 26.280 6.283 0.010 0.010 -1.125
0.014 0.315 4.835 -0.894 6.283 0.010 0.014 -1.125
0.017 0.364 4.825 -1.052 6.283 0.010 0.017 -1.125
0.021 0.412 4.813 -1.207 6.283 0.010 0.021 -1.125
0.026 0.460 4.799 -1.359 6.283 0.010 0.026 -1.125
0.031 0.508 4.784 -1.509 6.283 0.010 0.031 -1.125
0.037 0.555 4.768 -1.654 6.283 0.010 0.037 -1.125
0.043 0.603 4.750 -1.796 6.283 0.010 0.043 -1.125
0.049 0.650 4.730 -1.933 6.283 0.010 0.049 -1.125
0.056 0.697 4.710 -2.065 6.283 0.010 0.056 -1.125
0.063 0.744 4.688 -2.192 6.283 0.010 0.063 -1.125
0.071 0.791 4.665 -2.314 6.283 0.010 0.071 -1.125
0.080 0.837 4.640 -2.430 6.283 0.010 0.080 -1.125
0.089 0.883 4.615 -2.539 6.282 0.010 0.089 -1.125
0.098 0.929 4.589 -2.642 6.282 0.010 0.098 -1.125
0.108 0.975 4.561 -2.737 6.282 0.010 0.108 -1.125
0.118 1.020 4.533 -2.825 6.282 0.010 0.118 -1.125
0.128 1.065 4.504 -2.905 6.282 0.010 0.128 -1.125
0.140 1.110 4.474 -2.976 6.281 0.010 0.140 -1.125
0.151 1.154 4.444 -3.039 6.281 0.010 0.151 -1.125
0.163 1.199 4.413 -3.093 6.280 0.010 0.163 -1.125
0.176 1.242 4.381 -3.137 6.280 0.010 0.176 -1.125
0.188 1.286 4.350 -3.172 6.280 0.010 0.188 -1.125
0.202 1.329 4.318 -3.196 6.279 0.010 0.202 -1.125
0.215 1.372 4.286 -3.210 6.279 0.010 0.215 -1.125
0.230 1.414 4.254 -3.213 6.278 0.010 0.230 -1.125
0.244 1.457 4.221 -3.206 6.277 0.010 0.244 -1.125
0.259 1.499 4.190 -3.186 6.276 0.010 0.259 -1.126
0.274 1.540 4.158 -3.155 6.276 0.010 0.274 -1.126
0.290 1.581 4.127 -3.112 6.275 0.010 0.290 -1.126
0.307 1.622 4.096 -3.057 6.274 0.010 0.307 -1.126
0.323 1.663 4.066 -2.990 6.273 0.010 0.323 -1.126
0.340 1.703 4.037 -2.910 6.272 0.010 0.340 -1.126
0.358 1.743 4.009 -2.818 6.271 0.010 0.358 -1.127
0.375 1.783 3.982 -2.713 6.269 0.010 0.375 -1.127
0.394 1.823 3.956 -2.595 6.268 0.010 0.394 -1.127
0.412 1.862 3.931 -2.464 6.267 0.010 0.412 -1.127
0.431 1.901 3.908 -2.321 6.265 0.010 0.431 -1.128
0.451 1.940 3.887 -2.164 6.264 0.010 0.451 -1.128
0.470 1.979 3.867 -1.995 6.262 0.010 0.470 -1.128
0.491 2.017 3.849 -1.814 6.260 0.010 0.491 -1.129
0.511 2.056 3.832 -1.620 6.258 0.010 0.511 -1.129
0.532 2.094 3.818 -1.414 6.256 0.010 0.532 -1.130
0.553 2.132 3.806 -1.196 6.254 0.010 0.553 -1.130
0.575 2.170 3.797 -0.966 6.252 0.010 0.575 -1.131
0.597 2.208 3.789 -0.726 6.250 0.010 0.597 -1.132
0.620 2.246 3.785 -0.475 6.248 0.010 0.620 -1.133
0.643 2.283 3.782 -0.213 6.245 0.010 0.642 -1.133
0.666 2.321 3.783 0.057 6.243 0.010 0.666 -1.134
0.689 2.359 3.786 0.337 6.240 0.010 0.689 -1.135
0.713 2.397 3.793 0.625 6.237 0.010 0.713 -1.136
0.738 2.435 3.802 0.921 6.235 0.010 0.737 -1.138
0.762 2.473 3.814 1.223 6.232 0.010 0.762 -1.139
0.788 2.511 3.829 1.532 6.229 0.010 0.787 -1.140
0.813 2.550 3.848 1.845 6.226 0.010 0.813 -1.142
0.839 2.589 3.869 2.162 6.223 0.010 0.839 -1.143
0.865 2.628 3.894 2.483 6.219 0.010 0.865 -1.145
0.892 2.667 3.922 2.806 6.216 0.010 0.891 -1.146
0.919 2.706 3.954 3.129 6.213 0.010 0.918 -1.148
0.946 2.746 3.988 3.453 6.209 0.010 0.946 -1.150
0.974 2.786 4.026 3.776 6.205 0.010 0.974 -1.152
1.002 2.827 4.067 4.096 6.202 0.010 1.002 -1.155
1.031 2.868 4.111 4.414 6.198 0.010 1.030 -1.157
1.060 2.910 4.158 4.727 6.194 0.010 1.059 -1.160
1.090 2.952 4.209 5.035 6.191 0.010 1.089 -1.162
1.120 2.995 4.262 5.336 6.187 0.010 1.119 -1.165
1.150 3.038 4.318 5.631 6.183 0.010 1.149 -1.168
1.181 3.081 4.378 5.918 6.179 0.010 1.179 -1.171
1.212 3.126 4.439 6.195 6.175 0.010 1.210 -1.175
1.244 3.171 4.504 6.464 6.171 0.010 1.242 -1.178
1.276 3.217 4.571 6.722 6.167 0.010 1.274 -1.182
1.309 3.263 4.641 6.969 6.163 0.010 1.306 -1.186
1.342 3.310 4.713 7.206 6.158 0.010 1.339 -1.190
1.375 3.358 4.787 7.431 6.154 0.010 1.373 -1.194
1.409 3.407 4.864 7.644 6.150 0.010 1.406 -1.198
1.444 3.456 4.942 7.846 6.146 0.010 1.441 -1.203
1.479 3.506 5.023 8.036 6.142 0.010 1.475 -1.208
1.515 3.557 5.105 8.215 6.138 0.010 1.510 -1.213
1.551 3.609 5.189 8.383 6.134 0.010 1.546 -1.218
1.587 3.662 5.274 8.541 6.130 0.010 1.582 -1.224
1.625 3.716 5.361 8.689 6.126 0.010 1.619 -1.229
1.662 3.770 5.449 8.828 6.122 0.010 1.656 -1.235
1.700 3.825 5.539 8.959 6.118 0.010 1.694 -1.242
1.739 3.882 5.630 9.084 6.114 0.010 1.732 -1.248
1.779 3.939 5.722 9.203 6.111 0.010 1.771 -1.255
1.819 3.997 5.815 9.317 6.107 0.010 1.811 -1.262
1.859 4.056 5.909 9.429 6.104 0.010 1.850 -1.269
1.900 4.116 6.005 9.540 6.100 0.010 1.891 -1.276
1.942 4.177 6.101 9.652 6.097 0.010 1.932 -1.284
1.985 4.239 6.199 9.766 6.094 0.010 1.974 -1.292
2.028 4.302 6.298 9.884 6.091 0.010 2.016 -1.300
2.071 4.366 6.398 10.009 6.088 0.010 2.059 -1.308
2.116 4.431 6.499 10.142 6.085 0.010 2.102 -1.317
2.161 4.497 6.602 10.286 6.082 0.010 2.146 -1.326
2.206 4.564 6.706 10.443 6.080 0.010 2.191 -1.335
2.252 4.632 6.812 10.616 6.077 0.010 2.236 -1.345
2.299 4.702 6.921 10.807 6.075 0.010 2.282 -1.354
2.347 4.772 7.031 11.017 6.073 0.010 2.329 -1.364
2.396 4.843 7.143 11.251 6.072 0.010 2.376 -1.374
2.445 4.916 7.258 11.511 6.070 0.010 2.424 -1.385
2.495 4.990 7.376 11.799 6.069 0.010 2.473 -1.395
2.545 5.065 7.498 12.118 6.068 0.010 2.523 -1.406
2.597 5.141 7.622 12.472 6.067 0.010 2.573 -1.417
2.649 5.218 7.751 12.863 6.066 0.010 2.624 -1.428
2.702 5.297 7.884 13.293 6.066 0.010 2.676 -1.440
2.756 5.377 8.021 13.767 6.066 0.010 2.728 -1.451
2.810 5.459 8.164 14.288 6.066 0.010 2.781 -1.463
2.866 5.542 8.313 14.857 6.067 0.010 2.836 -1.475
2.922 5.627 8.468 15.479 6.068 0.010 2.891 -1.487
2.979 5.713 8.629 16.156 6.069 0.010 2.946 -1.499
3.037 5.801 8.798 16.892 6.071 0.010 3.003 -1.511
3.096 5.891 8.975 17.689 6.073 0.010 3.061 -1.524
3.156 5.983 9.161 18.550 6.075 0.010 3.119 -1.536
3.217 6.076 9.355 19.476 6.078 0.010 3.179 -1.549
3.278 6.172 9.560 20.470 6.081 0.010 3.239 -1.561
3.341 6.269 9.775 21.532 6.085 0.010 3.301 -1.574
3.405 6.369 10.002 22.663 6.089 0.010 3.363 -1.586
3.469 6.472 10.241 23.862 6.093 0.010 3.427 -1.598
3.535 6.577 10.492 25.125 6.098 0.010 3.491 -1.611
3.602 6.684 10.756 26.449 6.104 0.010 3.557 -1.623
3.670 6.795 11.035 27.827 6.110 0.010 3.624 -1.635
3.739 6.908 11.327 29.248 6.117 0.010 3.692 -1.646
3.809 7.024 11.634 30.699 6.124 0.010 3.761 -1.658
3.881 7.144 11.956 32.161 6.132 0.010 3.832 -1.669
3.953 7.267 12.292 33.611 6.140 0.010 3.904 -1.680
4.027 7.390 12.326 3.390 6.150 0.010 3.977 -1.690
4.102 7.510 12.041 -28.489 6.160 0.010 4.051 -1.699
4.179 7.628 11.741 -29.970 6.170 0.010 4.127 -1.708
4.256 7.742 11.423 -31.857 6.182 0.010 4.204 -1.717
4.335 7.853 11.080 -34.213 6.194 0.010 4.282 -1.724
4.414 7.960 10.709 -37.101 6.207 0.010 4.362 -1.731
4.495 8.063 10.304 -40.586 6.221 0.010 4.442 -1.736
4.576 8.160 9.681 -62.245 6.235 0.010 4.523 -1.741
4.659 8.246 8.658 -102.283 6.251 0.010 4.606 -1.744
4.742 8.324 7.735 -92.293 6.267 0.010 4.689 -1.746
4.826 8.395 7.085 -65.035 0.001 0.010 4.773 -1.747
4.911 8.458 6.364 -72.135 0.018 0.010 4.858 -1.746
4.996 8.514 5.565 -79.875 0.037 0.010 4.943 -1.744
5.081 8.561 4.683 -88.166 0.056 0.010 5.028 -1.740
5.167 8.598 3.715 -96.876 0.076 0.010 5.114 -1.734
5.254 8.624 2.656 -105.836 0.096 0.010 5.200 -1.727
5.340 8.641 1.700 -95.592 0.117 0.010 5.286 -1.717
5.427 8.652 1.040 -65.994 0.139 0.010 5.372 -1.706
5.513 8.657 0.500 -54.057 0.161 0.010 5.457 -1.693
5.600 8.656 -0.097 -59.630 0.183 0.010 5.543 -1.679
5.686 8.648 -0.744 -64.736 0.206 0.010 5.627 -1.662
5.773 8.634 -1.436 -69.211 0.229 0.010 5.712 -1.643
5.859 8.612 -2.165 -72.899 0.253 0.010 5.795 -1.623
5.945 8.583 -2.922 -75.664 0.276 0.010 5.878 -1.600
6.030 8.546 -3.696 -77.402 0.300 0.010 5.960 -1.576
6.115 8.502 -4.476 -78.041 0.323 0.010 6.041 -1.550
6.200 8.449 -5.252 -77.554 0.347 0.010 6.121 -1.522
6.283 8.389 -6.011 -75.953 0.371 0.010 6.199 -1.493
6.367 8.321 -6.744 -73.296 0.394 0.010 6.277 -1.462
6.449 8.247 -7.441 -69.674 0.417 0.010 6.352 -1.429
6.531 8.166 -8.093 -65.214 0.440 0.010 6.427 -1.395
6.612 8.079 -8.694 -60.065 0.462 0.010 6.499 -1.360
6.691 7.987 -9.238 -54.389 0.484 0.010 6.570 -1.324
6.770 7.890 -9.721 -48.356 0.506 0.010 6.640 -1.286
6.848 7.788 -10.142 -42.128 0.527 0.010 6.708 -1.248
6.925 7.683 -10.501 -35.861 0.548 0.010 6.774 -1.208
7.001 7.575 -10.798 -29.692 0.568 0.010 6.838 -1.168
7.075 7.465 -11.035 -23.738 0.588 0.010 6.900 -1.127
7.149 7.353 -11.216 -18.095 0.607 0.010 6.961 -1.086
7.221 7.239 -11.345 -12.833 0.625 0.010 7.020 -1.044
7.293 7.125 -11.425 -8.005 0.643 0.010 7.078 -1.002
7.363 7.010 -11.461 -3.640 0.661 0.010 7.133 -0.959
7.432 6.896 -11.459 0.249 0.677 0.010 7.187 -0.917
7.499 6.782 -11.422 3.664 0.694 0.010 7.240 -0.874
7.566 6.668 -11.356 6.619 0.709 0.010 7.291 -0.831
7.632 6.555 -11.264 9.134 0.724 0.010 7.340 -0.788
7.696 6.444 -11.152 11.240 0.739 0.010 7.388 -0.745
7.759 6.334 -11.022 12.969 0.753 0.010 7.435 -0.702
7.822 6.225 -10.879 14.355 0.766 0.010 7.480 -0.659
7.883 6.118 -10.724 15.437 0.779 0.010 7.524 -0.616
7.943 6.012 -10.562 16.246 0.791 0.010 7.566 -0.574
8.002 5.908 -10.394 16.819 0.803 0.010 7.607 -0.531
8.060 5.806 -10.222 17.185 0.814 0.010 7.648 -0.489
8.117 5.705 -10.048 17.377 0.825 0.010 7.686 -0.448
8.173 5.607 -9.874 17.419 0.836 0.010 7.724 -0.406
8.228 5.510 -9.701 17.338 0.846 0.010 7.761 -0.365
8.283 5.414 -9.529 17.153 0.855 0.010 7.797 -0.324
8.336 5.321 -9.360 16.884 0.865 0.010 7.831 -0.284
8.388 5.229 -9.195 16.549 0.874 0.010 7.865 -0.244
8.439 5.138 -9.033 16.160 0.882 0.010 7.898 -0.205
8.490 5.050 -8.876 15.732 0.890 0.010 7.930 -0.165
8.540 4.962 -8.723 15.274 0.898 0.010 7.961 -0.127
8.588 4.877 -8.575 14.797 0.905 0.010 7.991 -0.089
8.636 4.792 -8.432 14.306 0.913 0.010 8.021 -0.051
8.683 4.709 -8.294 13.809 0.919 0.010 8.049 -0.013
8.730 4.628 -8.161 13.310 0.926 0.010 8.077 0.023
8.775 4.547 -8.033 12.816 0.932 0.010 8.105 0.060
8.820 4.468 -7.909 12.327 0.938 0.010 8.131 0.096
8.864 4.390 -7.791 11.848 0.944 0.010 8.157 0.131
8.907 4.314 -7.677 11.381 0.949 0.010 8.182 0.166
8.949 4.238 -7.568 10.926 0.955 0.010 8.207 0.201
8.991 4.163 -7.463 10.487 0.960 0.010 8.231 0.235
9.032 4.090 -7.362 10.062 0.964 0.010 8.254 0.268
9.072 4.017 -7.266 9.653 0.969 0.010 8.277 0.302
9.111 3.945 -7.173 9.261 0.973 0.010 8.299 0.334
9.150 3.875 -7.084 8.885 0.977 0.010 8.321 0.366
9.188 3.805 -6.999 8.525 0.981 0.010 8.342 0.398
9.225 3.735 -6.917 8.182 0.985 0.010 8.363 0.429
9.262 3.667 -6.839 7.854 0.989 0.010 8.383 0.459
9.298 3.599 -6.763 7.541 0.992 0.010 8.403 0.490
9.333 3.532 -6.691 7.244 0.996 0.010 8.422 0.519
9.368 3.466 -6.621 6.961 0.999 0.010 8.441 0.548
9.402 3.401 -6.554 6.692 1.002 0.010 8.459 0.577
9.435 3.336 -6.490 6.437 1.004 0.010 8.477 0.605
9.468 3.272 -6.428 6.194 1.007 0.010 8.495 0.633
9.500 3.208 -6.368 5.964 1.010 0.010 8.512 0.660
9.532 3.145 -6.311 5.746 1.012 0.010 8.529 0.686
9.563 3.082 -6.256 5.539 1.014 0.010 8.545 0.713
9.593 3.020 -6.202 5.343 1.017 0.010 8.561 0.738
9.622 2.959 -6.151 5.157 1.019 0.010 8.576 0.763
9.651 2.898 -6.101 4.980 1.021 0.010 8.591 0.788
9.680 2.837 -6.053 4.813 1.023 0.010 8.606 0.812
9.707 2.777 -6.006 4.654 1.024 0.010 8.621 0.836
9.735 2.717 -5.961 4.503 1.026 0.010 8.635 0.859
9.761 2.658 -5.917 4.360 1.028 0.010 8.649 0.882
9.787 2.600 -5.875 4.223 1.029 0.010 8.662 0.904
9.813 2.541 -5.834 4.094 1.030 0.010 8.675 0.926
9.837 2.483 -5.795 3.970 1.032 0.010 8.688 0.947
9.862 2.426 -5.756 3.852 1.033 0.010 8.700 0.968
9.885 2.368 -5.719 3.740 1.034 0.010 8.712 0.989
9.908 2.312 -5.682 3.633 1.035 0.010 8.724 1.008
9.931 2.255 -5.647 3.530 1.036 0.010 8.736 1.028
9.953 2.199 -5.613 3.432 1.037 0.010 8.747 1.047
9.974 2.143 -5.579 3.337 1.038 0.010 8.758 1.065
9.995 2.088 -5.547 3.246 1.039 0.010 8.768 1.083
10.016 2.033 -5.515 3.158 1.040 0.010 8.779 1.101
10.035 1.978 -5.485 3.073 1.040 0.010 8.789 1.118
10.055 1.923 -5.455 2.991 1.041 0.010 8.798 1.134
10.073 1.869 -5.426 2.911 1.042 0.010 8.808 1.150
10.092 1.815 -5.397 2.832 1.042 0.010 8.817 1.166
10.109 1.761 -5.370 2.756 1.043 0.010 8.826 1.181
10.126 1.708 -5.343 2.682 1.043 0.010 8.834 1.196
10.143 1.655 -5.317 2.608 1.044 0.010 8.843 1.210
10.159 1.602 -5.291 2.536 1.044 0.010 8.851 1.224
10.174 1.549 -5.267 2.464 1.044 0.010 8.859 1.238
10.189 1.497 -5.243 2.394 1.045 0.010 8.866 1.251
10.204 1.445 -5.220 2.323 1.045 0.010 8.873 1.263
10.218 1.393 -5.197 2.254 1.045 0.010 8.880 1.275
10.231 1.341 -5.175 2.184 1.046 0.010 8.887 1.287
10.244 1.289 -5.154 2.114 1.046 0.010 8.894 1.298
10.256 1.238 -5.134 2.044 1.046 0.010 8.900 1.309
10.268 1.187 -5.114 1.974 1.046 0.010 8.906 1.319
10.280 1.136 -5.095 1.904 1.046 0.010 8.911 1.329
10.290 1.085 -5.077 1.833 1.047 0.010 8.917 1.338
10.301 1.034 -5.059 1.761 1.047 0.010 8.922 1.347
10.311 0.984 -5.042 1.689 1.047 0.010 8.927 1.356
10.320 0.934 -5.026 1.616 1.047 0.010 8.932 1.364
10.329 0.884 -5.010 1.542 1.047 0.010 8.936 1.371
10.337 0.834 -4.996 1.468 1.047 0.010 8.940 1.379
10.345 0.784 -4.982 1.393 1.047 0.010 8.944 1.385
10.352 0.734 -4.969 1.316 1.047 0.010 8.948 1.392
10.359 0.685 -4.956 1.239 1.047 0.010 8.951 1.398
10.365 0.635 -4.945 1.161 1.047 0.010 8.954 1.403
10.371 0.586 -4.934 1.083 1.047 0.010 8.957 1.408
10.377 0.537 -4.924 1.003 1.047 0.010 8.960 1.413
10.382 0.487 -4.915 0.923 1.047 0.010 8.962 1.417
10.386 0.438 -4.906 0.841 1.047 0.010 8.965 1.421
10.390 0.389 -4.899 0.759 1.047 0.010 8.967 1.424
10.393 0.341 -4.892 0.677 1.047 0.010 8.968 1.427
10.396 0.292 -4.886 0.593 1.047 0.010 8.970 1.430
10.399 0.243 -4.881 0.510 1.047 0.010 8.971 1.432
10.401 0.195 -4.737 14.349 1.047 0.010 8.972 1.433
10.402 0.152 -4.324 41.302 1.047 0.010 8.973 1.435
10.403 0.114 -3.781 54.326 1.047 0.010 8.973 1.436
10.404 0.082 -3.239 54.240 1.047 0.010 8.974 1.437
10.405 0.055 -2.697 54.176 1.047 0.010 8.974 1.437
10.405 0.034 -2.156 54.132 1.047 0.010 8.974 1.437
10.405 0.017 -1.614 54.103 1.047 0.010 8.974 1.437
10.405 0.007 -1.074 54.087 1.047 0.010 8.974 1.437
10.405 0.001 -0.533 54.079 1.047 0.010 8.974 1.438
10.405 0.000 -0.131 40.161 1.047 0.010 8.974 1.438
